0 Sticker Minifig Vest with Crown on Dark Pink Background
0 Name: 003238e.dat
0 Author: J.C. Tchang [tchang]
0 !LICENSE Licensed under CC BY 4.0 : see CAreadme.txt
0 BFC CERTIFY CCW
0 !KEYWORDS Castle, part 3840, set 375-2, set 6075-2
1 16 0 0 0 1 0 0 0 1 0 0 0 1 s\3238s02.dat
1 5 11 -0.25 -16 2 0 0 0 1 0 0 0 -2 1-4disc.dat
1 5 -11 -0.25 -16 -2 0 0 0 1 0 0 0 -2 1-4disc.dat
4 5 -11 -0.25 -18 11 -0.25 -18 11 -0.25 -16 -11 -0.25 -16
4 5 8.7 -0.25 8 13 -0.25 17 -13 -0.25 17 -8.7 -0.25 8
4 5 13 -0.25 -16 13 -0.25 17 8.7 -0.25 8 8.7 -0.25 -7.12
4 5 -8.7 -0.25 -7.12 -8.7 -0.25 8 -13 -0.25 17 -13 -0.25 -16
4 5 -11 -0.25 -16 11 -0.25 -16 8.7 -0.25 -7.12 -8.7 -0.25 -7.12
3 5 -13 -0.25 -16 -11 -0.25 -16 -8.7 -0.25 -7.12
3 5 13 -0.25 -16 8.7 -0.25 -7.12 11 -0.25 -16
1 8 0 -0.25 -4 0.06 0 0 0 1 0 0 0 0.06 s\003238s1.dat
1 5 0 -0.25 -4 0.06 0 0 0 1 0 0 0 0.06 s\003238s2.dat
1 8 0 -0.25 -4 -0.06 0 0 0 1 0 0 0 0.06 s\003238s1.dat
1 5 0 -0.25 -4 -0.06 0 0 0 1 0 0 0 0.06 s\003238s2.dat
