0 Sticker Minifig Torso with Shell Logo 1971
0 Name: 004695c.dat
0 Author: J.C. Tchang [tchang]
0 !LICENSE Licensed under CC BY 4.0 : see CAreadme.txt
0 BFC CERTIFY CCW
0 !KEYWORDS Bricklink 377.1stk01, Brickowl 327282, Rebrickable 4695, Set 377
1 16 -8.5 0 11 0 0 -4 0 -1 0 4 0 0 3-16chrd.dat
1 16 8.5 0 11 0 0 4 0 -1 0 4 0 0 3-16chrd.dat
4 16 -12.1956 0 12.5308 -8.5 0 15 8.5 0 15 12.1956 0 12.5308
4 16 12.1956 0 12.5308 18 0 -15 -18 0 -15 -12.1956 0 12.5308
1 16 -8.5 0 11 0 0 -4 0 -0.25 0 4 0 0 3-16cyli.dat
1 16 8.5 0 11 0 0 4 0 -0.25 0 4 0 0 3-16cyli.dat
4 16 8.5 0 15 -8.5 0 15 -8.5 -0.25 15 8.5 -0.25 15
4 16 12.1956 -0.25 12.5308 18 -0.25 -15 18 0 -15 12.1956 0 12.5308
4 16 -12.1956 0 12.5308 -18 0 -15 -18 -0.25 -15 -12.1956 -0.25 12.5308
4 16 18 -0.25 -15 -18 -0.25 -15 -18 0 -15 18 0 -15
1 16 0 -.25 0 .75 0 0 0 1 0 0 0 .75 logo-shell-1971.dat
1 15 0 -.25 0 .75 0 0 0 1 0 0 0 .75 logo-shell-1971-outerbox.dat
1 15 -8.5 -0.25 11 0 0 -4 0 1 0 4 0 0 3-16chrd.dat
1 15 8.5 -0.25 11 0 0 4 0 1 0 4 0 0 3-16chrd.dat
4 15 12.1956 -0.25 12.5308 -12.1956 -0.25 12.5308 -8.625 -0.25 7.875 0 -0.25 7.875
4 15 8.625 -.25 -7.875 18 -.25 -15 12.1956 -.25 12.5308 8.625 -.25 -1.7925
4 15 18 -0.25 -15 8.625 -0.25 -7.875 0 -0.25 -7.875 -18 -0.25 -15
3 15 0 -0.25 -7.875 -8.625 -0.25 -7.875 -18 -0.25 -15
3 15 12.1956 -0.25 12.5308 0 -0.25 7.875 8.625 -0.25 7.875
3 15 12.1956 -.25 12.5308 8.625 -.25 7.875 8.625 -.25 -1.7925
3 15 -8.625 -.25 -1.7925 -18 -.25 -15 -8.625 -.25 -7.875
4 15 -18 -.25 -15 -8.625 -.25 -1.7925 -8.625 -.25 7.875 -12.1956 -.25 12.5308
4 15 -8.5 -0.25 15 -12.1956 -0.25 12.5308 12.1956 -0.25 12.5308 8.5 -0.25 15
5 24 12.1956 0 12.5308 12.1956 -0.25 12.5308 18 -0.25 -15 11.3284 0 13.8284
5 24 -12.1956 -0.25 12.5308 -12.1956 0 12.5308 -18 0 -15 -11.3284 0 13.8284
