0 Cylinder Helical Cylinder 0.25
0 Name: 1-4cylih.dat
0 Author: Magnus Forsberg [MagFors]
0 !LDRAW_ORG Unofficial_Primitive
0 !LICENSE Redistributable under CCAL version 2.0 : see CAreadme.txt

0 BFC CERTIFY CCW

4 16 .9239 -.75 .3827 1 -1 0 1 0 0 .9239 .25 .3827
4 16 .7071 -.5 .7071 .9239 -.75 .3827 .9239 .25 .3827 .7071 .5 .7071
4 16 .3827 -.25 .9239 .7071 -.5 .7071 .7071 .5 .7071 .3827 .75 .9239
4 16 0 0 1 .3827 -.25 .9239 .3827 .75 .9239 0 1 1
5 24 1 0 0 1 -1 0 .9239 .25 .3827 1 -.5 -1
5 24 .9239 .25 .3827 .9239 -.75 .3827 1 0 0 .7071 .5 .7071
5 24 .7071 .5 .7071 .7071 -.5 .7071 .9239 .25 .3827 .3827 .75 .9239
5 24 .3827 .75 .9239 .3827 -.25 .9239 .7071 .5 .7071 0 1 1
5 24 0 1 1 0 0 1 .3827 .75 .9239 -1 1.5 1
