0 Cylinder 0.25
0 Name: 1-4cyli.dat
0 Author: James Jessiman
0 !LICENSE Licensed under CC BY 4.0 : see CAreadme.txt
0 BFC CERTIFY CCW
4 16 1 1 0 0.9239 1 0.3827 0.9239 0 0.3827 1 0 0
5 24 1 0 0 1 1 0 0.9239 0 0.3827 1 0 -1
4 16 0.9239 1 0.3827 0.7071 1 0.7071 0.7071 0 0.7071 0.9239 0 0.3827
5 24 0.9239 0 0.3827 0.9239 1 0.3827 0.7071 0 0.7071 1 0 0
4 16 0.7071 1 0.7071 0.3827 1 0.9239 0.3827 0 0.9239 0.7071 0 0.7071
5 24 0.7071 0 0.7071 0.7071 1 0.7071 0.3827 0 0.9239 0.9239 0 0.3827
4 16 0.3827 1 0.9239 0 1 1 0 0 1 0.3827 0 0.9239
5 24 0.3827 0 0.9239 0.3827 1 0.9239 0 0 1 0.7071 0 0.7071
5 24 0 0 1 0 1 1 0.3827 0 0.9239 -1 0 1
