0 Cylinder Sloped 0.25 Convex
0 Name: 1-4cyls2.dat
0 Author: Chris Dee [cwdee]
0 !LICENSE Licensed under CC BY 4.0 : see CAreadme.txt
0 BFC CERTIFY CCW
3 16 -0.3827 0.3827 0.9239 -0.3827 0 0.9239 0 0 1
4 16 -0.3827 0.3827 0.9239 -0.7071 0.7071 0.7071 -0.7071 0 0.7071 -0.3827 0 0.9239
4 16 -0.7071 0.7071 0.7071 -0.9239 0.9239 0.3827 -0.9239 0 0.3827 -0.7071 0 0.7071
4 16 -0.9239 0.9239 0.3827 -1 1 0 -1 0 0 -0.9239 0 0.3827
5 24 -0.3827 0 0.9239 -0.3827 0.3827 0.9239 -0.7071 0 0.7071 0 0 1
5 24 -0.7071 0 0.7071 -0.7071 0.7071 0.7071 -0.9239 0 0.3827 -0.3827 0 0.9239
5 24 -0.9239 0 0.3827 -0.9239 0.9239 0.3827 -1 0 0 -0.7071 0 0.7071
5 24 -1 0 0 -1 1 0 -1 0 -1 -0.9239 0 0.3827
