0 Sticker  0.6 x  1.5 with White Train Logo
0 Name: 164575g.dat
0 Author: Max Martin Richter [MMR1988]
0 !LICENSE Licensed under CC BY 4.0 : see CAreadme.txt
0 BFC CERTIFY CCW
0 !KEYWORDS railway, set 4563
1 16 0 -0.25 0 1.25 0 0 0 0 1 0 1.25 0 s\4865p01b.dat
1 15 0 -0.25 0 1.25 0 0 0 0 1 0 1.25 0 s\4865p01c.dat
1 16 0 -0.25 0 14.5 0 0 0 0.25 0 0 0 6.25 box5-12.dat
4 16 -14.5 -0.25 6.25 -12.5 -0.25 5 12.5 -0.25 5 14.5 -0.25 6.25
4 16 14.5 -0.25 -6.25 12.5 -0.25 -5 -12.5 -0.25 -5 -14.5 -0.25 -6.25
4 16 14.5 -0.25 6.25 12.5 -0.25 5 12.5 -0.25 -5 14.5 -0.25 -6.25
4 16 -14.5 -0.25 -6.25 -12.5 -0.25 -5 -12.5 -0.25 5 -14.5 -0.25 6.25
