0 Sticker  0.9 x  2.0 with Black, Yellow and Light Grey Stripes on White Background with Reflection Areas with Black Border 
0 Name: 168365e.dat
0 Author: Max Martin Richter [MMR1988]
0 !LDRAW_ORG Unofficial_Part
0 !LICENSE Redistributable under CCAL version 2.0 : see CAreadme.txt

0 BFC CERTIFY CCW

0 !KEYWORDS Set 8858-1, Headlight

1 16 0 -0.25 0 19.6 0 0 0 0.25 0 0 0 8.8 box5-12.dat

4 15 -18.25 -0.25 -6.68 -18.0069 -0.25 -7.2569 -17.42 -0.25 -7.5 -16.47264 -0.25 -6.33285
4 15 -17.42 -0.25 7.5 -18.0069 -0.25 7.2569 -18.25 -0.25 6.67 -16.3411 -0.25 5.94862
4 15 18.25 -0.25 6.65 18.0069 -0.25 7.2569 17.42 -0.25 7.5 16.34842 -0.25 6.13954
4 15 17.42 -0.25 -7.5 18.0069 -0.25 -7.2569 18.25 -0.25 -6.67 17.03756 -0.25 -4.80714
3 0 -19.6 -0.25 8.8 -18.0069 -0.25 7.2569 -17.42 -0.25 7.5
3 0 -19.6 -0.25 8.8 -18.25 -0.25 6.67 -18.0069 -0.25 7.2569
4 0 -18.25 -0.25 6.67 -19.6 -0.25 8.8 -19.6 -0.25 -8.8 -18.25 -0.25 -6.68
3 0 -18.25 -0.25 -6.68 -19.6 -0.25 -8.8 -18.0069 -0.25 -7.2569
3 0 -18.0069 -0.25 -7.2569 -19.6 -0.25 -8.8 -17.42 -0.25 -7.5
3 0 18.0069 -0.25 -7.2569 17.42 -0.25 -7.5 19.6 -0.25 -8.8
3 0 18.25 -0.25 -6.67 18.0069 -0.25 -7.2569 19.6 -0.25 -8.8
4 0 18.25 -0.25 6.65 18.25 -0.25 -6.67 19.6 -0.25 -8.8 19.6 -0.25 8.8
3 0 19.6 -0.25 8.8 18.0069 -0.25 7.2569 18.25 -0.25 6.65
3 0 19.6 -0.25 8.8 17.42 -0.25 7.5 18.0069 -0.25 7.2569
4 7 -16.3411 -0.25 5.94862 -16.431 -0.25 5.6 -16.3516 -0.25 5.2921 -16.08509 -0.25 6.24417
4 7 -15.70195 -0.25 6.44165 -16.08509 -0.25 6.24417 -16.3516 -0.25 5.2921 -13.75 -0.25 6.5
3 7 -13.75 -0.25 6.5 -16.3516 -0.25 5.2921 -13.75 -0.25 4.72887
4 15 -14.15 -0.25 2.1 -15.4693 -0.25 2.67823 -15.4693 -0.25 1.52177 -15.15975 -0.25 1.03156
4 15 -14.15 -0.25 2.1 -15.15975 -0.25 1.03156 -14.69647 -0.25 0.70402 -14.15 -0.25 0.589
4 15 -14.15 -0.25 2.1 -14.15 -0.25 0.589 -13.60353 -0.25 0.70402 -13.14025 -0.25 1.03156
4 15 -14.15 -0.25 2.1 -13.14025 -0.25 1.03156 -12.8307 -0.25 1.52177 -12.722 -0.25 2.1
4 15 -14.15 -0.25 2.1 -12.722 -0.25 2.1 -12.8307 -0.25 2.67823 -13.14025 -0.25 3.16844
4 15 -14.15 -0.25 2.1 -13.14025 -0.25 3.16844 -13.60353 -0.25 3.49598 -14.15 -0.25 3.611
4 15 -14.15 -0.25 2.1 -14.15 -0.25 3.611 -14.69647 -0.25 3.49598 -15.15975 -0.25 3.16844
3 15 -15.15975 -0.25 3.16844 -15.4693 -0.25 2.67823 -14.15 -0.25 2.1
4 14 -17.28519 -0.25 -4.75 -16.93125 -0.25 -4.75 -16.65 -0.25 -4.67347 -17.46504 -0.25 -4.2644
4 14 -17.55 -0.25 -2.93333 -17.46504 -0.25 -4.2644 -16.65 -0.25 -4.67347 -17.55 -0.25 3.2
4 14 -17.36915 -0.25 4.23989 -17.55 -0.25 3.2 -16.65 -0.25 -4.67347 -17.22727 -0.25 4.5
3 14 -16.65 -0.25 4.5 -17.22727 -0.25 4.5 -16.65 -0.25 -4.67347
4 14 -15.9 -0.25 -4.57784 -12.3 -0.25 -3.79845 -14.15 -0.25 0.589 -14.69647 -0.25 0.70402
3 14 -15.15975 -0.25 1.03156 -15.9 -0.25 -4.57784 -14.69647 -0.25 0.70402
3 14 -15.4693 -0.25 1.52177 -15.9 -0.25 -4.57784 -15.15975 -0.25 1.03156
4 14 -15.9 -0.25 -4.57784 -15.4693 -0.25 1.52177 -15.4693 -0.25 2.67823 -15.9 -0.25 4.37784
3 14 -15.9 -0.25 4.37784 -15.4693 -0.25 2.67823 -15.15975 -0.25 3.16844
3 14 -15.9 -0.25 4.37784 -15.15975 -0.25 3.16844 -14.69647 -0.25 3.49598
3 14 -15.9 -0.25 4.37784 -14.69647 -0.25 3.49598 -14.15 -0.25 3.611
4 14 -15.9 -0.25 4.37784 -14.15 -0.25 3.611 -13.60353 -0.25 3.49598 -12.3 -0.25 3.59845
3 14 -12.3 -0.25 3.59845 -13.60353 -0.25 3.49598 -13.14025 -0.25 3.16844
3 14 -12.3 -0.25 3.59845 -13.14025 -0.25 3.16844 -12.8307 -0.25 2.67823
3 14 -12.3 -0.25 3.59845 -12.8307 -0.25 2.67823 -12.722 -0.25 2.1
4 14 -12.3 -0.25 3.59845 -12.722 -0.25 2.1 -12.8307 -0.25 1.52177 -12.3 -0.25 -3.79845
3 14 -13.60353 -0.25 0.70402 -14.15 -0.25 0.589 -12.3 -0.25 -3.79845
3 14 -13.14025 -0.25 1.03156 -13.60353 -0.25 0.70402 -12.3 -0.25 -3.79845
3 14 -12.8307 -0.25 1.52177 -13.14025 -0.25 1.03156 -12.3 -0.25 -3.79845
4 7 -12.9 -0.25 6.5 -12.9 -0.25 4.54485 -10.59163 -0.25 4.0451 -10.01436 -0.25 4.90588
4 7 -9.7 -0.25 6.5 -12.9 -0.25 6.5 -10.01436 -0.25 4.90588 -9.7 -0.25 5.11515
4 7 -8.85 -0.25 6.5 -8.85 -0.25 5.63309 -7.7 -0.25 5.861 -6.5 -0.25 6.5
3 7 -6.5 -0.25 6.5 -7.7 -0.25 5.861 -6.44748 -0.25 5.61277
4 7 -5.65 -0.25 6.5 -5.65 -0.25 5.08187 -5.38564 -0.25 4.90588 -2.95 -0.25 6.5
3 7 -2.95 -0.25 6.5 -5.38564 -0.25 4.90588 -4.67614 -0.25 3.84793
4 7 -2.95 -0.25 6.5 -4.67614 -0.25 3.84793 -4.58672 -0.25 3.4 -2.95 -0.25 3.4
3 14 -11.55 -0.25 3.43608 -10.973 -0.25 2.6 -10.8369 -0.25 3.2817
4 14 -11.55 -0.25 -3.63608 -11.25508 -0.25 -3.57223 -8.1 -0.25 -1.88785 -8.1 -0.25 -0.58173
3 14 -8.95252 -0.25 -0.41277 -11.55 -0.25 -3.63608 -8.1 -0.25 -0.58173
4 14 -10.973 -0.25 2.6 -11.55 -0.25 3.43608 -11.55 -0.25 -3.63608 -10.72386 -0.25 1.35207
3 14 -10.72386 -0.25 1.35207 -11.55 -0.25 -3.63608 -10.01436 -0.25 0.29412
3 14 -10.01436 -0.25 0.29412 -11.55 -0.25 -3.63608 -8.95252 -0.25 -0.41277
4 14 -7.25 -0.25 -0.57182 -7.25 -0.25 -1.43406 -5.9 -0.25 -0.71335 -6.44748 -0.25 -0.41277
3 14 -5.9 -0.25 -0.0483 -6.44748 -0.25 -0.41277 -5.9 -0.25 -0.71335
4 14 -5.05 -0.25 0.7946 -5.05 -0.25 -0.25956 -3.6 -0.25 0.51454 -4.67614 -0.25 1.35207
4 14 -4.67614 -0.25 1.35207 -3.6 -0.25 0.51454 -3.6 -0.25 2.5 -4.44696 -0.25 2.5
4 14 -2.75 -0.25 2.5 -2.66 -0.25 0.99 -1.95 -0.25 1.39542 -1.95 -0.25 2.5
4 14 -1.1 -0.25 2.5 -1.1 -0.25 1.8492 -0.25 -0.25 2.30299 -0.25 -0.25 2.5
4 7 2.55 -0.25 6.5 -2.1 -0.25 6.5 -2.1 -0.25 3.4 1.3875 -0.25 3.4
4 7 2.55 -0.25 6.5 1.3875 -0.25 3.4 1.8375 -0.25 3.49474 2.12857 -0.25 3.67857
3 7 2.55 -0.25 6.5 2.12857 -0.25 3.67857 2.6 -0.25 4.15
4 7 6.05 -0.25 5.2 6.05 -0.25 6.5 3.4 -0.25 6.5 3.4 -0.25 5.2
4 7 9.35 -0.25 5.10464 9.35 -0.25 6.5 6.9 -0.25 6.5 9.17843 -0.25 5.15
3 7 6.9 -0.25 6.5 7.5 -0.25 5.2 9.17843 -0.25 5.15
3 7 6.9 -0.25 6.5 6.9 -0.25 5.2 7.5 -0.25 5.2
4 7 13.45 -0.25 4.68557 13.45 -0.25 6.5 10.2 -0.25 6.5 10.95211 -0.25 4.14479
3 7 10.2 -0.25 6.5 10.87781 -0.25 4.34048 10.95211 -0.25 4.14479
3 7 10.2 -0.25 6.5 10.347 -0.25 4.84107 10.87781 -0.25 4.34048
3 7 10.2 -0.25 6.5 10.2 -0.25 4.87993 10.347 -0.25 4.84107
4 7 14.3 -0.25 4.86959 16.59996 -0.25 5.36752 16.5472 -0.25 5.73142 16.34842 -0.25 6.13954
4 7 14.3 -0.25 4.86959 16.34842 -0.25 6.13954 16.05092 -0.25 6.41224 15.7 -0.25 6.5
3 7 15.7 -0.25 6.5 14.3 -0.25 6.5 14.3 -0.25 4.86959
4 14 3.05 -0.25 -2.69 3.05 -0.25 -1.79048 2.25 -0.25 -2.2381 2.25 -0.25 -2.698
4 14 5.3 -0.25 -1.9251 5.3 -0.25 -0.53155 3.9 -0.25 -1.31488 3.9 -0.25 -2.64447
4 14 6.15 -0.25 -0.05595 6.15 -0.25 -1.48834 7.4 -0.25 -0.84605 7.4 -0.25 0.64345
3 14 9.08333 -0.25 1.66333 8.25 -0.25 1.11905 8.25 -0.25 -0.40929
3 14 9.81339 -0.25 2.28388 9.08333 -0.25 1.66333 8.25 -0.25 -0.40929
4 14 10.38974 -0.25 2.9024 9.81339 -0.25 2.28388 8.25 -0.25 -0.40929 11.7 -0.25 3.39021
3 14 11.7 -0.25 3.39021 8.25 -0.25 -0.40929 11.7 -0.25 1.36344
3 14 11.7 -0.25 3.39021 10.54635 -0.25 3.14045 10.38974 -0.25 2.9024
4 14 16.02887 -0.25 4.2615 15.9646 -0.25 4.31347 12.55 -0.25 3.57423 16.126 -0.25 3.95
4 14 15.97887 -0.25 3.6885 16.126 -0.25 3.95 12.55 -0.25 3.57423 15.71394 -0.25 3.42594
3 14 12.55 -0.25 3.57423 12.55 -0.25 1.8002 15.71394 -0.25 3.42594
4 14 10.9 -0.25 -3.30582 10.9 -0.25 -3.45219 11.68 -0.25 -3.62439 11.68 -0.25 -2.87444
4 14 16.08 -0.25 -4.59574 16.08 -0.25 -0.44103 12.6 -0.25 -2.36564 12.63 -0.25 -3.83
4 14 17.34257 -0.25 -4.04485 17.46 -0.25 0.56814 17.29035 -0.25 0.37184 17.12453 -0.25 -4.73104
4 14 17.03756 -0.25 -4.80714 17.12453 -0.25 -4.73104 17.29035 -0.25 0.37184 16.91 -0.25 -4.77898
3 14 17.29035 -0.25 0.37184 16.91 -0.25 0.05 16.91 -0.25 -4.77898
4 0 14.14 -0.25 -4.99719 14.14 -0.25 -6.6 15.83178 -0.25 -6.6 16.14725 -0.25 -6.32051
4 0 14.14 -0.25 -4.99719 16.14725 -0.25 -6.32051 16.5 -0.25 -5.85857 16.5 -0.25 -5.592
3 0 14.14 -0.25 -4.99719 16.5 -0.25 -5.592 16.32109 -0.25 -5.47869
4 0 13.22 -0.25 -4.79409 10.1 -0.25 -4.10531 10.1 -0.25 -5.05105 11.49941 -0.25 -5.34245
3 0 13.22 -0.25 -4.79409 11.49941 -0.25 -5.34245 11.91176 -0.25 -5.36018
4 0 13.22 -0.25 -4.79409 11.91176 -0.25 -5.36018 11.83418 -0.25 -6.07507 13.22 -0.25 -6.6
4 0 10.1 -0.25 -6.6 13.22 -0.25 -6.6 11.83418 -0.25 -6.07507 10.1 -0.25 -6.07793
4 0 9.18 -0.25 -4.19909 8.89 -0.25 -4.23 8.59673 -0.25 -4.45245 8.59931 -0.25 -4.55314
4 0 9.18 -0.25 -4.19909 8.59931 -0.25 -4.55314 8.87105 -0.25 -4.79515 9.18 -0.25 -4.85949
4 0 9.18 -0.25 -6.6 9.18 -0.25 -6.07945 6.71 -0.25 -6.08352 6.71 -0.25 -6.6
4 0 5.79 -0.25 -6.6 5.79 -0.25 -6.08504 3.26 -0.25 -6.08921 3.26 -0.25 -6.6
3 0 2.23689 -0.25 -5.80974 2.34 -0.25 -6.6 2.34 -0.25 -5.82551
3 0 1.7256 -0.25 -5.54701 2.34 -0.25 -6.6 2.23689 -0.25 -5.80974
4 0 2.34 -0.25 -6.6 1.7256 -0.25 -5.54701 1.4986 -0.25 -5.28575 -2.24 -0.25 -6.6
4 0 -2.24 -0.25 -4.74651 -2.24 -0.25 -6.6 1.4986 -0.25 -5.28575 -1.71654 -0.25 -4.26063
4 0 -1.71654 -0.25 -4.26063 1.4986 -0.25 -5.28575 1.49087 -0.25 -4.10315 -1.14767 -0.25 -3.9462
4 0 -0.19525 -0.25 -3.56 -1.14767 -0.25 -3.9462 1.49087 -0.25 -4.10315 1.7256 -0.25 -3.83299
4 0 1.95582 -0.25 -3.56 -0.19525 -0.25 -3.56 1.7256 -0.25 -3.83299 1.95113 -0.25 -3.7171
4 0 -5.78 -0.25 -5.84 -5.78 -0.25 -6.6 -3.16 -0.25 -6.6 -3.16 -0.25 -5.84
4 0 -9.05 -0.25 -5.84 -9.05 -0.25 -6.6 -6.7 -0.25 -6.6 -6.7 -0.25 -5.84
4 0 -13.13 -0.25 -6.6 -9.97 -0.25 -6.6 -9.97 -0.25 -5.84 -13.13 -0.25 -5.84
4 0 -15.859 -0.25 -6.6 -14.05 -0.25 -6.6 -14.05 -0.25 -4.99381 -16.33568 -0.25 -6.45219
4 0 -16.47264 -0.25 -6.33285 -16.33568 -0.25 -6.45219 -14.05 -0.25 -4.99381 -16.71 -0.25 -5.95353
3 0 -14.05 -0.25 -4.99381 -16.71 -0.25 -5.56969 -16.71 -0.25 -5.95353
4 0 19.6 -0.25 8.8 -19.6 -0.25 8.8 -17.42 -0.25 7.5 17.42 -0.25 7.5
4 0 -19.6 -0.25 -8.8 19.6 -0.25 -8.8 17.42 -0.25 -7.5 -17.42 -0.25 -7.5
3 15 -18.25 -0.25 6.67 -16.431 -0.25 5.6 -16.3411 -0.25 5.94862
3 15 -17.42 -0.25 7.5 -16.3411 -0.25 5.94862 -16.08509 -0.25 6.24417
3 15 -17.42 -0.25 7.5 -16.08509 -0.25 6.24417 -15.70195 -0.25 6.44165
3 15 -17.42 -0.25 7.5 -15.70195 -0.25 6.44165 -13.75 -0.25 6.5
3 15 -17.42 -0.25 7.5 -13.75 -0.25 6.5 -12.9 -0.25 6.5
3 15 -17.42 -0.25 7.5 -12.9 -0.25 6.5 -9.7 -0.25 6.5
3 15 -17.42 -0.25 7.5 -9.7 -0.25 6.5 -8.85 -0.25 6.5
3 15 -17.42 -0.25 7.5 -8.85 -0.25 6.5 -6.5 -0.25 6.5
3 15 -17.42 -0.25 7.5 -6.5 -0.25 6.5 -5.65 -0.25 6.5
3 15 -17.42 -0.25 7.5 -5.65 -0.25 6.5 -2.95 -0.25 6.5
3 15 -17.42 -0.25 7.5 -2.95 -0.25 6.5 -2.1 -0.25 6.5
3 15 -17.42 -0.25 7.5 -2.1 -0.25 6.5 2.55 -0.25 6.5
3 15 -17.42 -0.25 7.5 2.55 -0.25 6.5 3.4 -0.25 6.5
3 15 -17.42 -0.25 7.5 3.4 -0.25 6.5 6.05 -0.25 6.5
4 15 -17.42 -0.25 7.5 6.05 -0.25 6.5 6.9 -0.25 6.5 17.42 -0.25 7.5
3 15 17.42 -0.25 7.5 6.9 -0.25 6.5 9.35 -0.25 6.5
3 15 17.42 -0.25 7.5 9.35 -0.25 6.5 10.2 -0.25 6.5
3 15 17.42 -0.25 7.5 10.2 -0.25 6.5 13.45 -0.25 6.5
3 15 17.42 -0.25 7.5 13.45 -0.25 6.5 14.3 -0.25 6.5
3 15 17.42 -0.25 7.5 14.3 -0.25 6.5 15.7 -0.25 6.5
3 15 17.42 -0.25 7.5 15.7 -0.25 6.5 16.05092 -0.25 6.41224
3 15 17.42 -0.25 7.5 16.05092 -0.25 6.41224 16.34842 -0.25 6.13954
3 15 18.25 -0.25 6.65 16.34842 -0.25 6.13954 16.5472 -0.25 5.73142
3 15 18.25 -0.25 6.65 16.5472 -0.25 5.73142 16.59996 -0.25 5.36752
4 15 18.25 -0.25 6.65 16.59996 -0.25 5.36752 15.9646 -0.25 4.31347 16.02887 -0.25 4.2615
4 15 18.25 -0.25 6.65 16.02887 -0.25 4.2615 16.126 -0.25 3.95 17.46 -0.25 0.56814
4 15 18.25 -0.25 6.65 17.46 -0.25 0.56814 17.34257 -0.25 -4.04485 18.25 -0.25 -6.67
3 15 17.34257 -0.25 -4.04485 17.12453 -0.25 -4.73104 18.25 -0.25 -6.67
3 15 17.12453 -0.25 -4.73104 17.03756 -0.25 -4.80714 18.25 -0.25 -6.67
4 15 17.42 -0.25 -7.5 17.03756 -0.25 -4.80714 16.91 -0.25 -4.77898 16.5 -0.25 -5.592
3 15 16.5 -0.25 -5.592 16.5 -0.25 -5.85857 17.42 -0.25 -7.5
3 15 16.5 -0.25 -5.85857 16.14725 -0.25 -6.32051 17.42 -0.25 -7.5
3 15 16.14725 -0.25 -6.32051 15.83178 -0.25 -6.6 17.42 -0.25 -7.5
3 15 15.83178 -0.25 -6.6 14.14 -0.25 -6.6 17.42 -0.25 -7.5
3 15 14.14 -0.25 -6.6 13.22 -0.25 -6.6 17.42 -0.25 -7.5
3 15 13.22 -0.25 -6.6 10.1 -0.25 -6.6 17.42 -0.25 -7.5
3 15 10.1 -0.25 -6.6 9.18 -0.25 -6.6 17.42 -0.25 -7.5
4 15 -17.42 -0.25 -7.5 17.42 -0.25 -7.5 -2.24 -0.25 -6.6 -3.16 -0.25 -6.6
3 15 -3.16 -0.25 -6.6 -5.78 -0.25 -6.6 -17.42 -0.25 -7.5
3 15 -5.78 -0.25 -6.6 -6.7 -0.25 -6.6 -17.42 -0.25 -7.5
3 15 -6.7 -0.25 -6.6 -9.05 -0.25 -6.6 -17.42 -0.25 -7.5
3 15 -9.05 -0.25 -6.6 -9.97 -0.25 -6.6 -17.42 -0.25 -7.5
3 15 -9.97 -0.25 -6.6 -13.13 -0.25 -6.6 -17.42 -0.25 -7.5
3 15 -13.13 -0.25 -6.6 -14.05 -0.25 -6.6 -17.42 -0.25 -7.5
3 15 -14.05 -0.25 -6.6 -15.859 -0.25 -6.6 -17.42 -0.25 -7.5
3 15 -16.33568 -0.25 -6.45219 -17.42 -0.25 -7.5 -15.859 -0.25 -6.6
3 15 -16.47264 -0.25 -6.33285 -17.42 -0.25 -7.5 -16.33568 -0.25 -6.45219
3 15 -16.71 -0.25 -5.95353 -18.25 -0.25 -6.68 -16.47264 -0.25 -6.33285
4 15 -18.25 -0.25 -6.68 -16.71 -0.25 -5.95353 -16.71 -0.25 -5.56969 -16.93125 -0.25 -4.75
3 15 -16.93125 -0.25 -4.75 -17.28519 -0.25 -4.75 -18.25 -0.25 -6.68
3 15 -17.46504 -0.25 -4.2644 -18.25 -0.25 -6.68 -17.28519 -0.25 -4.75
3 15 -17.55 -0.25 -2.93333 -18.25 -0.25 -6.68 -17.46504 -0.25 -4.2644
4 15 -18.25 -0.25 -6.68 -17.55 -0.25 -2.93333 -17.55 -0.25 3.2 -18.25 -0.25 6.67
3 15 -18.25 -0.25 6.67 -17.55 -0.25 3.2 -17.36915 -0.25 4.23989
3 15 -18.25 -0.25 6.67 -17.36915 -0.25 4.23989 -17.22727 -0.25 4.5
4 15 -18.25 -0.25 6.67 -17.22727 -0.25 4.5 -16.65 -0.25 4.5 -16.3516 -0.25 5.2921
3 15 -18.25 -0.25 6.67 -16.3516 -0.25 5.2921 -16.431 -0.25 5.6
4 15 -14.05 -0.25 -6.6 -13.13 -0.25 -6.6 -13.13 -0.25 -5.84 -14.05 -0.25 -4.99381
4 15 -12.3 -0.25 -3.79845 -14.05 -0.25 -4.99381 -13.13 -0.25 -5.84 -9.97 -0.25 -5.84
3 15 -11.55 -0.25 -3.63608 -12.3 -0.25 -3.79845 -9.97 -0.25 -5.84
3 15 -11.25508 -0.25 -3.57223 -11.55 -0.25 -3.63608 -9.97 -0.25 -5.84
4 15 -8.1 -0.25 -1.88785 -11.25508 -0.25 -3.57223 -9.97 -0.25 -5.84 -9.05 -0.25 -5.84
4 15 -9.05 -0.25 -6.6 -9.05 -0.25 -5.84 -9.97 -0.25 -5.84 -9.97 -0.25 -6.6
4 15 -14.05 -0.25 -4.99381 -12.3 -0.25 -3.79845 -15.9 -0.25 -4.57784 -16.71 -0.25 -5.56969
4 15 -16.71 -0.25 -5.56969 -15.9 -0.25 -4.57784 -16.65 -0.25 -4.67347 -16.93125 -0.25 -4.75
4 15 -16.65 -0.25 -4.67347 -15.9 -0.25 -4.57784 -15.9 -0.25 4.37784 -16.65 -0.25 4.5
4 15 -16.3516 -0.25 5.2921 -16.65 -0.25 4.5 -15.9 -0.25 4.37784 -13.75 -0.25 4.72887
4 15 -12.9 -0.25 4.54485 -13.75 -0.25 4.72887 -15.9 -0.25 4.37784 -12.3 -0.25 3.59845
4 15 -10.59163 -0.25 4.0451 -12.9 -0.25 4.54485 -12.3 -0.25 3.59845 -11.55 -0.25 3.43608
4 15 -10.59163 -0.25 4.0451 -11.55 -0.25 3.43608 -10.8369 -0.25 3.2817 -5.38564 -0.25 4.90588
4 15 -12.9 -0.25 4.54485 -12.9 -0.25 6.5 -13.75 -0.25 6.5 -13.75 -0.25 4.72887
4 15 -11.55 -0.25 3.43608 -12.3 -0.25 3.59845 -12.3 -0.25 -3.79845 -11.55 -0.25 -3.63608
4 15 -8.85 -0.25 5.63309 -8.85 -0.25 6.5 -9.7 -0.25 6.5 -9.7 -0.25 5.11515
4 15 -7.7 -0.25 5.861 -8.85 -0.25 5.63309 -9.7 -0.25 5.11515 -6.44748 -0.25 5.61277
4 15 -6.44748 -0.25 5.61277 -9.7 -0.25 5.11515 -10.01436 -0.25 4.90588 -10.59163 -0.25 4.0451
3 15 -6.44748 -0.25 5.61277 -10.59163 -0.25 4.0451 -5.65 -0.25 5.08187
4 15 -6.44748 -0.25 5.61277 -5.65 -0.25 5.08187 -5.65 -0.25 6.5 -6.5 -0.25 6.5
3 15 -5.65 -0.25 5.08187 -10.59163 -0.25 4.0451 -5.38564 -0.25 4.90588
4 15 -5.38564 -0.25 4.90588 -10.8369 -0.25 3.2817 -10.973 -0.25 2.6 -4.67614 -0.25 3.84793
4 15 -4.58672 -0.25 3.4 -4.67614 -0.25 3.84793 -10.973 -0.25 2.6 -4.44696 -0.25 2.5
4 15 -4.44696 -0.25 2.5 -10.973 -0.25 2.6 -10.72386 -0.25 1.35207 -10.01436 -0.25 0.29412
4 15 -4.44696 -0.25 2.5 -10.01436 -0.25 0.29412 -8.95252 -0.25 -0.41277 -4.67614 -0.25 1.35207
4 15 -5.05 -0.25 0.7946 -4.67614 -0.25 1.35207 -8.95252 -0.25 -0.41277 -5.9 -0.25 -0.0483
4 15 -5.9 -0.25 -0.0483 -8.95252 -0.25 -0.41277 -8.1 -0.25 -0.58173 -7.25 -0.25 -0.57182
3 15 -5.9 -0.25 -0.0483 -7.25 -0.25 -0.57182 -6.44748 -0.25 -0.41277
4 15 -7.25 -0.25 -1.43406 -7.25 -0.25 -0.57182 -8.1 -0.25 -0.58173 -8.1 -0.25 -1.88785
4 15 -7.25 -0.25 -1.43406 -8.1 -0.25 -1.88785 -9.05 -0.25 -5.84 -6.7 -0.25 -5.84
4 15 -7.25 -0.25 -1.43406 -6.7 -0.25 -5.84 -5.78 -0.25 -5.84 -5.9 -0.25 -0.71335
4 15 -5.78 -0.25 -5.84 -6.7 -0.25 -5.84 -6.7 -0.25 -6.6 -5.78 -0.25 -6.6
4 15 -5.9 -0.25 -0.71335 -5.78 -0.25 -5.84 -3.16 -0.25 -5.84 -2.24 -0.25 -4.74651
4 15 -2.24 -0.25 -6.6 -2.24 -0.25 -4.74651 -3.16 -0.25 -5.84 -3.16 -0.25 -6.6
4 15 -5.05 -0.25 -0.25956 -5.05 -0.25 0.7946 -5.9 -0.25 -0.0483 -5.9 -0.25 -0.71335
4 15 -5.05 -0.25 -0.25956 -5.9 -0.25 -0.71335 -2.24 -0.25 -4.74651 -1.71654 -0.25 -4.26063
4 15 -5.05 -0.25 -0.25956 -1.71654 -0.25 -4.26063 -1.14767 -0.25 -3.9462 -3.6 -0.25 0.51454
4 15 -3.6 -0.25 0.51454 -1.14767 -0.25 -3.9462 -2.66 -0.25 0.99 -3.6 -0.25 2.5
4 15 -3.6 -0.25 2.5 -2.66 -0.25 0.99 -2.75 -0.25 2.5 -2.95 -0.25 3.4
4 15 -3.6 -0.25 2.5 -2.95 -0.25 3.4 -4.58672 -0.25 3.4 -4.44696 -0.25 2.5
4 15 -2.1 -0.25 3.4 -2.1 -0.25 6.5 -2.95 -0.25 6.5 -2.95 -0.25 3.4
4 15 -2.1 -0.25 3.4 -2.95 -0.25 3.4 -2.75 -0.25 2.5 -1.95 -0.25 2.5
4 15 -2.1 -0.25 3.4 -1.95 -0.25 2.5 -1.1 -0.25 2.5 1.3875 -0.25 3.4
4 15 1.3875 -0.25 3.4 -1.1 -0.25 2.5 -0.25 -0.25 2.5 1.8375 -0.25 3.49474
4 15 1.8375 -0.25 3.49474 -0.25 -0.25 2.5 -0.25 -0.25 2.30299 5.3 -0.25 -0.53155
3 15 2.34 -0.25 -6.6 -2.24 -0.25 -6.6 17.42 -0.25 -7.5
3 15 3.26 -0.25 -6.6 2.34 -0.25 -6.6 17.42 -0.25 -7.5
3 15 5.79 -0.25 -6.6 3.26 -0.25 -6.6 17.42 -0.25 -7.5
3 15 6.71 -0.25 -6.6 5.79 -0.25 -6.6 17.42 -0.25 -7.5
3 15 9.18 -0.25 -6.6 6.71 -0.25 -6.6 17.42 -0.25 -7.5
4 15 -1.1 -0.25 1.8492 -1.1 -0.25 2.5 -1.95 -0.25 2.5 -1.95 -0.25 1.39542
4 15 3.05 -0.25 -1.79048 -1.1 -0.25 1.8492 -1.95 -0.25 1.39542 2.25 -0.25 -2.2381
4 15 2.25 -0.25 -2.2381 -1.95 -0.25 1.39542 -2.66 -0.25 0.99 2.25 -0.25 -2.698
4 15 1.95582 -0.25 -3.56 2.25 -0.25 -2.698 -2.66 -0.25 0.99 -0.19525 -0.25 -3.56
3 15 -2.66 -0.25 0.99 -1.14767 -0.25 -3.9462 -0.19525 -0.25 -3.56
4 15 -0.25 -0.25 2.30299 -1.1 -0.25 1.8492 3.05 -0.25 -1.79048 3.9 -0.25 -1.31488
3 15 -0.25 -0.25 2.30299 3.9 -0.25 -1.31488 5.3 -0.25 -0.53155
3 15 2.12857 -0.25 3.67857 1.8375 -0.25 3.49474 5.3 -0.25 -0.53155
4 15 2.6 -0.25 4.15 2.12857 -0.25 3.67857 5.3 -0.25 -0.53155 6.15 -0.25 -0.05595
3 15 2.6 -0.25 4.15 6.15 -0.25 -0.05595 7.4 -0.25 0.64345
4 15 2.6 -0.25 4.15 7.4 -0.25 0.64345 8.25 -0.25 1.11905 3.4 -0.25 5.2
4 15 3.4 -0.25 5.2 3.4 -0.25 6.5 2.55 -0.25 6.5 2.6 -0.25 4.15
4 15 6.05 -0.25 5.2 3.4 -0.25 5.2 8.25 -0.25 1.11905 9.08333 -0.25 1.66333
4 15 6.05 -0.25 5.2 9.08333 -0.25 1.66333 9.81339 -0.25 2.28388 10.38974 -0.25 2.9024
4 15 6.05 -0.25 5.2 10.38974 -0.25 2.9024 10.54635 -0.25 3.14045 10.95211 -0.25 4.14479
4 15 6.9 -0.25 5.2 6.05 -0.25 5.2 10.95211 -0.25 4.14479 9.35 -0.25 5.10464
4 15 6.05 -0.25 6.5 6.05 -0.25 5.2 6.9 -0.25 5.2 6.9 -0.25 6.5
4 15 10.95211 -0.25 4.14479 10.87781 -0.25 4.34048 10.347 -0.25 4.84107 10.2 -0.25 4.87993
3 15 9.35 -0.25 5.10464 10.95211 -0.25 4.14479 10.2 -0.25 4.87993
4 15 7.5 -0.25 5.2 6.9 -0.25 5.2 9.35 -0.25 5.10464 9.17843 -0.25 5.15
4 15 10.2 -0.25 6.5 9.35 -0.25 6.5 9.35 -0.25 5.10464 10.2 -0.25 4.87993
3 15 10.95211 -0.25 4.14479 10.54635 -0.25 3.14045 11.7 -0.25 3.39021
4 15 10.95211 -0.25 4.14479 11.7 -0.25 3.39021 12.55 -0.25 3.57423 13.45 -0.25 4.68557
4 15 14.3 -0.25 4.86959 13.45 -0.25 4.68557 12.55 -0.25 3.57423 15.9646 -0.25 4.31347
3 15 16.59996 -0.25 5.36752 14.3 -0.25 4.86959 15.9646 -0.25 4.31347
4 15 14.3 -0.25 4.86959 14.3 -0.25 6.5 13.45 -0.25 6.5 13.45 -0.25 4.68557
4 15 17.46 -0.25 0.56814 16.126 -0.25 3.95 15.97887 -0.25 3.6885 17.29035 -0.25 0.37184
4 15 17.29035 -0.25 0.37184 15.97887 -0.25 3.6885 15.71394 -0.25 3.42594 16.91 -0.25 0.05
4 15 16.08 -0.25 -0.44103 16.91 -0.25 0.05 15.71394 -0.25 3.42594 12.6 -0.25 -2.36564
4 15 12.6 -0.25 -2.36564 15.71394 -0.25 3.42594 12.55 -0.25 1.8002 11.68 -0.25 -2.87444
4 15 10.9 -0.25 -3.30582 11.68 -0.25 -2.87444 12.55 -0.25 1.8002 11.7 -0.25 1.36344
4 15 11.7 -0.25 3.39021 11.7 -0.25 1.36344 12.55 -0.25 1.8002 12.55 -0.25 3.57423
3 15 11.7 -0.25 1.36344 8.25 -0.25 -0.40929 10.9 -0.25 -3.30582
4 15 10.9 -0.25 -3.45219 10.9 -0.25 -3.30582 8.25 -0.25 -0.40929 10.1 -0.25 -4.10531
4 15 10.1 -0.25 -4.10531 8.25 -0.25 -0.40929 9.18 -0.25 -4.19909 10.1 -0.25 -5.05105
4 15 8.89 -0.25 -4.23 9.18 -0.25 -4.19909 8.25 -0.25 -0.40929 7.4 -0.25 -0.84605
4 15 7.4 -0.25 -0.84605 8.25 -0.25 -0.40929 8.25 -0.25 1.11905 7.4 -0.25 0.64345
4 15 8.59673 -0.25 -4.45245 8.89 -0.25 -4.23 7.4 -0.25 -0.84605 6.15 -0.25 -1.48834
4 15 5.3 -0.25 -1.9251 8.59673 -0.25 -4.45245 6.15 -0.25 -1.48834 5.3 -0.25 -0.53155
3 15 6.15 -0.25 -0.05595 5.3 -0.25 -0.53155 6.15 -0.25 -1.48834
4 15 8.59931 -0.25 -4.55314 8.59673 -0.25 -4.45245 5.3 -0.25 -1.9251 3.9 -0.25 -2.64447
4 15 8.59931 -0.25 -4.55314 3.9 -0.25 -2.64447 3.05 -0.25 -2.69 1.95582 -0.25 -3.56
4 15 3.05 -0.25 -1.79048 3.05 -0.25 -2.69 3.9 -0.25 -2.64447 3.9 -0.25 -1.31488
3 15 3.05 -0.25 -2.69 2.25 -0.25 -2.698 1.95582 -0.25 -3.56
4 15 8.87105 -0.25 -4.79515 8.59931 -0.25 -4.55314 1.95582 -0.25 -3.56 1.95113 -0.25 -3.7171
4 15 8.87105 -0.25 -4.79515 1.95113 -0.25 -3.7171 1.7256 -0.25 -3.83299 1.49087 -0.25 -4.10315
4 15 8.87105 -0.25 -4.79515 1.49087 -0.25 -4.10315 1.4986 -0.25 -5.28575 1.7256 -0.25 -5.54701
4 15 9.18 -0.25 -4.85949 8.87105 -0.25 -4.79515 1.7256 -0.25 -5.54701 2.23689 -0.25 -5.80974
3 15 9.18 -0.25 -4.85949 2.23689 -0.25 -5.80974 2.34 -0.25 -5.82551
4 15 9.18 -0.25 -4.85949 2.34 -0.25 -5.82551 3.26 -0.25 -6.08921 5.79 -0.25 -6.08504
4 15 3.26 -0.25 -6.08921 2.34 -0.25 -5.82551 2.34 -0.25 -6.6 3.26 -0.25 -6.6
3 15 9.18 -0.25 -4.85949 5.79 -0.25 -6.08504 6.71 -0.25 -6.08352
4 15 6.71 -0.25 -6.08352 5.79 -0.25 -6.08504 5.79 -0.25 -6.6 6.71 -0.25 -6.6
4 15 9.18 -0.25 -4.85949 6.71 -0.25 -6.08352 9.18 -0.25 -6.07945 10.1 -0.25 -5.05105
3 15 9.18 -0.25 -4.19909 9.18 -0.25 -4.85949 10.1 -0.25 -5.05105
4 15 9.18 -0.25 -6.07945 9.18 -0.25 -6.6 10.1 -0.25 -6.6 10.1 -0.25 -6.07793
4 15 10.1 -0.25 -5.05105 9.18 -0.25 -6.07945 10.1 -0.25 -6.07793 11.49941 -0.25 -5.34245
4 15 11.49941 -0.25 -5.34245 10.1 -0.25 -6.07793 11.83418 -0.25 -6.07507 11.91176 -0.25 -5.36018
3 15 10.9 -0.25 -3.45219 10.1 -0.25 -4.10531 11.68 -0.25 -3.62439
4 15 12.63 -0.25 -3.83 11.68 -0.25 -3.62439 10.1 -0.25 -4.10531 13.22 -0.25 -4.79409
4 15 11.68 -0.25 -2.87444 11.68 -0.25 -3.62439 12.63 -0.25 -3.83 12.6 -0.25 -2.36564
4 15 12.63 -0.25 -3.83 13.22 -0.25 -4.79409 14.14 -0.25 -4.99719 16.08 -0.25 -4.59574
3 15 16.08 -0.25 -4.59574 14.14 -0.25 -4.99719 16.32109 -0.25 -5.47869
4 15 16.08 -0.25 -4.59574 16.32109 -0.25 -5.47869 16.5 -0.25 -5.592 16.91 -0.25 -4.77898
4 15 16.08 -0.25 -0.44103 16.08 -0.25 -4.59574 16.91 -0.25 -4.77898 16.91 -0.25 0.05
4 15 14.14 -0.25 -4.99719 13.22 -0.25 -4.79409 13.22 -0.25 -6.6 14.14 -0.25 -6.6
