0 Sticker  0.9 x  0.9 with Light Grey Stripes on White Background with Reflection Areas with Black Border
0 Name: 168365d.dat
0 Author: Max Martin Richter [MMR1988]
0 !LDRAW_ORG Unofficial_Part
0 !LICENSE Redistributable under CCAL version 2.0 : see CAreadme.txt

0 BFC CERTIFY CCW

0 !KEYWORDS Set 8858-1, Headlight

1 16 0 -0.25 0 8.8 0 0 0 0.25 0 0 0 8.8 box5-12.dat

4 15 6.32 -0.25 -7.15 6.906899 -0.25 -6.906899 7.15 -0.25 -6.32 2.6 -0.25 -3.07
4 15 -7.15 -0.25 -6.32 -6.9069 -0.25 -6.9069 -6.32 -0.25 -7.15 -6.32 -0.25 7.15
4 15 -6.32 -0.25 7.15 -6.9069 -0.25 6.9069 -7.15 -0.25 6.32 -7.15 -0.25 -6.32
4 15 7.15 -0.25 6.32 6.9069 -0.25 6.9069 6.32 -0.25 7.15 5.3 -0.25 3.13
3 0 -8.8 -0.25 -8.8 -6.9069 -0.25 -6.9069 -7.15 -0.25 -6.32
3 0 -8.8 -0.25 -8.8 -6.32 -0.25 -7.15 -6.9069 -0.25 -6.9069
4 0 -6.32 -0.25 -7.15 -8.8 -0.25 -8.8 8.8 -0.25 -8.8 6.32 -0.25 -7.15
3 0 6.32 -0.25 -7.15 8.8 -0.25 -8.8 6.906899 -0.25 -6.906899
3 0 6.906899 -0.25 -6.906899 8.8 -0.25 -8.8 7.15 -0.25 -6.32
3 0 6.9069 -0.25 6.9069 7.15 -0.25 6.32 8.8 -0.25 8.8
3 0 6.32 -0.25 7.15 6.9069 -0.25 6.9069 8.8 -0.25 8.8
4 0 -6.32 -0.25 7.15 6.32 -0.25 7.15 8.8 -0.25 8.8 -8.8 -0.25 8.8
3 0 -8.8 -0.25 8.8 -6.9069 -0.25 6.9069 -6.32 -0.25 7.15
3 0 -8.8 -0.25 8.8 -7.15 -0.25 6.32 -6.9069 -0.25 6.9069
3 7 -0.24 -0.25 -5.09 -0.1 -0.25 -5.155882 -0.1 -0.25 -5.012222
4 7 -2.8 -0.25 -6.261536 -2.8 -0.25 -6.144149 -2.88999 -0.25 -6.131688 -2.933014 -0.25 -6.29384
4 7 -2.933014 -0.25 -6.29384 -2.88999 -0.25 -6.131688 -3.602099 -0.25 -5.800459 -3.53 -0.25 -6.337
4 7 -4.126986 -0.25 -6.29384 -3.53 -0.25 -6.337 -3.602099 -0.25 -5.800459 -3.621737 -0.25 -5.78
4 7 -4.633087 -0.25 -6.17093 -4.126986 -0.25 -6.29384 -3.621737 -0.25 -5.78 -4.88 -0.25 -6.036619
3 7 -4.88 -0.25 -5.78 -4.88 -0.25 -6.036619 -3.621737 -0.25 -5.78
4 7 -4.88 -0.25 -3.07 -4.88 -0.25 -4.86 -4.204996 -0.25 -4.86 -4.245 -0.25 -4.72
4 7 -2.8 -0.25 -3.295851 -2.8 -0.25 -3.07 -4.88 -0.25 -3.07 -2.88999 -0.25 -3.308312
3 7 -4.88 -0.25 -3.07 -3.602099 -0.25 -3.639541 -2.88999 -0.25 -3.308312
3 7 -4.88 -0.25 -3.07 -4.077916 -0.25 -4.13526 -3.602099 -0.25 -3.639541
3 7 -4.88 -0.25 -3.07 -4.245 -0.25 -4.72 -4.077916 -0.25 -4.13526
4 7 -4.88 -0.25 -2.28 -3.4 -0.25 -2.28 -3.4 -0.25 -2.104157 -3.781216 -0.25 -1.852932
3 7 -4.88 -0.25 -2.28 -3.781216 -0.25 -1.852932 -4.413109 -0.25 -0.920215
4 7 -4.88 -0.25 -2.28 -4.413109 -0.25 -0.920215 -4.52811 -0.25 -0.35 -4.88 -0.25 -0.35
4 7 -4.88 -0.25 0.42 -4.586597 -0.25 0.42 -4.413109 -0.25 1.280215 -4.88 -0.25 2.38
3 7 -4.88 -0.25 2.38 -4.413109 -0.25 1.280215 -3.781216 -0.25 2.212932
3 7 -4.88 -0.25 2.38 -3.781216 -0.25 2.212932 -3.527703 -0.25 2.38
4 7 -2.8 -0.25 5.05 -4.88 -0.25 5.05 -4.88 -0.25 3.13 -2.8 -0.25 3.13
4 7 -2.8 -0.25 5.92 -3.53 -0.25 6.39 -4.246986 -0.25 6.357026 -4.753087 -0.25 6.254116
4 7 -2.8 -0.25 5.92 -4.753087 -0.25 6.254116 -4.88 -0.25 6.169682 -4.88 -0.25 5.92
3 7 -3.53 -0.25 6.39 -2.8 -0.25 5.92 -2.8 -0.25 6.39
4 7 -2.18 -0.25 3.13 -0.1 -0.25 3.13 -0.1 -0.25 5.05 -2.18 -0.25 5.05
4 7 -2.18 -0.25 5.92 -0.1 -0.25 5.92 -0.1 -0.25 6.39 -2.18 -0.25 6.39
4 7 2.6 -0.25 6.39 0.52 -0.25 6.39 0.52 -0.25 5.92 2.6 -0.25 5.92
4 7 0.52 -0.25 3.13 1.475233 -0.25 3.13 1.395 -0.25 3.51 0.52 -0.25 5.05
3 7 0.52 -0.25 5.05 1.395 -0.25 3.51 1.522502 -0.25 4.113874
3 7 0.52 -0.25 5.05 1.522502 -0.25 4.113874 1.885596 -0.25 4.625815
4 7 0.52 -0.25 5.05 1.885596 -0.25 4.625815 2.429005 -0.25 4.967882 2.517721 -0.25 5.05
3 7 2.429005 -0.25 4.967882 2.514404 -0.25 4.983885 2.517721 -0.25 5.05
4 7 4.667 -0.25 6.357026 3.95 -0.25 6.39 3.22 -0.25 5.92 5.1731 -0.25 6.254116
4 7 5.3 -0.25 6.169682 5.1731 -0.25 6.254116 3.22 -0.25 5.92 5.3 -0.25 5.92
3 7 3.22 -0.25 6.39 3.22 -0.25 5.92 3.95 -0.25 6.39
4 7 4.745 -0.25 3.51 4.664767 -0.25 3.13 5.3 -0.25 3.13 5.3 -0.25 5.05
3 7 4.617498 -0.25 4.113874 4.745 -0.25 3.51 5.3 -0.25 5.05
3 7 4.254404 -0.25 4.625815 4.617498 -0.25 4.113874 5.3 -0.25 5.05
4 7 3.91 -0.25 4.842611 4.254404 -0.25 4.625815 5.3 -0.25 5.05 3.91 -0.25 5.05
4 7 1.994595 -0.25 1.97551 1.687788 -0.25 2.38 0.52 -0.25 2.38 0.52 -0.25 1.949035
4 7 1.994595 -0.25 1.97551 0.52 -0.25 1.949035 0.973109 -0.25 1.280215 2.460467 -0.25 1.701292
4 7 2.460467 -0.25 1.701292 0.973109 -0.25 1.280215 1.146597 -0.25 0.42 2.6 -0.25 0.42
3 7 2.460467 -0.25 1.701292 2.6 -0.25 0.42 2.6 -0.25 1.676843
4 7 0.973109 -0.25 -0.920215 1.03 -0.25 -1.03 1.72 -0.25 -0.54 1.061891 -0.25 -0.48
3 7 1.061891 -0.25 -0.48 1.72 -0.25 -0.54 1.72 -0.25 -0.48
4 7 0.52 -0.25 -4.296286 0.52 -0.25 -4.86 1.689915 -0.25 -4.86 1.714831 -0.25 -4.770096
3 7 0.52 -0.25 -4.296286 1.714831 -0.25 -4.770096 2.030453 -0.25 -4.431073
4 7 0.52 -0.25 -4.296286 2.030453 -0.25 -4.431073 2.502813 -0.25 -4.204546 2.516279 -0.25 -3.07
4 7 2.6 -0.25 -3.07 2.516279 -0.25 -3.07 2.502813 -0.25 -4.204546 2.6 -0.25 -4.190671
4 7 2 -0.25 -6.257 2.6 -0.25 -6.213108 2.6 -0.25 -6.149329 2.502813 -0.25 -6.135454
3 7 2 -0.25 -6.257 2.502813 -0.25 -6.135454 2.030453 -0.25 -5.908927
4 7 2 -0.25 -6.257 2.030453 -0.25 -5.908927 1.910425 -0.25 -5.78 1.403014 -0.25 -6.21384
4 7 0.896913 -0.25 -6.09093 1.403014 -0.25 -6.21384 1.910425 -0.25 -5.78 0.558748 -0.25 -5.906982
3 7 0.489254 -0.25 -5.78 0.558748 -0.25 -5.906982 1.910425 -0.25 -5.78
4 7 3.22 -0.25 0.804091 4.33 -0.25 1.46 5.13006 -0.25 2.147975 4.025405 -0.25 1.97551
3 7 3.22 -0.25 1.641797 3.22 -0.25 0.804091 3.559533 -0.25 1.701292
3 7 3.22 -0.25 0.804091 4.025405 -0.25 1.97551 3.559533 -0.25 1.701292
4 7 4.025405 -0.25 1.97551 5.13006 -0.25 2.147975 5.138741 -0.25 2.38 4.336691 -0.25 2.385905
4 15 -6.32 -0.25 7.15 -6.32 -0.25 -7.15 -4.88 -0.25 -6.036619 -4.88 -0.25 -5.78
3 15 -6.32 -0.25 7.15 -4.88 -0.25 -5.78 -4.88 -0.25 -4.86
3 15 -6.32 -0.25 7.15 -4.88 -0.25 -4.86 -4.88 -0.25 -3.07
3 15 -6.32 -0.25 7.15 -4.88 -0.25 -3.07 -4.88 -0.25 -2.28
3 15 -6.32 -0.25 7.15 -4.88 -0.25 -2.28 -4.88 -0.25 -0.35
3 15 -6.32 -0.25 7.15 -4.88 -0.25 -0.35 -4.88 -0.25 0.42
3 15 -6.32 -0.25 7.15 -4.88 -0.25 0.42 -4.88 -0.25 2.38
3 15 -6.32 -0.25 7.15 -4.88 -0.25 2.38 -4.88 -0.25 3.13
3 15 -6.32 -0.25 7.15 -4.88 -0.25 3.13 -4.88 -0.25 5.05
3 15 -6.32 -0.25 7.15 -4.88 -0.25 5.05 -4.88 -0.25 5.92
3 15 -6.32 -0.25 7.15 -4.88 -0.25 5.92 -4.88 -0.25 6.169682
3 15 -6.32 -0.25 7.15 -4.88 -0.25 6.169682 -4.753087 -0.25 6.254116
3 15 -6.32 -0.25 7.15 -4.753087 -0.25 6.254116 -4.246986 -0.25 6.357026
3 15 -6.32 -0.25 7.15 -4.246986 -0.25 6.357026 -3.53 -0.25 6.39
3 15 -6.32 -0.25 7.15 -3.53 -0.25 6.39 -2.8 -0.25 6.39
3 15 -6.32 -0.25 7.15 -2.8 -0.25 6.39 -2.18 -0.25 6.39
3 15 -6.32 -0.25 7.15 -2.18 -0.25 6.39 -0.1 -0.25 6.39
4 15 -6.32 -0.25 7.15 -0.1 -0.25 6.39 0.52 -0.25 6.39 6.32 -0.25 7.15
3 15 0.52 -0.25 6.39 2.6 -0.25 6.39 6.32 -0.25 7.15
3 15 2.6 -0.25 6.39 3.22 -0.25 6.39 6.32 -0.25 7.15
3 15 3.22 -0.25 6.39 3.95 -0.25 6.39 6.32 -0.25 7.15
3 15 3.95 -0.25 6.39 4.667 -0.25 6.357026 6.32 -0.25 7.15
3 15 4.667 -0.25 6.357026 5.1731 -0.25 6.254116 6.32 -0.25 7.15
3 15 5.1731 -0.25 6.254116 5.3 -0.25 6.169682 6.32 -0.25 7.15
3 15 5.3 -0.25 6.169682 5.3 -0.25 5.92 6.32 -0.25 7.15
3 15 5.3 -0.25 5.92 5.3 -0.25 5.05 6.32 -0.25 7.15
3 15 5.3 -0.25 5.05 5.3 -0.25 3.13 6.32 -0.25 7.15
4 15 7.15 -0.25 6.32 5.3 -0.25 3.13 5.138741 -0.25 2.38 5.13006 -0.25 2.147975
3 15 5.13006 -0.25 2.147975 7.15 -0.25 -6.32 7.15 -0.25 6.32
3 15 4.33 -0.25 1.46 7.15 -0.25 -6.32 5.13006 -0.25 2.147975
4 15 7.15 -0.25 -6.32 4.33 -0.25 1.46 3.22 -0.25 0.804091 2.6 -0.25 0.42
4 15 7.15 -0.25 -6.32 2.6 -0.25 0.42 1.72 -0.25 -0.48 1.72 -0.25 -0.54
4 15 7.15 -0.25 -6.32 1.72 -0.25 -0.54 1.03 -0.25 -1.03 2.6 -0.25 -3.07
3 15 2.6 -0.25 -3.07 2.6 -0.25 -4.190671 6.32 -0.25 -7.15
4 15 6.32 -0.25 -7.15 2.6 -0.25 -4.190671 2.502813 -0.25 -4.204546 2.030453 -0.25 -4.431073
4 15 6.32 -0.25 -7.15 2.030453 -0.25 -4.431073 1.714831 -0.25 -4.770096 2.6 -0.25 -6.149329
3 15 2.6 -0.25 -6.149329 2.6 -0.25 -6.213108 6.32 -0.25 -7.15
3 15 2 -0.25 -6.257 6.32 -0.25 -7.15 2.6 -0.25 -6.213108
4 15 6.32 -0.25 -7.15 2 -0.25 -6.257 1.403014 -0.25 -6.21384 -2.8 -0.25 -6.261536
3 15 -2.933014 -0.25 -6.29384 6.32 -0.25 -7.15 -2.8 -0.25 -6.261536
4 15 6.32 -0.25 -7.15 -2.933014 -0.25 -6.29384 -3.53 -0.25 -6.337 -6.32 -0.25 -7.15
3 15 -6.32 -0.25 -7.15 -3.53 -0.25 -6.337 -4.126986 -0.25 -6.29384
3 15 -6.32 -0.25 -7.15 -4.126986 -0.25 -6.29384 -4.633087 -0.25 -6.17093
3 15 -6.32 -0.25 -7.15 -4.633087 -0.25 -6.17093 -4.88 -0.25 -6.036619
4 15 -2.8 -0.25 -6.144149 -2.8 -0.25 -6.261536 1.403014 -0.25 -6.21384 0.896913 -0.25 -6.09093
3 15 -2.8 -0.25 -6.144149 0.896913 -0.25 -6.09093 0.558748 -0.25 -5.906982
4 15 -2.8 -0.25 -6.144149 0.558748 -0.25 -5.906982 0.489254 -0.25 -5.78 -0.1 -0.25 -5.155882
4 15 -2.8 -0.25 -6.144149 -0.1 -0.25 -5.155882 -0.24 -0.25 -5.09 -2.88999 -0.25 -6.131688
4 15 -2.88999 -0.25 -6.131688 -0.24 -0.25 -5.09 -2.8 -0.25 -3.295851 -2.88999 -0.25 -3.308312
4 15 -3.602099 -0.25 -5.800459 -2.88999 -0.25 -6.131688 -2.88999 -0.25 -3.308312 -3.621737 -0.25 -5.78
4 15 -3.621737 -0.25 -5.78 -2.88999 -0.25 -3.308312 -3.602099 -0.25 -3.639541 -4.077916 -0.25 -4.13526
4 15 -3.621737 -0.25 -5.78 -4.077916 -0.25 -4.13526 -4.245 -0.25 -4.72 -4.204996 -0.25 -4.86
4 15 -3.621737 -0.25 -5.78 -4.204996 -0.25 -4.86 -4.88 -0.25 -4.86 -4.88 -0.25 -5.78
4 15 2.030453 -0.25 -5.908927 2.502813 -0.25 -6.135454 2.6 -0.25 -6.149329 1.910425 -0.25 -5.78
4 15 1.910425 -0.25 -5.78 2.6 -0.25 -6.149329 1.714831 -0.25 -4.770096 1.689915 -0.25 -4.86
4 15 1.910425 -0.25 -5.78 1.689915 -0.25 -4.86 0.52 -0.25 -4.86 0.489254 -0.25 -5.78
4 15 -0.1 -0.25 -5.155882 0.489254 -0.25 -5.78 0.52 -0.25 -4.86 -0.1 -0.25 -5.012222
3 15 -0.1 -0.25 -5.012222 0.52 -0.25 -4.86 0.52 -0.25 -4.296286
4 15 -0.24 -0.25 -5.09 -0.1 -0.25 -5.012222 0.52 -0.25 -4.296286 -2.8 -0.25 -3.295851
3 15 -2.8 -0.25 -3.07 -2.8 -0.25 -3.295851 0.52 -0.25 -4.296286
4 15 -3.4 -0.25 -2.28 -2.8 -0.25 -3.07 0.52 -0.25 -4.296286 0.973109 -0.25 -0.920215
4 15 -4.88 -0.25 -3.07 -2.8 -0.25 -3.07 -3.4 -0.25 -2.28 -4.88 -0.25 -2.28
3 15 1.03 -0.25 -1.03 2.516279 -0.25 -3.07 2.6 -0.25 -3.07
3 15 0.52 -0.25 -4.296286 2.516279 -0.25 -3.07 1.03 -0.25 -1.03
3 15 0.52 -0.25 -4.296286 1.03 -0.25 -1.03 0.973109 -0.25 -0.920215
4 15 -3.4 -0.25 -2.104157 -3.4 -0.25 -2.28 0.973109 -0.25 -0.920215 1.061891 -0.25 -0.48
4 15 -3.781216 -0.25 -1.852932 -3.4 -0.25 -2.104157 1.061891 -0.25 -0.48 -4.413109 -0.25 -0.920215
4 15 -4.52811 -0.25 -0.35 -4.413109 -0.25 -0.920215 1.061891 -0.25 -0.48 -4.586597 -0.25 0.42
4 15 -4.88 -0.25 -0.35 -4.52811 -0.25 -0.35 -4.586597 -0.25 0.42 -4.88 -0.25 0.42
4 15 -4.413109 -0.25 1.280215 -4.586597 -0.25 0.42 1.061891 -0.25 -0.48 1.72 -0.25 -0.48
3 15 -4.413109 -0.25 1.280215 1.72 -0.25 -0.48 1.146597 -0.25 0.42
3 15 1.146597 -0.25 0.42 1.72 -0.25 -0.48 2.6 -0.25 0.42
4 15 -4.413109 -0.25 1.280215 1.146597 -0.25 0.42 0.973109 -0.25 1.280215 -3.781216 -0.25 2.212932
4 15 -3.527703 -0.25 2.38 -3.781216 -0.25 2.212932 0.973109 -0.25 1.280215 0.52 -0.25 1.949035
4 15 -3.527703 -0.25 2.38 0.52 -0.25 1.949035 0.52 -0.25 2.38 -0.1 -0.25 3.13
3 15 -3.527703 -0.25 2.38 -0.1 -0.25 3.13 -2.18 -0.25 3.13
4 15 -3.527703 -0.25 2.38 -2.18 -0.25 3.13 -2.8 -0.25 3.13 -4.88 -0.25 2.38
3 15 -4.88 -0.25 3.13 -4.88 -0.25 2.38 -2.8 -0.25 3.13
4 15 -4.88 -0.25 5.92 -4.88 -0.25 5.05 -2.8 -0.25 5.05 -2.8 -0.25 5.92
4 15 -2.18 -0.25 5.92 -2.8 -0.25 5.92 -2.8 -0.25 5.05 -2.18 -0.25 5.05
4 15 -2.8 -0.25 6.39 -2.8 -0.25 5.92 -2.18 -0.25 5.92 -2.18 -0.25 6.39
4 15 -2.8 -0.25 5.05 -2.8 -0.25 3.13 -2.18 -0.25 3.13 -2.18 -0.25 5.05
4 15 -2.18 -0.25 5.92 -2.18 -0.25 5.05 -0.1 -0.25 5.05 -0.1 -0.25 5.92
4 15 0.52 -0.25 5.92 -0.1 -0.25 5.92 -0.1 -0.25 5.05 0.52 -0.25 5.05
4 15 -0.1 -0.25 6.39 -0.1 -0.25 5.92 0.52 -0.25 5.92 0.52 -0.25 6.39
4 15 0.52 -0.25 2.38 1.687788 -0.25 2.38 1.475233 -0.25 3.13 0.52 -0.25 3.13
3 15 -0.1 -0.25 3.13 0.52 -0.25 2.38 0.52 -0.25 3.13
4 15 -0.1 -0.25 3.13 0.52 -0.25 3.13 0.52 -0.25 5.05 -0.1 -0.25 5.05
4 15 0.52 -0.25 5.92 0.52 -0.25 5.05 2.517721 -0.25 5.05 2.6 -0.25 5.92
4 15 3.22 -0.25 5.92 2.6 -0.25 5.92 2.517721 -0.25 5.05 4.025405 -0.25 1.97551
4 15 2.6 -0.25 6.39 2.6 -0.25 5.92 3.22 -0.25 5.92 3.22 -0.25 6.39
4 15 2.6 -0.25 0.42 3.22 -0.25 0.804091 3.22 -0.25 1.641797 2.6 -0.25 1.676843
4 15 2.6 -0.25 1.676843 3.22 -0.25 1.641797 2.514404 -0.25 4.983885 2.429005 -0.25 4.967882
4 15 2.460467 -0.25 1.701292 2.6 -0.25 1.676843 2.429005 -0.25 4.967882 1.994595 -0.25 1.97551
4 15 1.687788 -0.25 2.38 1.994595 -0.25 1.97551 2.429005 -0.25 4.967882 1.885596 -0.25 4.625815
4 15 1.687788 -0.25 2.38 1.885596 -0.25 4.625815 1.522502 -0.25 4.113874 1.475233 -0.25 3.13
3 15 1.395 -0.25 3.51 1.475233 -0.25 3.13 1.522502 -0.25 4.113874
4 15 2.514404 -0.25 4.983885 3.22 -0.25 1.641797 3.559533 -0.25 1.701292 4.025405 -0.25 1.97551
3 15 2.514404 -0.25 4.983885 4.025405 -0.25 1.97551 2.517721 -0.25 5.05
4 15 3.91 -0.25 4.842611 3.22 -0.25 5.92 4.025405 -0.25 1.97551 4.664767 -0.25 3.13
3 15 3.22 -0.25 5.92 3.91 -0.25 4.842611 3.91 -0.25 5.05
4 15 3.22 -0.25 5.92 3.91 -0.25 5.05 5.3 -0.25 5.05 5.3 -0.25 5.92
4 15 4.336691 -0.25 2.385905 5.138741 -0.25 2.38 5.3 -0.25 3.13 4.664767 -0.25 3.13
3 15 4.025405 -0.25 1.97551 4.336691 -0.25 2.385905 4.664767 -0.25 3.13
4 15 4.254404 -0.25 4.625815 3.91 -0.25 4.842611 4.664767 -0.25 3.13 4.745 -0.25 3.51
3 15 4.254404 -0.25 4.625815 4.745 -0.25 3.51 4.617498 -0.25 4.113874
4 0 -8.8 -0.25 -8.8 -7.15 -0.25 -6.32 -7.15 -0.25 6.32 -8.8 -0.25 8.8
4 0 8.8 -0.25 -8.8 8.8 -0.25 8.8 7.15 -0.25 6.32 7.15 -0.25 -6.32
