0 Sticker  1.8 x  1.8 with Yellow "LT" in Elliptical Shape on Black Background
0 Name: 168315i.dat
0 Author: Max Martin Richter [MMR1988]
0 !LDRAW_ORG Unofficial_Part
0 !LICENSE Redistributable under CCAL version 2.0 : see CAreadme.txt

0 BFC CERTIFY CCW

0 !KEYWORDS Supercar, Set 8880

1 16 0 -0.25 0 18 0 0 0 0.25 0 0 0 18 box5-12.dat

4 14 -11.51156 -0.25 -6.154502 -9.190251 -0.25 -4.80707 -9.400706 -0.25 -4.566 -12.56603 -0.25 -5.18
4 14 -12.56603 -0.25 -5.18 -9.400706 -0.25 -4.566 -10.02871 -0.25 -3.658908 -13.40549 -0.25 -4.128844
4 14 -13.40549 -0.25 -4.128844 -10.02871 -0.25 -3.658908 -10.48512 -0.25 -2.701189 -14.01558 -0.25 -3.019019
4 14 -9.379292 -0.25 -6.15696 -10.53028 -0.25 -6.85756 -10.26012 -0.25 -7.035677 -8.833128 -0.25 -7.808446
4 14 -9.379292 -0.25 -6.15696 -8.833128 -0.25 -7.808446 -7.255 -0.25 -8.459588 -5.552737 -0.25 -8.977961
4 14 -9.379292 -0.25 -6.15696 -5.552737 -0.25 -8.977961 -4.614822 -0.25 -7.694721 -8.420281 -0.25 -5.573214
4 14 -4.614822 -0.25 -7.694721 3 -0.25 5.5 3 -0.25 5.6 2.8 -0.25 5.8
4 14 -4.614822 -0.25 -7.694721 2.8 -0.25 5.8 2 -0.25 6 1.1 -0.25 6.1
4 14 -4.614822 -0.25 -7.694721 1.1 -0.25 6.1 0.2 -0.25 6.1 -1.7 -0.25 2.6
4 14 -1.4 -0.25 3.5 -1.7 -0.25 2.6 0.2 -0.25 6.1 -0.4 -0.25 6.1
3 14 -0.4 -0.25 6.1 -1.1 -0.25 4.6 -1.4 -0.25 3.5
4 14 -1.1 -0.25 5.8 -1.1 -0.25 4.6 -0.4 -0.25 6.1 -0.9 -0.25 6.1
3 14 -7.4 -0.25 -4.8 -8.420281 -0.25 -5.573214 -4.614822 -0.25 -7.694721
3 14 -6.4 -0.25 -3.9 -7.4 -0.25 -4.8 -4.614822 -0.25 -7.694721
3 14 -5.4 -0.25 -2.9 -6.4 -0.25 -3.9 -4.614822 -0.25 -7.694721
3 14 -4.4 -0.25 -1.9 -5.4 -0.25 -2.9 -4.614822 -0.25 -7.694721
3 14 -3.6 -0.25 -0.8 -4.4 -0.25 -1.9 -4.614822 -0.25 -7.694721
3 14 -2.9 -0.25 0.3 -3.6 -0.25 -0.8 -4.614822 -0.25 -7.694721
3 14 -1.7 -0.25 2.6 -2.3 -0.25 1.3 -4.614822 -0.25 -7.694721
3 14 -2.3 -0.25 1.3 -2.9 -0.25 0.3 -4.614822 -0.25 -7.694721
4 14 -3 -0.25 -6.8 -3.1 -0.25 -7 -3.1 -0.25 -7.1 -3 -0.25 -7.2
4 14 -3 -0.25 -6.8 -3 -0.25 -7.2 -2.1 -0.25 -7.4 -0.4 -0.25 -7.6
4 14 -3 -0.25 -6.8 -0.4 -0.25 -7.6 0.57 -0.25 -7.65 0.9 -0.25 -7.5
4 14 -3 -0.25 -6.8 0.9 -0.25 -7.5 1 -0.25 -7.2 1 -0.25 -6.6
3 14 1.25 -0.25 -5.47 -3 -0.25 -6.8 1 -0.25 -6.6
3 14 1.57 -0.25 -4.47 -3 -0.25 -6.8 1.25 -0.25 -5.47
3 14 2.13 -0.25 -3.23 -3 -0.25 -6.8 1.57 -0.25 -4.47
4 14 -3 -0.25 -6.8 2.13 -0.25 -3.23 2.88 -0.25 -1.83 4.664033 -0.25 6.278839
3 14 4.664033 -0.25 6.278839 2.88 -0.25 -1.83 3.52 -0.25 -0.79
4 14 8.56 -0.25 4.02 10.26012 -0.25 5.635677 8.833128 -0.25 6.408446 7.255 -0.25 7.059588
4 14 8.56 -0.25 4.02 7.255 -0.25 7.059588 4.664033 -0.25 6.278839 8.23 -0.25 3.96
3 14 4.664033 -0.25 6.278839 7.43 -0.25 3.33 8.23 -0.25 3.96
3 14 4.664033 -0.25 6.278839 3.52 -0.25 -0.79 4.85 -0.25 0.9
3 14 4.664033 -0.25 6.278839 4.85 -0.25 0.9 5.88 -0.25 2.01
3 14 4.664033 -0.25 6.278839 5.88 -0.25 2.01 7.43 -0.25 3.33
4 14 -14.38586 -0.25 -1.869515 -14.01558 -0.25 -3.019019 -10.48512 -0.25 -2.701189 -10.76213 -0.25 -1.709229
4 14 -14.51 -0.25 -0.7 -14.38586 -0.25 -1.869515 -10.76213 -0.25 -1.709229 -10.855 -0.25 -0.7
4 14 -14.38586 -0.25 0.469515 -14.51 -0.25 -0.7 -10.855 -0.25 -0.7 -10.76213 -0.25 0.309229
4 14 -14.01558 -0.25 1.619019 -14.38586 -0.25 0.469515 -10.76213 -0.25 0.309229 -10.48512 -0.25 1.301189
4 14 -13.40549 -0.25 2.728844 -14.01558 -0.25 1.619019 -10.48512 -0.25 1.301189 -10.02871 -0.25 2.258908
4 14 -12.56603 -0.25 3.78 -13.40549 -0.25 2.728844 -10.02871 -0.25 2.258908 -9.400706 -0.25 3.166
4 14 -11.51156 -0.25 4.754502 -12.56603 -0.25 3.78 -9.400706 -0.25 3.166 -8.611851 -0.25 4.006943
4 14 -10.26012 -0.25 5.635677 -11.51156 -0.25 4.754502 -8.611851 -0.25 4.006943 -7.675644 -0.25 4.76735
4 14 -8.833128 -0.25 6.408446 -10.26012 -0.25 5.635677 -7.675644 -0.25 4.76735 -6.608105 -0.25 5.434208
4 14 -7.255 -0.25 7.059588 -8.833128 -0.25 6.408446 -6.608105 -0.25 5.434208 -5.4275 -0.25 5.996108
4 14 -5.552737 -0.25 7.577961 -7.255 -0.25 7.059588 -5.4275 -0.25 5.996108 -4.154029 -0.25 6.443437
4 14 -3.755464 -0.25 7.954695 -5.552737 -0.25 7.577961 -4.154029 -0.25 6.443437 -2.809481 -0.25 6.768538
4 14 -1.893935 -0.25 8.183346 -3.755464 -0.25 7.954695 -2.809481 -0.25 6.768538 -1.416862 -0.25 6.965852
4 14 0 -0.25 8.26 -1.893935 -0.25 8.183346 -1.416862 -0.25 6.965852 0 -0.25 7.032
4 14 1.893935 -0.25 8.183346 0 -0.25 8.26 0 -0.25 7.032 1.416862 -0.25 6.965852
4 14 3.755464 -0.25 7.954695 1.893935 -0.25 8.183346 1.416862 -0.25 6.965852 2.809481 -0.25 6.768538
4 14 5.552737 -0.25 7.577961 3.755464 -0.25 7.954695 2.809481 -0.25 6.768538 4.154029 -0.25 6.443437
4 14 7.255 -0.25 7.059588 5.552737 -0.25 7.577961 4.154029 -0.25 6.443437 4.664033 -0.25 6.278839
4 14 11.51156 -0.25 4.754502 10.26012 -0.25 5.635677 8.56 -0.25 4.02 9.42 -0.25 3.18
4 14 12.56603 -0.25 3.78 11.51156 -0.25 4.754502 9.42 -0.25 3.18 10.02871 -0.25 2.258908
4 14 13.40549 -0.25 2.728844 12.56603 -0.25 3.78 10.02871 -0.25 2.258908 10.48512 -0.25 1.301189
4 14 14.01558 -0.25 1.619019 13.40549 -0.25 2.728844 10.48512 -0.25 1.301189 10.76213 -0.25 0.309229
4 14 14.38586 -0.25 0.469515 14.01558 -0.25 1.619019 10.76213 -0.25 0.309229 14.51 -0.25 -0.7
4 14 14.51 -0.25 -0.7 10.76213 -0.25 0.309229 10.855 -0.25 -0.7 14.38586 -0.25 -1.869515
4 14 14.38586 -0.25 -1.869515 10.855 -0.25 -0.7 10.76213 -0.25 -1.709229 14.01558 -0.25 -3.019019
4 14 14.01558 -0.25 -3.019019 10.76213 -0.25 -1.709229 10.48512 -0.25 -2.701189 13.40549 -0.25 -4.128844
4 14 13.40549 -0.25 -4.128844 10.48512 -0.25 -2.701189 10.02871 -0.25 -3.658908 12.56603 -0.25 -5.18
4 14 12.56603 -0.25 -5.18 10.02871 -0.25 -3.658908 9.400706 -0.25 -4.566 11.5 -0.25 -6.16
4 14 11.5 -0.25 -6.16 9.400706 -0.25 -4.566 8.611851 -0.25 -5.406943 10.26012 -0.25 -7.035677
4 14 10.26012 -0.25 -7.035677 8.611851 -0.25 -5.406943 7.675644 -0.25 -6.16735 8.833128 -0.25 -7.808446
4 14 8.833128 -0.25 -7.808446 7.675644 -0.25 -6.16735 6.608105 -0.25 -6.834208 7.255 -0.25 -8.459588
4 14 7.255 -0.25 -8.459588 6.608105 -0.25 -6.834208 5.4275 -0.25 -7.396108 5.552737 -0.25 -8.977961
4 14 5.552737 -0.25 -8.977961 5.4275 -0.25 -7.396108 4.154029 -0.25 -7.843437 3.755464 -0.25 -9.354695
4 14 3.755464 -0.25 -9.354695 4.154029 -0.25 -7.843437 2.809481 -0.25 -8.168538 1.893935 -0.25 -9.583346
4 14 1.893935 -0.25 -9.583346 2.809481 -0.25 -8.168538 1.416862 -0.25 -8.365852 0 -0.25 -9.66
3 14 1.416862 -0.25 -8.365852 0 -0.25 -8.432 0 -0.25 -9.66
4 14 0 -0.25 -9.66 0 -0.25 -8.432 -1.416862 -0.25 -8.365852 -1.893935 -0.25 -9.583346
4 14 -1.893935 -0.25 -9.583346 -1.416862 -0.25 -8.365852 -2.809481 -0.25 -8.168538 -3.755464 -0.25 -9.354695
4 14 -3.755464 -0.25 -9.354695 -2.809481 -0.25 -8.168538 -4.154029 -0.25 -7.843437 -5.552737 -0.25 -8.977961
3 14 -4.614822 -0.25 -7.694721 -5.552737 -0.25 -8.977961 -4.154029 -0.25 -7.843437
4 0 18 -0.25 18 -18 -0.25 18 0 -0.25 8.26 1.893935 -0.25 8.183346
3 0 18 -0.25 18 1.893935 -0.25 8.183346 3.755464 -0.25 7.954695
3 0 18 -0.25 18 3.755464 -0.25 7.954695 5.552737 -0.25 7.577961
3 0 18 -0.25 18 5.552737 -0.25 7.577961 7.255 -0.25 7.059588
3 0 18 -0.25 18 7.255 -0.25 7.059588 8.833128 -0.25 6.408446
3 0 18 -0.25 18 8.833128 -0.25 6.408446 10.26012 -0.25 5.635677
3 0 18 -0.25 18 10.26012 -0.25 5.635677 11.51156 -0.25 4.754502
3 0 18 -0.25 18 11.51156 -0.25 4.754502 12.56603 -0.25 3.78
3 0 18 -0.25 18 12.56603 -0.25 3.78 13.40549 -0.25 2.728844
3 0 18 -0.25 18 13.40549 -0.25 2.728844 14.01558 -0.25 1.619019
3 0 18 -0.25 18 14.01558 -0.25 1.619019 14.38586 -0.25 0.469515
4 0 18 -0.25 18 14.38586 -0.25 0.469515 14.51 -0.25 -0.7 18 -0.25 -18
3 0 14.51 -0.25 -0.7 14.38586 -0.25 -1.869515 18 -0.25 -18
3 0 14.38586 -0.25 -1.869515 14.01558 -0.25 -3.019019 18 -0.25 -18
3 0 14.01558 -0.25 -3.019019 13.40549 -0.25 -4.128844 18 -0.25 -18
3 0 13.40549 -0.25 -4.128844 12.56603 -0.25 -5.18 18 -0.25 -18
3 0 12.56603 -0.25 -5.18 11.5 -0.25 -6.16 18 -0.25 -18
3 0 10.26012 -0.25 -7.035677 8.833128 -0.25 -7.808446 18 -0.25 -18
3 0 8.833128 -0.25 -7.808446 7.255 -0.25 -8.459588 18 -0.25 -18
3 0 7.255 -0.25 -8.459588 5.552737 -0.25 -8.977961 18 -0.25 -18
3 0 5.552737 -0.25 -8.977961 3.755464 -0.25 -9.354695 18 -0.25 -18
3 0 3.755464 -0.25 -9.354695 1.893935 -0.25 -9.583346 18 -0.25 -18
4 0 18 -0.25 -18 1.893935 -0.25 -9.583346 0 -0.25 -9.66 -18 -0.25 -18
3 0 -1.893935 -0.25 -9.583346 -18 -0.25 -18 0 -0.25 -9.66
3 0 -3.755464 -0.25 -9.354695 -18 -0.25 -18 -1.893935 -0.25 -9.583346
3 0 -7.255 -0.25 -8.459588 -18 -0.25 -18 -5.552737 -0.25 -8.977961
3 0 -8.833128 -0.25 -7.808446 -18 -0.25 -18 -7.255 -0.25 -8.459588
3 0 -10.26012 -0.25 -7.035677 -18 -0.25 -18 -8.833128 -0.25 -7.808446
3 0 -10.53028 -0.25 -6.85756 -18 -0.25 -18 -10.26012 -0.25 -7.035677
4 0 -18 -0.25 -18 -10.53028 -0.25 -6.85756 -11.31116 -0.25 -6.284259 -11.51156 -0.25 -6.154502
3 0 -12.56603 -0.25 -5.18 -18 -0.25 -18 -11.51156 -0.25 -6.154502
3 0 -13.40549 -0.25 -4.128844 -18 -0.25 -18 -12.56603 -0.25 -5.18
3 0 -14.01558 -0.25 -3.019019 -18 -0.25 -18 -13.40549 -0.25 -4.128844
3 0 -14.38586 -0.25 -1.869515 -18 -0.25 -18 -14.01558 -0.25 -3.019019
4 0 -18 -0.25 -18 -14.38586 -0.25 -1.869515 -14.51 -0.25 -0.7 -18 -0.25 18
3 0 -18 -0.25 18 -14.51 -0.25 -0.7 -14.38586 -0.25 0.469515
3 0 -18 -0.25 18 -14.38586 -0.25 0.469515 -14.01558 -0.25 1.619019
3 0 -18 -0.25 18 -14.01558 -0.25 1.619019 -13.40549 -0.25 2.728844
3 0 -18 -0.25 18 -13.40549 -0.25 2.728844 -12.56603 -0.25 3.78
3 0 -18 -0.25 18 -12.56603 -0.25 3.78 -11.51156 -0.25 4.754502
3 0 -18 -0.25 18 -11.51156 -0.25 4.754502 -10.26012 -0.25 5.635677
3 0 -18 -0.25 18 -10.26012 -0.25 5.635677 -8.833128 -0.25 6.408446
3 0 -18 -0.25 18 -8.833128 -0.25 6.408446 -7.255 -0.25 7.059588
3 0 -18 -0.25 18 -7.255 -0.25 7.059588 -5.552737 -0.25 7.577961
3 0 -18 -0.25 18 -5.552737 -0.25 7.577961 -3.755464 -0.25 7.954695
3 0 -18 -0.25 18 -3.755464 -0.25 7.954695 -1.893935 -0.25 8.183346
3 0 -18 -0.25 18 -1.893935 -0.25 8.183346 0 -0.25 8.26
4 0 -11.31116 -0.25 -6.284259 -10.53028 -0.25 -6.85756 -9.379292 -0.25 -6.15696 -9.190251 -0.25 -4.80707
4 0 -9.190251 -0.25 -4.80707 -9.379292 -0.25 -6.15696 -8.420281 -0.25 -5.573214 -7.4 -0.25 -4.8
4 0 -9.190251 -0.25 -4.80707 -7.4 -0.25 -4.8 -6.4 -0.25 -3.9 -5.4 -0.25 -2.9
4 0 -9.400706 -0.25 -4.566 -9.190251 -0.25 -4.80707 -5.4 -0.25 -2.9 -10.02871 -0.25 -3.658908
4 0 -10.48512 -0.25 -2.701189 -10.02871 -0.25 -3.658908 -5.4 -0.25 -2.9 -10.76213 -0.25 -1.709229
4 0 -10.855 -0.25 -0.7 -10.76213 -0.25 -1.709229 -5.4 -0.25 -2.9 -10.76213 -0.25 0.309229
4 0 -10.76213 -0.25 0.309229 -5.4 -0.25 -2.9 -4.4 -0.25 -1.9 -3.6 -0.25 -0.8
4 0 -10.48512 -0.25 1.301189 -10.76213 -0.25 0.309229 -3.6 -0.25 -0.8 -10.02871 -0.25 2.258908
4 0 -9.400706 -0.25 3.166 -10.02871 -0.25 2.258908 -3.6 -0.25 -0.8 -8.611851 -0.25 4.006943
4 0 -7.675644 -0.25 4.76735 -8.611851 -0.25 4.006943 -3.6 -0.25 -0.8 -2.9 -0.25 0.3
4 0 -7.675644 -0.25 4.76735 -2.9 -0.25 0.3 -2.3 -0.25 1.3 -6.608105 -0.25 5.434208
4 0 -5.4275 -0.25 5.996108 -6.608105 -0.25 5.434208 -2.3 -0.25 1.3 -4.154029 -0.25 6.443437
4 0 -2.809481 -0.25 6.768538 -4.154029 -0.25 6.443437 -2.3 -0.25 1.3 -1.7 -0.25 2.6
4 0 -2.809481 -0.25 6.768538 -1.7 -0.25 2.6 -1.4 -0.25 3.5 -1.1 -0.25 4.6
3 0 -2.809481 -0.25 6.768538 -1.1 -0.25 4.6 -1.1 -0.25 5.8
4 0 -2.809481 -0.25 6.768538 -1.1 -0.25 5.8 -0.9 -0.25 6.1 -1.416862 -0.25 6.965852
4 0 0 -0.25 7.032 -1.416862 -0.25 6.965852 -0.9 -0.25 6.1 -0.4 -0.25 6.1
4 0 0 -0.25 7.032 -0.4 -0.25 6.1 0.2 -0.25 6.1 1.416862 -0.25 6.965852
3 0 1.416862 -0.25 6.965852 0.2 -0.25 6.1 1.1 -0.25 6.1
4 0 1.416862 -0.25 6.965852 1.1 -0.25 6.1 2 -0.25 6 2.809481 -0.25 6.768538
4 0 2.809481 -0.25 6.768538 2 -0.25 6 2.8 -0.25 5.8 4.154029 -0.25 6.443437
4 0 4.154029 -0.25 6.443437 2.8 -0.25 5.8 3 -0.25 5.6 4.664033 -0.25 6.278839
3 0 4.664033 -0.25 6.278839 3 -0.25 5.6 3 -0.25 5.5
4 0 -3 -0.25 -6.8 4.664033 -0.25 6.278839 3 -0.25 5.5 -4.614822 -0.25 -7.694721
3 0 -3 -0.25 -6.8 -4.614822 -0.25 -7.694721 -3.1 -0.25 -7
3 0 -3.1 -0.25 -7 -4.614822 -0.25 -7.694721 -3.1 -0.25 -7.1
4 0 -3 -0.25 -7.2 -3.1 -0.25 -7.1 -4.614822 -0.25 -7.694721 -4.154029 -0.25 -7.843437
4 0 -3 -0.25 -7.2 -4.154029 -0.25 -7.843437 -2.809481 -0.25 -8.168538 -2.1 -0.25 -7.4
4 0 -2.1 -0.25 -7.4 -2.809481 -0.25 -8.168538 -1.416862 -0.25 -8.365852 -0.4 -0.25 -7.6
4 0 -0.4 -0.25 -7.6 -1.416862 -0.25 -8.365852 0 -0.25 -8.432 0.57 -0.25 -7.65
4 0 0.57 -0.25 -7.65 0 -0.25 -8.432 1.416862 -0.25 -8.365852 0.9 -0.25 -7.5
4 0 0.9 -0.25 -7.5 1.416862 -0.25 -8.365852 2.809481 -0.25 -8.168538 4.154029 -0.25 -7.843437
4 0 0.9 -0.25 -7.5 4.154029 -0.25 -7.843437 5.4275 -0.25 -7.396108 6.608105 -0.25 -6.834208
3 0 6.608105 -0.25 -6.834208 1 -0.25 -7.2 0.9 -0.25 -7.5
4 0 1 -0.25 -6.6 1 -0.25 -7.2 6.608105 -0.25 -6.834208 1.25 -0.25 -5.47
4 0 1.57 -0.25 -4.47 1.25 -0.25 -5.47 6.608105 -0.25 -6.834208 2.13 -0.25 -3.23
4 0 2.13 -0.25 -3.23 6.608105 -0.25 -6.834208 7.675644 -0.25 -6.16735 8.611851 -0.25 -5.406943
4 0 2.13 -0.25 -3.23 8.611851 -0.25 -5.406943 9.400706 -0.25 -4.566 10.02871 -0.25 -3.658908
4 0 2.13 -0.25 -3.23 10.02871 -0.25 -3.658908 10.48512 -0.25 -2.701189 10.76213 -0.25 -1.709229
4 0 2.13 -0.25 -3.23 10.76213 -0.25 -1.709229 10.855 -0.25 -0.7 2.88 -0.25 -1.83
4 0 3.52 -0.25 -0.79 2.88 -0.25 -1.83 10.855 -0.25 -0.7 10.76213 -0.25 0.309229
4 0 3.52 -0.25 -0.79 10.76213 -0.25 0.309229 10.48512 -0.25 1.301189 4.85 -0.25 0.9
4 0 4.85 -0.25 0.9 10.48512 -0.25 1.301189 10.02871 -0.25 2.258908 9.42 -0.25 3.18
4 0 4.85 -0.25 0.9 9.42 -0.25 3.18 8.56 -0.25 4.02 5.88 -0.25 2.01
4 0 7.43 -0.25 3.33 5.88 -0.25 2.01 8.56 -0.25 4.02 8.23 -0.25 3.96
3 0 -5.552737 -0.25 -8.977961 -18 -0.25 -18 -3.755464 -0.25 -9.354695
3 0 11.5 -0.25 -6.16 10.26012 -0.25 -7.035677 18 -0.25 -18
3 14 -9.190251 -0.25 -4.80707 -11.51156 -0.25 -6.154502 -11.31116 -0.25 -6.284259
