0 Sticker  4.0 x  1.0 Diagonal Stripe Up Left
0 Name: 168335i.dat
0 Author: Ulrich Röder [UR]
0 !LICENSE Licensed under CC BY 4.0 : see CAreadme.txt
0 BFC CERTIFY CCW
0 !KEYWORDS Set 5591
3 0 -20 -0.25 40 -20 -0.25 32.237 0 -0.25 40
4 0 0 -0.25 40 -20 -0.25 32.237 0 -0.25 -40 20 -0.25 -40
4 16 0 -0.25 -40 -20 -0.25 32.237 -20 0 32.237 0 0 -40
4 16 -20 -0.25 32.237 -20 -0.25 40 -20 0 40 -20 0 32.237
4 16 -20 -0.25 40 0 -0.25 40 0 0 40 -20 0 40
4 16 0 -0.25 40 20 -0.25 -40 20 0 -40 0 0 40
4 16 20 -0.25 -40 0 -0.25 -40 0 0 -40 20 0 -40
3 16 0 0 40 -20 0 32.237 -20 0 40
4 16 20 0 -40 0 0 -40 -20 0 32.237 0 0 40
