0 Bracket  3 x  2 x  1.333
0 Name: 18671.dat
0 Author: Owen Burgoyne [C3POwen]
0 !LICENSE Licensed under CC BY 4.0 : see CAreadme.txt
0 BFC CERTIFY CCW
1 16 0 0 0 1 0 0 0 1 0 0 0 1 s\18671s01.dat
1 16 0 4 0 1 0 0 0 -7 0 0 0 1 stud3.dat
1 16 0 4 0 0 0 .75 0 22 0 -6 0 0 box3u2p.dat
2 24 0 26 4 .75 26 3.851
2 24 -.75 26 3.851 0 26 4
2 24 -.75 4 3.851 -.75 26 3.851
2 24 .75 4 3.851 .75 26 3.851
2 24 -.75 26 -3.851 0 26 -4
2 24 0 26 -4 .75 26 -3.851
2 24 -.75 4 -3.851 -.75 26 -3.851
2 24 .75 4 -3.851 .75 26 -3.851
