0 Sticker  3.1 x  3.1 Round with Black "6" on White
0 Name: 190775a.dat
0 Author: Donald Sutter [technog]
0 !LICENSE Licensed under CC BY 4.0 : see CAreadme.txt
0 BFC CERTIFY CCW
0 !KEYWORDS Bricklink 8842stk01, Brickowl 470144, Go-kart, Rebrickable 190775
0 !KEYWORDS Set 8842, Technic
1 16 0 0 0 31 0 0 0 -0.25 0 0 0 31 4-4cylc3.dat
1 15 0 -0.25 0 31 0 0 0 1 0 0 0 31 4-4ering.dat
1 15 0 -.25 0 48 0 0 0 1 0 0 0 48 type-swiss721bt-bold-n6.dat
3 15 0 -.25 31 -11.8637 -.25 28.6409 11.8637 -.25 28.6409
4 15 16.8 -.25 24 11.8637 -.25 28.6409 -11.8637 -.25 28.6409 -16.8 -.25 24
3 15 -16.8 -.25 24 -11.8637 -.25 28.6409 -21.9201 -.25 21.9201
3 15 -28.6409 -.25 11.8637 -31 -.25 0 -28.6409 -.25 -11.8637
4 15 -21.9201 -.25 21.9201 -28.6409 -.25 11.8637 -28.6409 -.25 -11.8637 -21.9201 -.25 -21.9201
4 15 -16.8 -.25 24 -21.9201 -.25 21.9201 -21.9201 -.25 -21.9201 -16.8 -.25 -24
3 15 -16.8 -.25 -24 -21.9201 -.25 -21.9201 -11.8637 -.25 -28.6409
4 15 11.8637 -.25 -28.6409 16.8 -.25 -24 -16.8 -.25 -24 -11.8637 -.25 -28.6409
3 15 11.8637 -.25 -28.6409 -11.8637 -.25 -28.6409 0 -.25 -31
3 15 16.8 -.25 -24 11.8637 -.25 -28.6409 21.9201 -.25 -21.9201
4 15 16.8 -.25 -24 21.9201 -.25 -21.9201 21.9201 -.25 21.9201 16.8 -.25 24
4 15 21.9201 -.25 -21.9201 28.6409 -.25 -11.8637 28.6409 -.25 11.8637 21.9201 -.25 21.9201
3 15 28.6409 -.25 -11.8637 31 -.25 0 28.6409 -.25 11.8637
3 15 16.8 -.25 24 21.9201 -.25 21.9201 11.8637 -.25 28.6409
