0 Cardboard  6 x  6 Thick with Rounded Corners with Silver Top
0 Name: 191765.dat
0 Author: Steffen [Steffen]
0 !LICENSE Licensed under CC BY 4.0 : see CAreadme.txt
0 !HELP For Plate 8 x 8 with Grille
0 BFC CERTIFY CCW
0 !CATEGORY Sheet Cardboard
0 !KEYWORDS Scala, set 4336
1 383 -52 0 52 0 0 -8 0 1 0 8 0 0 1-4disc.dat
1 383 52 0 52 8 0 0 0 1 0 0 0 8 1-4disc.dat
1 383 52 0 -52 0 0 8 0 1 0 -8 0 0 1-4disc.dat
1 383 -52 0 -52 -8 0 0 0 1 0 0 0 -8 1-4disc.dat
4 383 -52 0 -52 52 0 -52 52 0 52 -52 0 52
4 383 -52 0 52 52 0 52 52 0 60 -52 0 60
4 383 -52 0 -60 52 0 -60 52 0 -52 -52 0 -52
4 383 -52 0 -52 -52 0 52 -60 0 52 -60 0 -52
4 383 60 0 -52 60 0 52 52 0 52 52 0 -52
4 16 -52 2 52 52 2 52 52 2 -52 -52 2 -52
4 16 -52 2 -52 52 2 -52 52 2 -60 -52 2 -60
4 16 -52 2 60 52 2 60 52 2 52 -52 2 52
4 16 -52 2 52 -52 2 -52 -60 2 -52 -60 2 52
4 16 60 2 52 60 2 -52 52 2 -52 52 2 52
1 16 -52 2 -52 0 0 -8 0 -2 0 -8 0 0 1-4cylc.dat
1 16 -52 2 52 -8 0 0 0 -2 0 0 0 8 1-4cylc.dat
1 16 52 2 52 0 0 8 0 -2 0 8 0 0 1-4cylc.dat
1 16 52 2 -52 8 0 0 0 -2 0 0 0 -8 1-4cylc.dat
4 16 60 2 -52 60 2 52 60 0 52 60 0 -52
4 16 52 2 60 -52 2 60 -52 0 60 52 0 60
4 16 -60 2 52 -60 2 -52 -60 0 -52 -60 0 52
4 16 -52 2 -60 52 2 -60 52 0 -60 -52 0 -60
2 24 -52 0 -60 52 0 -60
2 24 -52 2 -60 52 2 -60
2 24 60 0 -52 60 0 52
2 24 60 2 -52 60 2 52
2 24 52 0 60 -52 0 60
2 24 52 2 60 -52 2 60
2 24 -60 0 52 -60 0 -52
2 24 -60 2 52 -60 2 -52
