0 Sticker  1.2 x  0.8 with Yellow and Black Diagonal Stripes
0 Name: 191936e.dat
0 Author: Steffen [Steffen]
0 !LICENSE Licensed under CC BY 4.0 : see CAreadme.txt
0 BFC CERTIFY CW
0 !KEYWORDS Set 7760, Train
1 16 0 -.25 0 8 0 0 0 .25 0 0 0 12 box5-12.dat
3 0 -6 -.25 -12 -8 -.25 -12 -8 -.25 -10
4 0 8 -.25 -3 8 -.25 -8 -8 -.25 12 -7 -.25 12
3 0 0 -.25 -12 -8 -.25 1 5 -.25 -12
3 0 0 -.25 -12 -8 -.25 -4 -8 -.25 1
3 0 8 -.25 -8 -8 -.25 8 -8 -.25 12
4 0 8 -.25 4 0 -.25 12 5 -.25 12 8 -.25 9
4 14 0 -.25 -12 -6 -.25 -12 -8 -.25 -10 -8 -.25 -4
3 14 8 -.25 -8 8 -.25 -12 5 -.25 -12
4 14 8 -.25 -8 5 -.25 -12 -8 -.25 1 -8 -.25 8
4 14 0 -.25 12 8 -.25 4 8 -.25 -3 -7 -.25 12
3 14 8 -.25 12 8 -.25 9 5 -.25 12
