0 Cone  0 x 0.5
0 Name: 2-4con0.dat
0 Author: Michael Heidemann [mikeheide]
0 !LICENSE Licensed under CC BY 4.0 : see CAreadme.txt
0 BFC CERTIFY CCW
3 16 0 1 0 -0.3827 0 0.9239 0 0 1
3 16 0 1 0 -0.7071 0 0.7071 -0.3827 0 0.9239
3 16 0 1 0 -0.9239 0 0.3827 -0.7071 0 0.7071
3 16 0 1 0 -1 0 0 -0.9239 0 0.3827
3 16 0 1 0 0.9239 0 0.3827 1 0 0
3 16 0 1 0 0.7071 0 0.7071 0.9239 0 0.3827
3 16 0 1 0 0.3827 0 0.9239 0.7071 0 0.7071
3 16 0 1 0 0 0 1 0.3827 0 0.9239
5 24 0 1 0 0 0 1 0.3827 0 0.9239 -0.3827 0 0.9239
5 24 0 1 0 -0.3827 0 0.9239 0 0 1 -0.7071 0 0.7071
5 24 0 1 0 -0.7071 0 0.7071 -0.3827 0 0.9239 -0.9239 0 0.3827
5 24 0 1 0 -0.9239 0 0.3827 -0.7071 0 0.7071 -1 0 0
5 24 0 1 0 -1 0 0 -0.9239 0 0.3827 -0.9239 0 -0.3827
5 24 0 1 0 1 0 0 0.9239 0 -0.3827 0.9239 0 0.3827
5 24 0 1 0 0.9239 0 0.3827 1 0 0 0.7071 0 0.7071
5 24 0 1 0 0.7071 0 0.7071 0.9239 0 0.3827 0.3827 0 0.9239
5 24 0 1 0 0.3827 0 0.9239 0.7071 0 0.7071 0 0 1
