0 Tile  3 x  2 with Angled End with Nexo Power Shield Pattern - Out of Soap
0 Name: 22385p148.dat
0 Author: Johann Eisner [technicbasics]
0 !LDRAW_ORG Unofficial_Part
0 !LICENSE Redistributable under CCAL version 2.0 : see CAreadme.txt

0 BFC CERTIFY CCW

1 16 0 0 0 1 0 0 0 1 0 0 0 1 s\22385s01.dat
4 0x296CA3C 0 0 -19.6 -13.2 0 -5.8 -15.6 0 -7.1 0 0 -22.8
4 288 -9.6 0 -5.8 -12 0 -5.8 0 0 -19.6 0 0 -15.6
3 288 -12 0 -5.8 -13.2 0 -5.8 0 0 -19.6
3 0x296CA3C -15.6 0 26.4 -13.2 0 24.2 -9.6 0 24.2
3 0x296CA3C -15.6 0 26.4 -9.6 0 24.2 -7.2 0 24.2
4 0x296CA3C -15.6 0 26.4 -7.2 0 24.2 -4.8 0 24.2 0 0 26.4
3 0x296CA3C 0 0 26.4 -4.8 0 24.2 -2.4 0 24.2
3 0x296CA3C 0 0 26.4 -2.4 0 24.2 0 0 24.2
4 288 0 0 23 0 0 24.2 -2.4 0 24.2 -2.4 0 23
4 288 -2.4 0 23 -2.4 0 24.2 -4.8 0 24.2 -4.8 0 23
4 288 -4.8 0 23 -4.8 0 24.2 -7.2 0 24.2 -7.2 0 23
4 288 -7.2 0 23 -7.2 0 24.2 -9.6 0 24.2 -9.6 0 23
4 288 -12 0 23 -9.6 0 23 -9.6 0 24.2 -13.2 0 24.2
4 288 -12 0 23 -13.2 0 24.2 -13.2 0 20.6 -12 0 20.6
3 0x296CA3C -15.6 0 26.4 -13.2 0 20.6 -13.2 0 24.2
3 0x296CA3C -15.6 0 26.4 -13.2 0 18.2 -13.2 0 20.6
3 0x296CA3C -15.6 0 26.4 -13.2 0 15.8 -13.2 0 18.2
3 0x296CA3C -15.6 0 26.4 -13.2 0 13.4 -13.2 0 15.8
4 0x296CA3C -13.2 0 11 -13.2 0 13.4 -15.6 0 26.4 -15.6 0 -7.1
3 0x296CA3C -13.2 0 11 -15.6 0 -7.1 -13.2 0 8.6
3 0x296CA3C -13.2 0 8.6 -15.6 0 -7.1 -13.2 0 6.2
3 0x296CA3C -13.2 0 6.2 -15.6 0 -7.1 -13.2 0 3.8
3 0x296CA3C -13.2 0 3.8 -15.6 0 -7.1 -13.2 0 1.4
4 0x296CA3C -12 0 1.4 -9.6 0 1.4 -9.6 0 3.8 -12 0 3.8
4 288 -13.2 0 1.4 -12 0 1.4 -12 0 3.8 -13.2 0 3.8
4 288 -13.2 0 6.2 -13.2 0 3.8 -12 0 3.8 -12 0 6.2
4 0x296CA3C -12 0 6.2 -12 0 3.8 -9.6 0 3.8 -9.6 0 6.2
4 288 -12 0 6.2 -9.6 0 6.2 -9.6 0 8.6 -12 0 8.6
4 288 -13.2 0 6.2 -12 0 6.2 -12 0 8.6 -13.2 0 8.6
4 288 -13.2 0 11 -13.2 0 8.6 -12 0 8.6 -12 0 11
4 288 -12 0 11 -12 0 8.6 -9.6 0 8.6 -9.6 0 11
4 0x296CA3C -12 0 11 -9.6 0 11 -9.6 0 13.4 -12 0 13.4
4 288 -13.2 0 11 -12 0 11 -12 0 13.4 -13.2 0 13.4
4 288 -13.2 0 15.8 -13.2 0 13.4 -12 0 13.4 -12 0 15.8
4 288 -12 0 15.8 -12 0 13.4 -9.6 0 13.4 -9.6 0 15.8
4 288 -13.2 0 18.2 -13.2 0 15.8 -12 0 15.8 -12 0 18.2
4 0x296CA3C -12 0 18.2 -12 0 15.8 -9.6 0 15.8 -9.6 0 18.2
4 288 -12 0 18.2 -9.6 0 18.2 -9.6 0 20.6 -12 0 20.6
4 288 -13.2 0 18.2 -12 0 18.2 -12 0 20.6 -13.2 0 20.6
4 288 -9.6 0 23 -12 0 23 -12 0 20.6 -9.6 0 20.6
4 288 -7.2 0 23 -9.6 0 23 -9.6 0 20.6 -7.2 0 20.6
4 0x296CA3C -4.8 0 23 -7.2 0 23 -7.2 0 20.6 -4.8 0 20.6
4 0x296CA3C -2.4 0 23 -4.8 0 23 -4.8 0 20.6 -2.4 0 20.6
4 288 0 0 23 -2.4 0 23 -2.4 0 20.6 0 0 20.6
4 0x296CA3C 15.6 0 -7.1 13.2 0 -5.8 0 0 -19.6 0 0 -22.8
4 288 0 0 -19.6 12 0 -5.8 9.6 0 -5.8 0 0 -15.6
3 288 13.2 0 -5.8 12 0 -5.8 0 0 -19.6
3 0x296CA3C 15.6 0 26.4 9.6 0 24.2 13.2 0 24.2
3 0x296CA3C 15.6 0 26.4 7.2 0 24.2 9.6 0 24.2
4 0x296CA3C 4.8 0 24.2 7.2 0 24.2 15.6 0 26.4 0 0 26.4
3 0x296CA3C 0 0 26.4 2.4 0 24.2 4.8 0 24.2
3 0x296CA3C 0 0 26.4 0 0 24.2 2.4 0 24.2
4 288 2.4 0 24.2 0 0 24.2 0 0 23 2.4 0 23
4 288 4.8 0 24.2 2.4 0 24.2 2.4 0 23 4.8 0 23
4 288 7.2 0 24.2 4.8 0 24.2 4.8 0 23 7.2 0 23
4 288 9.6 0 24.2 7.2 0 24.2 7.2 0 23 9.6 0 23
4 288 9.6 0 24.2 9.6 0 23 12 0 23 13.2 0 24.2
4 288 13.2 0 20.6 13.2 0 24.2 12 0 23 12 0 20.6
3 0x296CA3C 15.6 0 26.4 13.2 0 24.2 13.2 0 20.6
3 0x296CA3C 15.6 0 26.4 13.2 0 20.6 13.2 0 18.2
3 0x296CA3C 15.6 0 26.4 13.2 0 18.2 13.2 0 15.8
3 0x296CA3C 15.6 0 26.4 13.2 0 15.8 13.2 0 13.4
4 0x296CA3C 15.6 0 26.4 13.2 0 13.4 13.2 0 11 15.6 0 -7.1
3 0x296CA3C 13.2 0 11 13.2 0 8.6 15.6 0 -7.1
3 0x296CA3C 13.2 0 8.6 13.2 0 6.2 15.6 0 -7.1
3 0x296CA3C 13.2 0 6.2 13.2 0 3.8 15.6 0 -7.1
3 0x296CA3C 13.2 0 3.8 13.2 0 1.4 15.6 0 -7.1
4 0x296CA3C 9.6 0 3.8 9.6 0 1.4 12 0 1.4 12 0 3.8
4 288 12 0 3.8 12 0 1.4 13.2 0 1.4 13.2 0 3.8
4 288 12 0 3.8 13.2 0 3.8 13.2 0 6.2 12 0 6.2
4 288 9.6 0 3.8 12 0 3.8 12 0 6.2 9.6 0 6.2
4 288 9.6 0 8.6 9.6 0 6.2 12 0 6.2 12 0 8.6
4 288 12 0 8.6 12 0 6.2 13.2 0 6.2 13.2 0 8.6
4 288 12 0 8.6 13.2 0 8.6 13.2 0 11 12 0 11
4 0x296CA3C 9.6 0 8.6 12 0 8.6 12 0 11 9.6 0 11
4 288 9.6 0 13.4 9.6 0 11 12 0 11 12 0 13.4
4 288 12 0 13.4 12 0 11 13.2 0 11 13.2 0 13.4
4 288 12 0 13.4 13.2 0 13.4 13.2 0 15.8 12 0 15.8
4 0x296CA3C 9.6 0 13.4 12 0 13.4 12 0 15.8 9.6 0 15.8
4 288 12 0 15.8 13.2 0 15.8 13.2 0 18.2 12 0 18.2
4 288 9.6 0 15.8 12 0 15.8 12 0 18.2 9.6 0 18.2
4 0x296CA3C 9.6 0 20.6 9.6 0 18.2 12 0 18.2 12 0 20.6
4 288 12 0 20.6 12 0 18.2 13.2 0 18.2 13.2 0 20.6
4 0x296CA3C 12 0 20.6 12 0 23 9.6 0 23 9.6 0 20.6
4 0x296CA3C 9.6 0 20.6 9.6 0 23 7.2 0 23 7.2 0 20.6
4 288 7.2 0 20.6 7.2 0 23 4.8 0 23 4.8 0 20.6
4 288 4.8 0 20.6 4.8 0 23 2.4 0 23 2.4 0 20.6
4 0x296CA3C 2.4 0 20.6 2.4 0 23 0 0 23 0 0 20.6
4 288 -12 0 1.4 -13.2 0 1.4 -13.2 0 -1 -12 0 -1
4 288 -9.6 0 1.4 -12 0 1.4 -12 0 -1 -9.6 0 -1
4 0x296CA3C -9.6 0 -3.4 -9.6 0 -1 -12 0 -1 -12 0 -3.4
4 288 -12 0 -3.4 -12 0 -1 -13.2 0 -1 -13.2 0 -3.4
4 288 -12 0 -3.4 -13.2 0 -3.4 -13.2 0 -5.8 -12 0 -5.8
4 0x296CA3C -9.6 0 -3.4 -12 0 -3.4 -12 0 -5.8 -9.6 0 -5.8
3 0x296CA3C -13.2 0 -3.4 -15.6 0 -7.1 -13.2 0 -5.8
3 0x296CA3C -13.2 0 -1 -15.6 0 -7.1 -13.2 0 -3.4
3 0x296CA3C -13.2 0 1.4 -15.6 0 -7.1 -13.2 0 -1
4 288 13.2 0 -3.4 13.2 0 -1 12 0 -1 12 0 -3.4
4 288 12 0 -3.4 12 0 -1 9.6 0 -1 9.6 0 -3.4
4 0x296CA3C 12 0 1.4 9.6 0 1.4 9.6 0 -1 12 0 -1
4 288 13.2 0 1.4 12 0 1.4 12 0 -1 13.2 0 -1
3 0x296CA3C 13.2 0 1.4 13.2 0 -1 15.6 0 -7.1
3 0x296CA3C 13.2 0 -1 13.2 0 -3.4 15.6 0 -7.1
3 0x296CA3C 13.2 0 -3.4 13.2 0 -5.8 15.6 0 -7.1
4 288 13.2 0 -5.8 13.2 0 -3.4 12 0 -3.4 12 0 -5.8
4 288 12 0 -5.8 12 0 -3.4 9.6 0 -3.4 9.6 0 -5.8
4 16 -16 0 30 -15.6 0 26.4 0 0 26.4 16 0 30
3 16 16 0 30 0 0 26.4 15.6 0 26.4
4 16 16 0 30 15.6 0 26.4 15.6 0 -7.1 16 0 -8.34
4 16 -15.6 0 -7.1 -15.6 0 26.4 -16 0 30 -16 0 -8.34
4 16 0 0 -22.8 -15.6 0 -7.1 -16 0 -8.34 0 0 -24.353
4 16 0 0 -22.8 0 0 -24.353 16 0 -8.34 15.6 0 -7.1
4 0x296CA3C -7.2 0 20.6 -9.6 0 20.6 -9.6 0 18.2 -4.78 0 18.68
4 0x296CA3C 9.6 0 18.2 9.6 0 20.6 7.2 0 20.6 4.19 0 16.94
4 15 3.28 0 -4.53 1.751 0 -4.226 1.721 0 -4.53 1.751 0 -4.834
4 15 3.28 0 -4.53 2.178 0 -5.633 2.414 0 -5.826 2.683 0 -5.97
4 15 3.28 0 -4.53 2.683 0 -5.97 2.976 0 -6.059 3.28 0 -6.089
4 15 3.28 0 -4.53 3.28 0 -6.089 3.584 0 -6.059 3.877 0 -5.97
4 15 3.28 0 -4.53 3.877 0 -5.97 4.146 0 -5.826 4.383 0 -5.633
4 15 3.28 0 -4.53 4.383 0 -5.633 4.576 0 -5.396 4.72 0 -5.127
4 15 3.28 0 -4.53 4.72 0 -5.127 4.809 0 -4.834 4.839 0 -4.53
4 15 3.28 0 -4.53 4.839 0 -4.53 4.809 0 -4.226 4.72 0 -3.933
4 15 3.28 0 -4.53 4.72 0 -3.933 4.576 0 -3.664 4.383 0 -3.428
4 15 3.28 0 -4.53 4.383 0 -3.428 4.146 0 -3.234 3.907 0 -3.106
4 15 3.28 0 -4.53 2.976 0 -3.001 2.683 0 -3.09 2.414 0 -3.234
4 15 3.28 0 -4.53 2.414 0 -3.234 2.178 0 -3.428 1.984 0 -3.664
4 15 3.28 0 -4.53 1.984 0 -3.664 1.84 0 -3.933 1.751 0 -4.226
4 0x296CA3C 1.18 0 -4.112 1.721 0 -4.53 1.751 0 -4.226 1.302 0 -3.711
4 0x296CA3C 2.178 0 -3.428 2.414 0 -3.234 2.091 0 -2.75 1.766 0 -3.016
4 0x296CA3C 1.984 0 -3.664 2.178 0 -3.428 1.766 0 -3.016 1.5 0 -3.341
4 0x296CA3C 1.84 0 -3.933 1.984 0 -3.664 1.5 0 -3.341 1.302 0 -3.711
3 0x296CA3C 1.302 0 -3.711 1.751 0 -4.226 1.84 0 -3.933
4 15 -0.75 0 -4.59 -1.301 0 -5.141 -1.183 0 -5.238 -1.048 0 -5.31
4 15 -0.75 0 -4.59 -1.048 0 -5.31 -0.902 0 -5.354 -0.75 0 -5.369
4 15 -0.75 0 -4.59 -0.75 0 -5.369 -0.598 0 -5.354 -0.452 0 -5.31
4 15 -0.75 0 -4.59 -0.452 0 -5.31 -0.317 0 -5.238 -0.199 0 -5.141
4 15 -0.75 0 -4.59 -0.199 0 -5.141 -0.102 0 -5.023 -0.03 0 -4.888
4 15 -0.75 0 -4.59 -0.03 0 -4.888 0.014 0 -4.742 0.029 0 -4.59
4 15 -0.75 0 -4.59 0.029 0 -4.59 0.014 0 -4.438 -0.03 0 -4.292
4 15 -0.75 0 -4.59 -0.03 0 -4.292 -0.102 0 -4.157 -0.199 0 -4.039
4 15 -0.75 0 -4.59 -0.199 0 -4.039 -0.317 0 -3.942 -0.452 0 -3.87
4 15 -0.75 0 -4.59 -0.452 0 -3.87 -0.598 0 -3.826 -0.75 0 -3.811
4 15 -0.75 0 -4.59 -0.75 0 -3.811 -0.902 0 -3.826 -1.048 0 -3.87
4 15 -0.75 0 -4.59 -1.048 0 -3.87 -1.183 0 -3.942 -1.301 0 -4.039
4 15 -0.75 0 -4.59 -1.301 0 -4.039 -1.408 0 -4.157 -1.301 0 -5.141
4 0x296CA3C -0.03 0 -4.292 0.014 0 -4.438 0.571 0 -4.327 0.494 0 -4.075
4 0x296CA3C -0.102 0 -4.157 -0.03 0 -4.292 0.494 0 -4.075 0.37 0 -3.842
4 0x296CA3C -0.199 0 -4.039 -0.102 0 -4.157 0.37 0 -3.842 0.202 0 -3.638
4 0x296CA3C -0.317 0 -3.942 -0.199 0 -4.039 0.202 0 -3.638 -0.002 0 -3.47
4 0x296CA3C -0.452 0 -3.87 -0.317 0 -3.942 -0.002 0 -3.47 -0.235 0 -3.346
4 0x296CA3C -0.598 0 -3.826 -0.452 0 -3.87 -0.235 0 -3.346 -0.487 0 -3.269
4 0x296CA3C -0.75 0 -3.811 -0.598 0 -3.826 -0.487 0 -3.269 -0.75 0 -3.243
4 0x296CA3C -0.902 0 -3.826 -0.75 0 -3.811 -0.75 0 -3.243 -1.013 0 -3.269
4 0x296CA3C -1.048 0 -3.87 -0.902 0 -3.826 -1.013 0 -3.269 -1.265 0 -3.346
4 0x296CA3C -1.183 0 -3.942 -1.048 0 -3.87 -1.265 0 -3.346 -1.305 0 -3.367
4 15 -2.85 0 -4.79 -4.398 0 -4.482 -4.428 0 -4.79 -4.398 0 -5.098
4 15 -2.85 0 -4.79 -4.398 0 -5.098 -4.308 0 -5.394 -4.162 0 -5.667
4 15 -2.85 0 -4.79 -4.162 0 -5.667 -3.966 0 -5.906 -3.727 0 -6.102
4 15 -2.85 0 -4.79 -3.727 0 -6.102 -3.454 0 -6.248 -3.396 0 -6.264
4 15 -2.85 0 -4.79 -2.246 0 -6.248 -1.973 0 -6.102 -1.734 0 -5.906
4 15 -2.85 0 -4.79 -1.734 0 -5.906 -1.538 0 -5.667 -1.392 0 -5.394
4 15 -2.85 0 -4.79 -1.538 0 -3.913 -1.734 0 -3.674 -1.973 0 -3.478
4 15 -2.85 0 -4.79 -1.973 0 -3.478 -2.246 0 -3.332 -2.542 0 -3.242
4 15 -2.85 0 -4.79 -2.542 0 -3.242 -2.85 0 -3.212 -3.158 0 -3.242
4 15 -2.85 0 -4.79 -3.158 0 -3.242 -3.454 0 -3.332 -3.727 0 -3.478
4 15 -2.85 0 -4.79 -3.727 0 -3.478 -3.966 0 -3.674 -4.162 0 -3.913
4 15 -2.85 0 -4.79 -4.162 0 -3.913 -4.308 0 -4.186 -4.398 0 -4.482
4 0x296CA3C -4.917 0 -4.379 -4.428 0 -4.79 -4.398 0 -4.482 -4.797 0 -3.984
4 0x296CA3C -1.973 0 -3.478 -1.734 0 -3.674 -1.36 0 -3.3 -1.679 0 -3.038
4 0x296CA3C -2.246 0 -3.332 -1.973 0 -3.478 -1.679 0 -3.038 -2.044 0 -2.843
4 0x296CA3C -2.542 0 -3.242 -2.246 0 -3.332 -2.044 0 -2.843 -2.439 0 -2.723
4 0x296CA3C -2.85 0 -3.212 -2.542 0 -3.242 -2.439 0 -2.723 -2.85 0 -2.683
4 0x296CA3C -3.158 0 -3.242 -2.85 0 -3.212 -2.85 0 -2.683 -3.261 0 -2.723
4 0x296CA3C -3.454 0 -3.332 -3.158 0 -3.242 -3.261 0 -2.723 -3.656 0 -2.843
4 0x296CA3C -3.727 0 -3.478 -3.454 0 -3.332 -3.656 0 -2.843 -4.021 0 -3.038
4 0x296CA3C -3.966 0 -3.674 -3.727 0 -3.478 -4.021 0 -3.038 -4.34 0 -3.3
4 0x296CA3C -4.162 0 -3.913 -3.966 0 -3.674 -4.34 0 -3.3 -4.602 0 -3.619
4 0x296CA3C -4.308 0 -4.186 -4.162 0 -3.913 -4.602 0 -3.619 -4.797 0 -3.984
3 0x296CA3C -4.797 0 -3.984 -4.398 0 -4.482 -4.308 0 -4.186
4 15 3.55 0 -2.44 2.805 0 -2.292 2.791 0 -2.44 2.805 0 -2.588
4 15 3.55 0 -2.44 2.805 0 -2.588 2.848 0 -2.731 2.919 0 -2.862
4 15 3.55 0 -2.44 2.919 0 -2.862 3.013 0 -2.977 3.907 0 -3.106
4 15 3.55 0 -2.44 3.972 0 -3.071 4.087 0 -2.977 4.181 0 -2.862
4 15 3.55 0 -2.44 4.181 0 -2.862 4.252 0 -2.731 4.295 0 -2.588
4 15 3.55 0 -2.44 4.295 0 -2.588 4.309 0 -2.44 4.295 0 -2.292
4 15 3.55 0 -2.44 4.295 0 -2.292 4.252 0 -2.149 4.181 0 -2.018
4 15 3.55 0 -2.44 4.181 0 -2.018 4.087 0 -1.903 3.972 0 -1.809
4 15 3.55 0 -2.44 3.972 0 -1.809 3.841 0 -1.738 3.698 0 -1.695
4 15 3.55 0 -2.44 3.698 0 -1.695 3.55 0 -1.681 3.402 0 -1.695
4 15 3.55 0 -2.44 3.402 0 -1.695 3.259 0 -1.738 3.128 0 -1.809
4 15 3.55 0 -2.44 3.128 0 -1.809 3.013 0 -1.903 2.919 0 -2.018
4 15 3.55 0 -2.44 2.919 0 -2.018 2.848 0 -2.149 2.805 0 -2.292
4 0x296CA3C 2.791 0 -2.44 2.805 0 -2.292 2.18 0 -2.167 2.153 0 -2.44
4 0x296CA3C 2.805 0 -2.588 2.791 0 -2.44 2.153 0 -2.44 2.18 0 -2.713
4 0x296CA3C 2.848 0 -2.731 2.805 0 -2.588 2.18 0 -2.713 2.683 0 -3.09
4 0x296CA3C 3.841 0 -1.738 3.972 0 -1.809 4.326 0 -1.278 4.085 0 -1.149
4 0x296CA3C 3.698 0 -1.695 3.841 0 -1.738 4.085 0 -1.149 3.823 0 -1.07
4 0x296CA3C 3.55 0 -1.681 3.698 0 -1.695 3.823 0 -1.07 3.55 0 -1.043
4 0x296CA3C 3.402 0 -1.695 3.55 0 -1.681 3.55 0 -1.043 3.277 0 -1.07
4 0x296CA3C 3.259 0 -1.738 3.402 0 -1.695 3.277 0 -1.07 3.015 0 -1.149
4 0x296CA3C 3.128 0 -1.809 3.259 0 -1.738 3.015 0 -1.149 2.774 0 -1.278
4 0x296CA3C 3.013 0 -1.903 3.128 0 -1.809 2.774 0 -1.278 2.562 0 -1.452
4 0x296CA3C 2.919 0 -2.018 3.013 0 -1.903 2.562 0 -1.452 2.388 0 -1.664
4 0x296CA3C 2.848 0 -2.149 2.919 0 -2.018 2.388 0 -1.664 2.259 0 -1.905
4 0x296CA3C 2.805 0 -2.292 2.848 0 -2.149 2.259 0 -1.905 2.18 0 -2.167
4 15 -6.8 0 -4.51 -7.56 0 -4.359 -7.575 0 -4.51 -7.56 0 -4.661
4 15 -6.8 0 -4.51 -7.56 0 -4.661 -7.516 0 -4.807 -7.444 0 -4.941
4 15 -6.8 0 -4.51 -7.444 0 -4.941 -7.348 0 -5.058 -7.231 0 -5.154
4 15 -6.8 0 -4.51 -7.231 0 -5.154 -7.097 0 -5.226 -6.951 0 -5.27
4 15 -6.8 0 -4.51 -6.951 0 -5.27 -6.8 0 -5.285 -6.055 0 -4.691
4 15 -6.8 0 -4.51 -6.04 0 -4.661 -6.025 0 -4.51 -6.04 0 -4.359
4 15 -6.8 0 -4.51 -6.04 0 -4.359 -6.084 0 -4.213 -6.156 0 -4.079
4 15 -6.8 0 -4.51 -6.156 0 -4.079 -6.252 0 -3.962 -6.369 0 -3.866
4 15 -6.8 0 -4.51 -6.369 0 -3.866 -6.503 0 -3.794 -6.649 0 -3.75
4 15 -6.8 0 -4.51 -6.649 0 -3.75 -6.8 0 -3.735 -6.951 0 -3.75
4 15 -6.8 0 -4.51 -6.951 0 -3.75 -7.097 0 -3.794 -7.231 0 -3.866
4 15 -6.8 0 -4.51 -7.231 0 -3.866 -7.348 0 -3.962 -7.444 0 -4.079
4 15 -6.8 0 -4.51 -7.444 0 -4.079 -7.516 0 -4.213 -7.56 0 -4.359
4 15 -5.85 0 -5.72 -6.879 0 -5.515 -6.899 0 -5.72 -6.879 0 -5.925
4 15 -5.85 0 -5.72 -6.879 0 -5.925 -6.819 0 -6.121 -6.722 0 -6.303
4 15 -5.85 0 -5.72 -6.722 0 -6.303 -6.592 0 -6.462 -6.433 0 -6.592
4 15 -5.85 0 -5.72 -6.433 0 -6.592 -6.251 0 -6.689 -6.055 0 -6.749
4 15 -5.85 0 -5.72 -6.055 0 -6.749 -5.85 0 -6.769 -5.645 0 -6.749
4 15 -5.85 0 -5.72 -5.645 0 -6.749 -5.449 0 -6.689 -5.267 0 -6.592
4 15 -5.85 0 -5.72 -5.267 0 -6.592 -5.108 0 -6.462 -4.978 0 -6.303
4 15 -5.85 0 -5.72 -4.978 0 -6.303 -4.881 0 -6.121 -4.821 0 -5.925
4 15 -5.85 0 -5.72 -4.821 0 -5.925 -4.801 0 -5.72 -4.821 0 -5.515
4 15 -5.85 0 -5.72 -4.821 0 -5.515 -4.881 0 -5.319 -4.978 0 -5.137
4 15 -5.85 0 -5.72 -4.978 0 -5.137 -5.108 0 -4.978 -5.267 0 -4.848
4 15 -5.85 0 -5.72 -5.267 0 -4.848 -5.449 0 -4.751 -5.645 0 -4.691
4 15 -5.85 0 -5.72 -5.645 0 -4.691 -5.85 0 -4.671 -6.055 0 -4.691
4 15 -6.819 0 -5.319 -6.879 0 -5.515 -5.85 0 -5.72 -6.8 0 -5.285
4 15 -2.83 0 -7.11 -3.828 0 -6.911 -3.848 0 -7.11 -3.828 0 -7.309
4 15 -2.83 0 -7.11 -3.828 0 -7.309 -3.771 0 -7.5 -3.676 0 -7.676
4 15 -2.83 0 -7.11 -3.676 0 -7.676 -3.55 0 -7.83 -3.396 0 -7.956
4 15 -2.83 0 -7.11 -3.396 0 -7.956 -3.22 0 -8.051 -3.029 0 -8.108
4 15 -2.83 0 -7.11 -3.029 0 -8.108 -2.83 0 -8.128 -2.631 0 -8.108
4 15 -2.83 0 -7.11 -2.631 0 -8.108 -2.44 0 -8.051 -2.264 0 -7.956
4 15 -2.83 0 -7.11 -2.264 0 -7.956 -2.11 0 -7.83 -1.984 0 -7.676
4 15 -2.83 0 -7.11 -1.889 0 -6.72 -1.984 0 -6.544 -2.11 0 -6.39
4 15 -2.83 0 -7.11 -3.676 0 -6.544 -3.771 0 -6.72 -3.828 0 -6.911
4 15 -0.43 0 -7.51 -1.945 0 -7.811 -1.857 0 -8.101 -1.715 0 -8.368
4 15 -0.43 0 -7.51 -1.715 0 -8.368 -1.522 0 -8.602 -1.493 0 -8.63
4 15 -0.43 0 -7.51 -1.021 0 -8.937 -0.731 0 -9.025 -0.43 0 -9.055
4 15 -0.43 0 -7.51 -0.43 0 -9.055 -0.129 0 -9.025 0.161 0 -8.937
4 15 -0.43 0 -7.51 0.161 0 -8.937 0.428 0 -8.795 0.662 0 -8.602
4 15 -0.43 0 -7.51 0.161 0 -6.083 -0.129 0 -5.995 -0.43 0 -5.965
4 15 -0.43 0 -7.51 -0.43 0 -5.965 -0.731 0 -5.995 -1.021 0 -6.083
4 15 -0.43 0 -7.51 -1.021 0 -6.083 -1.288 0 -6.225 -1.522 0 -6.418
4 15 -0.43 0 -7.51 -1.522 0 -6.418 -1.715 0 -6.652 -1.839 0 -6.885
4 15 1.16 0 -5.81 0.175 0 -5.614 0.156 0 -5.81 0.175 0 -6.006
4 15 1.16 0 -5.81 0.964 0 -6.795 1.16 0 -6.814 1.356 0 -6.795
4 15 1.16 0 -5.81 1.356 0 -6.795 1.544 0 -6.738 1.718 0 -6.645
4 15 1.16 0 -5.81 1.718 0 -6.645 1.87 0 -6.52 1.995 0 -6.368
4 15 1.16 0 -5.81 1.995 0 -6.368 2.088 0 -6.194 2.145 0 -6.006
4 15 1.16 0 -5.81 2.145 0 -6.006 2.164 0 -5.81 2.145 0 -5.614
4 15 1.16 0 -5.81 1.718 0 -4.975 1.544 0 -4.882 1.356 0 -4.825
4 15 1.16 0 -5.81 1.356 0 -4.825 1.16 0 -4.806 0.964 0 -4.825
4 15 1.16 0 -5.81 0.964 0 -4.825 0.776 0 -4.882 0.602 0 -4.975
4 15 1.16 0 -5.81 0.602 0 -4.975 0.45 0 -5.1 0.325 0 -5.252
4 15 1.16 0 -5.81 0.325 0 -5.252 0.232 0 -5.426 0.175 0 -5.614
4 15 1.95 0 -8 1.06 0 -7.823 1.042 0 -8 1.06 0 -8.177
4 15 1.95 0 -8 1.06 0 -8.177 1.111 0 -8.347 1.195 0 -8.504
4 15 1.95 0 -8 1.195 0 -8.504 1.308 0 -8.642 1.446 0 -8.755
4 15 1.95 0 -8 1.446 0 -8.755 1.603 0 -8.839 1.773 0 -8.89
4 15 1.95 0 -8 1.773 0 -8.89 1.95 0 -8.908 2.127 0 -8.89
4 15 1.95 0 -8 2.127 0 -8.89 2.297 0 -8.839 2.454 0 -8.755
4 15 1.95 0 -8 2.454 0 -8.755 2.592 0 -8.642 2.705 0 -8.504
4 15 1.95 0 -8 2.705 0 -8.504 2.789 0 -8.347 2.84 0 -8.177
4 15 1.95 0 -8 2.84 0 -8.177 2.858 0 -8 2.84 0 -7.823
4 15 1.95 0 -8 2.84 0 -7.823 2.789 0 -7.653 2.705 0 -7.496
4 15 1.95 0 -8 2.705 0 -7.496 2.592 0 -7.358 2.454 0 -7.245
4 15 1.95 0 -8 2.454 0 -7.245 2.297 0 -7.161 2.127 0 -7.11
4 15 1.95 0 -8 2.127 0 -7.11 1.95 0 -7.092 1.773 0 -7.11
4 15 1.95 0 -8 1.773 0 -7.11 1.603 0 -7.161 1.446 0 -7.245
4 15 1.95 0 -8 1.446 0 -7.245 1.308 0 -7.358 1.195 0 -7.496
4 15 1.95 0 -8 1.195 0 -7.496 1.111 0 -7.653 1.06 0 -7.823
4 0x296CA3C 1.042 0 -8 1.06 0 -7.823 0.599 0 -7.731 0.573 0 -8
4 0x296CA3C 1.06 0 -8.177 1.042 0 -8 0.573 0 -8 0.599 0 -8.269
4 0x296CA3C 1.111 0 -8.347 1.06 0 -8.177 0.599 0 -8.269 0.678 0 -8.527
4 0x296CA3C 1.195 0 -8.504 1.111 0 -8.347 0.678 0 -8.527 0.696 0 -8.561
4 0x296CA3C 1.195 0 -7.496 1.308 0 -7.358 0.976 0 -7.026 0.805 0 -7.235
4 0x296CA3C 1.111 0 -7.653 1.195 0 -7.496 0.805 0 -7.235 0.678 0 -7.473
4 0x296CA3C 1.06 0 -7.823 1.111 0 -7.653 0.678 0 -7.473 0.599 0 -7.731
4 15 0.8 0 -10.01 0.06 0 -9.863 0.046 0 -10.01 0.06 0 -10.157
4 15 0.8 0 -10.01 0.06 0 -10.157 0.103 0 -10.299 0.173 0 -10.429
4 15 0.8 0 -10.01 0.173 0 -10.429 0.267 0 -10.543 0.381 0 -10.637
4 15 0.8 0 -10.01 0.381 0 -10.637 0.511 0 -10.707 0.653 0 -10.75
4 15 0.8 0 -10.01 0.653 0 -10.75 0.8 0 -10.764 0.947 0 -10.75
4 15 0.8 0 -10.01 0.947 0 -10.75 1.089 0 -10.707 1.219 0 -10.637
4 15 0.8 0 -10.01 1.219 0 -10.637 1.333 0 -10.543 1.427 0 -10.429
4 15 0.8 0 -10.01 1.427 0 -10.429 1.497 0 -10.299 1.54 0 -10.157
4 15 0.8 0 -10.01 1.54 0 -10.157 1.554 0 -10.01 1.54 0 -9.863
4 15 0.8 0 -10.01 1.54 0 -9.863 1.497 0 -9.721 1.427 0 -9.591
4 15 0.8 0 -10.01 1.427 0 -9.591 1.333 0 -9.477 1.219 0 -9.383
4 15 0.8 0 -10.01 1.219 0 -9.383 1.089 0 -9.313 0.947 0 -9.27
4 15 0.8 0 -10.01 0.947 0 -9.27 0.8 0 -9.256 0.653 0 -9.27
4 15 0.8 0 -10.01 0.653 0 -9.27 0.511 0 -9.313 0.381 0 -9.383
4 15 0.8 0 -10.01 0.381 0 -9.383 0.267 0 -9.477 0.173 0 -9.591
4 15 0.8 0 -10.01 0.173 0 -9.591 0.103 0 -9.721 0.06 0 -9.863
4 15 -1.64 0 -9.37 -2.38 0 -9.223 -2.394 0 -9.37 -2.38 0 -9.517
4 15 -1.64 0 -9.37 -2.38 0 -9.517 -2.337 0 -9.659 -2.267 0 -9.789
4 15 -1.64 0 -9.37 -2.267 0 -9.789 -2.173 0 -9.903 -2.059 0 -9.997
4 15 -1.64 0 -9.37 -2.059 0 -9.997 -1.929 0 -10.067 -1.787 0 -10.11
4 15 -1.64 0 -9.37 -1.787 0 -10.11 -1.64 0 -10.124 -1.493 0 -10.11
4 15 -1.64 0 -9.37 -1.493 0 -10.11 -1.351 0 -10.067 -1.221 0 -9.997
4 15 -1.64 0 -9.37 -1.221 0 -9.997 -1.107 0 -9.903 -1.013 0 -9.789
4 15 -1.64 0 -9.37 -1.013 0 -9.789 -0.943 0 -9.659 -0.9 0 -9.517
4 15 -1.64 0 -9.37 -0.9 0 -9.517 -0.886 0 -9.37 -0.9 0 -9.223
4 15 -1.64 0 -9.37 -0.9 0 -9.223 -0.943 0 -9.081 -1.021 0 -8.937
4 15 -1.64 0 -9.37 -1.493 0 -8.63 -1.64 0 -8.616 -1.787 0 -8.63
4 15 -1.64 0 -9.37 -1.787 0 -8.63 -1.929 0 -8.673 -2.059 0 -8.743
4 15 -1.64 0 -9.37 -2.059 0 -8.743 -2.173 0 -8.837 -2.267 0 -8.951
4 15 -1.64 0 -9.37 -2.267 0 -8.951 -2.337 0 -9.081 -2.38 0 -9.223
4 15 -0.44 0 -11.61 -1.18 0 -11.463 -1.194 0 -11.61 -1.18 0 -11.757
4 15 -0.44 0 -11.61 -1.18 0 -11.757 -1.137 0 -11.899 -1.067 0 -12.029
4 15 -0.44 0 -11.61 -1.067 0 -12.029 -0.973 0 -12.143 -0.859 0 -12.237
4 15 -0.44 0 -11.61 -0.859 0 -12.237 -0.729 0 -12.307 -0.587 0 -12.35
4 15 -0.44 0 -11.61 -0.587 0 -12.35 -0.44 0 -12.364 -0.293 0 -12.35
4 15 -0.44 0 -11.61 -0.293 0 -12.35 -0.151 0 -12.307 -0.021 0 -12.237
4 15 -0.44 0 -11.61 -0.021 0 -12.237 0.093 0 -12.143 0.187 0 -12.029
4 15 -0.44 0 -11.61 0.187 0 -12.029 0.257 0 -11.899 0.3 0 -11.757
4 15 -0.44 0 -11.61 0.3 0 -11.757 0.314 0 -11.61 0.3 0 -11.463
4 15 -0.44 0 -11.61 0.3 0 -11.463 0.257 0 -11.321 0.187 0 -11.191
4 15 -0.44 0 -11.61 0.187 0 -11.191 0.093 0 -11.077 -0.021 0 -10.983
4 15 -0.44 0 -11.61 -0.021 0 -10.983 -0.151 0 -10.913 -0.293 0 -10.87
4 15 -0.44 0 -11.61 -0.293 0 -10.87 -0.44 0 -10.856 -0.587 0 -10.87
4 15 -0.44 0 -11.61 -0.587 0 -10.87 -0.729 0 -10.913 -0.859 0 -10.983
4 15 -0.44 0 -11.61 -0.859 0 -10.983 -0.973 0 -11.077 -1.067 0 -11.191
4 15 -0.44 0 -11.61 -1.067 0 -11.191 -1.137 0 -11.321 -1.18 0 -11.463
3 15 -6.8 0 -4.51 -6.055 0 -4.691 -6.04 0 -4.661
3 15 -6.055 0 -4.691 -6.8 0 -5.285 -5.85 0 -5.72
4 15 -2.83 0 -7.11 -3.396 0 -6.264 -3.55 0 -6.39 -3.676 0 -6.544
3 0x296CA3C -1.715 0 -6.652 -1.889 0 -6.72 -1.839 0 -6.885
3 0x296CA3C -1.973 0 -6.102 -2.246 0 -6.248 -2.11 0 -6.39
4 0x296CA3C -1.973 0 -6.102 -2.11 0 -6.39 -1.984 0 -6.544 -1.522 0 -6.418
4 0x296CA3C -1.715 0 -6.652 -1.522 0 -6.418 -1.984 0 -6.544 -1.889 0 -6.72
4 0x296CA3C -1.538 0 -3.913 -1.408 0 -4.157 -1.301 0 -4.039 -1.305 0 -3.367
4 0x296CA3C -1.305 0 -3.367 -1.36 0 -3.3 -1.734 0 -3.674 -1.538 0 -3.913
3 0x296CA3C -1.305 0 -3.367 -1.301 0 -4.039 -1.183 0 -3.942
4 0x296CA3C 0.571 0 -4.327 0.776 0 -4.882 0.964 0 -4.825 0.9 0 -4.24
4 0x296CA3C 0.9 0 -4.24 0.964 0 -4.825 1.16 0 -4.806 1.17 0 -4.21
4 0x296CA3C 1.17 0 -4.21 1.16 0 -4.806 1.356 0 -4.825 1.721 0 -4.53
3 0x296CA3C 1.18 0 -4.112 1.17 0 -4.21 1.721 0 -4.53
4 0x296CA3C 1.751 0 -4.834 1.721 0 -4.53 1.356 0 -4.825 1.544 0 -4.882
3 0x296CA3C 1.751 0 -4.834 1.544 0 -4.882 1.718 0 -4.975
3 0x296CA3C 1.751 0 -4.834 1.718 0 -4.975 1.819 0 -5.058
3 0x296CA3C 2.134 0 -5.58 2.145 0 -5.614 2.178 0 -5.633
4 0x296CA3C 2.178 0 -5.633 2.145 0 -5.614 2.164 0 -5.81 2.414 0 -5.826
4 0x296CA3C 2.414 0 -5.826 2.164 0 -5.81 2.145 0 -6.006 2.683 0 -5.97
4 0x296CA3C 2.976 0 -3.001 3.013 0 -2.977 2.919 0 -2.862 2.683 0 -3.09
3 0x296CA3C 2.848 0 -2.731 2.683 0 -3.09 2.919 0 -2.862
4 0x296CA3C 2.414 0 -3.234 2.683 0 -3.09 2.18 0 -2.713 2.091 0 -2.75
3 0x296CA3C 3.972 0 -3.071 3.907 0 -3.106 4.146 0 -3.234
3 15 3.55 0 -2.44 3.907 0 -3.106 3.972 0 -3.071
4 15 3.013 0 -2.977 2.976 0 -3.001 3.28 0 -4.53 3.907 0 -3.106
4 15 1.819 0 -5.058 1.718 0 -4.975 1.16 0 -5.81 2.134 0 -5.58
3 15 2.134 0 -5.58 1.16 0 -5.81 2.145 0 -5.614
4 15 3.28 0 -4.53 1.751 0 -4.834 1.819 0 -5.058 2.134 0 -5.58
3 15 3.28 0 -4.53 2.134 0 -5.58 2.178 0 -5.633
3 0x296CA3C 0.925 0 -6.783 0.997 0 -6.919 0.964 0 -6.795
4 0x296CA3C 1.773 0 -7.11 1.718 0 -6.645 1.544 0 -6.738 1.603 0 -7.161
4 0x296CA3C 1.603 0 -7.161 1.544 0 -6.738 1.356 0 -6.795 1.446 0 -7.245
4 0x296CA3C 1.446 0 -7.245 1.356 0 -6.795 1.16 0 -6.814 1.308 0 -7.358
4 0x296CA3C 1.019 0 -6.991 1.308 0 -7.358 1.16 0 -6.814 0.997 0 -6.919
3 0x296CA3C 0.964 0 -6.795 0.997 0 -6.919 1.16 0 -6.814
3 0x296CA3C 1.019 0 -6.991 0.976 0 -7.026 1.308 0 -7.358
4 0x296CA3C 0.947 0 -9.27 0.696 0 -8.561 0.662 0 -8.602 0.8 0 -9.256
4 0x296CA3C 0.8 0 -9.256 0.662 0 -8.602 0.428 0 -8.795 0.653 0 -9.27
4 0x296CA3C 0.653 0 -9.27 0.428 0 -8.795 0.161 0 -8.937 0.511 0 -9.313
4 0x296CA3C 0.381 0 -9.383 0.511 0 -9.313 0.161 0 -8.937 -0.129 0 -9.025
3 0x296CA3C -0.129 0 -9.025 0.267 0 -9.477 0.381 0 -9.383
4 0x296CA3C 0.173 0 -9.591 0.267 0 -9.477 -0.129 0 -9.025 -0.43 0 -9.055
4 0x296CA3C 0.103 0 -9.721 0.173 0 -9.591 -0.43 0 -9.055 -0.9 0 -9.517
4 0x296CA3C -0.886 0 -9.37 -0.9 0 -9.517 -0.43 0 -9.055 -0.731 0 -9.025
3 0x296CA3C -0.731 0 -9.025 -0.9 0 -9.223 -0.886 0 -9.37
4 0x296CA3C 1.195 0 -8.504 0.696 0 -8.561 0.947 0 -9.27 1.308 0 -8.642
4 0x296CA3C 1.308 0 -8.642 0.947 0 -9.27 1.089 0 -9.313 1.446 0 -8.755
4 0x296CA3C 1.446 0 -8.755 1.089 0 -9.313 1.219 0 -9.383 1.603 0 -8.839
4 0x296CA3C 1.603 0 -8.839 1.219 0 -9.383 1.333 0 -9.477 1.773 0 -8.89
4 0x296CA3C 1.773 0 -8.89 1.333 0 -9.477 1.427 0 -9.591 1.95 0 -8.908
4 0x296CA3C 1.95 0 -8.908 1.427 0 -9.591 1.497 0 -9.721 2.127 0 -8.89
4 0x296CA3C 2.127 0 -8.89 1.497 0 -9.721 1.54 0 -9.863 2.297 0 -8.839
4 0x296CA3C 2.297 0 -8.839 1.54 0 -9.863 1.554 0 -10.01 2.454 0 -8.755
4 0x296CA3C 2.454 0 -8.755 1.554 0 -10.01 1.54 0 -10.157 4.13 0 -9.14
3 0x296CA3C -1.522 0 -8.602 -1.64 0 -8.616 -1.493 0 -8.63
3 0x296CA3C -1.021 0 -8.937 -0.943 0 -9.081 -0.731 0 -9.025
3 0x296CA3C -0.731 0 -9.025 -0.943 0 -9.081 -0.9 0 -9.223
3 0x296CA3C -1.963 0 -7.636 -1.984 0 -7.676 -1.945 0 -7.811
4 15 -1.408 0 -4.157 -1.538 0 -3.913 -2.85 0 -4.79 -1.301 0 -5.141
3 15 -2.85 0 -4.79 -1.392 0 -5.394 -1.301 0 -5.141
4 15 -2.85 0 -4.79 -3.396 0 -6.264 -2.276 0 -6.257 -2.246 0 -6.248
4 15 -2.83 0 -7.11 -2.11 0 -6.39 -2.276 0 -6.257 -3.396 0 -6.264
3 15 -2.246 0 -6.248 -2.276 0 -6.257 -2.11 0 -6.39
4 15 0.206 0 -6.106 0.161 0 -6.083 -0.43 0 -7.51 0.925 0 -6.783
4 15 0.997 0 -6.919 0.925 0 -6.783 -0.43 0 -7.51 0.976 0 -7.026
3 15 0.976 0 -7.026 -0.43 0 -7.51 0.805 0 -7.235
3 15 0.805 0 -7.235 -0.43 0 -7.51 0.678 0 -7.473
3 15 0.678 0 -7.473 -0.43 0 -7.51 0.599 0 -7.731
3 15 -0.43 0 -7.51 0.573 0 -8 0.599 0 -7.731
3 15 -0.43 0 -7.51 0.599 0 -8.269 0.573 0 -8
3 15 0.997 0 -6.919 0.976 0 -7.026 1.019 0 -6.991
4 15 0.662 0 -8.602 0.696 0 -8.561 0.678 0 -8.527 -0.43 0 -7.51
3 15 -0.43 0 -7.51 0.678 0 -8.527 0.599 0 -8.269
4 15 -1.021 0 -8.937 -0.43 0 -7.51 -1.493 0 -8.63 -1.64 0 -9.37
4 15 -1.839 0 -6.885 -1.889 0 -6.72 -2.83 0 -7.11 -1.963 0 -7.636
4 15 -0.43 0 -7.51 -1.839 0 -6.885 -1.963 0 -7.636 -1.945 0 -7.811
3 15 -2.83 0 -7.11 -1.984 0 -7.676 -1.963 0 -7.636
4 15 1.16 0 -5.81 0.175 0 -6.006 0.206 0 -6.106 0.925 0 -6.783
3 15 1.16 0 -5.81 0.925 0 -6.783 0.964 0 -6.795
4 0x296CA3C 0.776 0 -4.882 0.571 0 -4.327 0.014 0 -4.438 0.602 0 -4.975
4 0x296CA3C 0.602 0 -4.975 0.014 0 -4.438 0.029 0 -4.59 0.45 0 -5.1
4 0x296CA3C 0.45 0 -5.1 0.029 0 -4.59 0.014 0 -4.742 0.325 0 -5.252
4 0x296CA3C 0.325 0 -5.252 0.014 0 -4.742 -0.03 0 -4.888 0.232 0 -5.426
4 0x296CA3C 0.232 0 -5.426 -0.03 0 -4.888 -0.102 0 -5.023 0.175 0 -5.614
4 0x296CA3C 0.175 0 -5.614 -0.102 0 -5.023 -0.199 0 -5.141 0.156 0 -5.81
4 0x296CA3C 0.156 0 -5.81 -0.199 0 -5.141 -0.317 0 -5.238 -0.129 0 -5.995
4 0x296CA3C -0.129 0 -5.995 -0.317 0 -5.238 -0.452 0 -5.31 -0.43 0 -5.965
4 0x296CA3C -0.43 0 -5.965 -0.452 0 -5.31 -0.598 0 -5.354 -0.731 0 -5.995
4 0x296CA3C -0.731 0 -5.995 -0.598 0 -5.354 -0.75 0 -5.369 -1.021 0 -6.083
4 0x296CA3C -1.021 0 -6.083 -0.75 0 -5.369 -0.902 0 -5.354 -1.288 0 -6.225
4 0x296CA3C -1.288 0 -6.225 -0.902 0 -5.354 -1.048 0 -5.31 -1.392 0 -5.394
3 0x296CA3C -1.392 0 -5.394 -1.538 0 -5.667 -1.288 0 -6.225
4 0x296CA3C -1.288 0 -6.225 -1.538 0 -5.667 -1.734 0 -5.906 -1.522 0 -6.418
3 0x296CA3C -1.734 0 -5.906 -1.973 0 -6.102 -1.522 0 -6.418
3 0x296CA3C -1.183 0 -5.238 -1.392 0 -5.394 -1.048 0 -5.31
3 0x296CA3C -1.301 0 -5.141 -1.392 0 -5.394 -1.183 0 -5.238
4 0x296CA3C 0.175 0 -6.006 0.156 0 -5.81 -0.129 0 -5.995 0.161 0 -6.083
3 0x296CA3C 0.175 0 -6.006 0.161 0 -6.083 0.206 0 -6.106
4 0x296CA3C 1.718 0 -6.645 1.773 0 -7.11 1.95 0 -7.092 1.87 0 -6.52
4 0x296CA3C 1.87 0 -6.52 1.95 0 -7.092 2.127 0 -7.11 1.995 0 -6.368
4 0x296CA3C 1.995 0 -6.368 2.127 0 -7.11 2.297 0 -7.161 2.088 0 -6.194
4 0x296CA3C 2.976 0 -6.059 2.088 0 -6.194 2.297 0 -7.161 2.454 0 -7.245
4 0x296CA3C 3.28 0 -6.089 2.976 0 -6.059 2.454 0 -7.245 2.592 0 -7.358
3 0x296CA3C 3.28 0 -6.089 2.592 0 -7.358 2.705 0 -7.496
4 0x296CA3C 3.28 0 -6.089 2.705 0 -7.496 2.789 0 -7.653 3.584 0 -6.059
4 0x296CA3C 3.584 0 -6.059 2.789 0 -7.653 2.84 0 -7.823 3.877 0 -5.97
4 0x296CA3C 3.877 0 -5.97 2.84 0 -7.823 2.858 0 -8 4.146 0 -5.826
4 0x296CA3C 2.088 0 -6.194 2.976 0 -6.059 2.683 0 -5.97 2.145 0 -6.006
3 0x296CA3C -1.984 0 -7.676 -2.11 0 -7.83 -1.945 0 -7.811
4 0x296CA3C -1.857 0 -8.101 -1.945 0 -7.811 -2.11 0 -7.83 -2.264 0 -7.956
4 0x296CA3C -1.715 0 -8.368 -1.857 0 -8.101 -2.264 0 -7.956 -1.787 0 -8.63
4 0x296CA3C -1.929 0 -8.673 -1.787 0 -8.63 -2.264 0 -7.956 -2.44 0 -8.051
4 0x296CA3C -2.059 0 -8.743 -1.929 0 -8.673 -2.44 0 -8.051 -2.631 0 -8.108
4 0x296CA3C -2.173 0 -8.837 -2.059 0 -8.743 -2.631 0 -8.108 -2.83 0 -8.128
4 0x296CA3C -2.267 0 -8.951 -2.173 0 -8.837 -2.83 0 -8.128 -3.029 0 -8.108
4 0x296CA3C -2.337 0 -9.081 -2.267 0 -8.951 -3.029 0 -8.108 -3.22 0 -8.051
4 0x296CA3C -2.38 0 -9.223 -2.337 0 -9.081 -3.22 0 -8.051 -4.67 0 -8.55
4 0x296CA3C -1.64 0 -8.616 -1.522 0 -8.602 -1.715 0 -8.368 -1.787 0 -8.63
4 0x296CA3C -4.308 0 -5.394 -4.821 0 -5.515 -4.801 0 -5.72 -4.162 0 -5.667
4 0x296CA3C -4.162 0 -5.667 -4.801 0 -5.72 -4.821 0 -5.925 -3.966 0 -5.906
4 0x296CA3C -3.966 0 -5.906 -4.821 0 -5.925 -4.881 0 -6.121 -3.727 0 -6.102
4 0x296CA3C -3.676 0 -6.544 -3.727 0 -6.102 -4.881 0 -6.121 -4.978 0 -6.303
4 0x296CA3C -3.771 0 -6.72 -3.676 0 -6.544 -4.978 0 -6.303 -5.108 0 -6.462
4 0x296CA3C -3.828 0 -6.911 -3.771 0 -6.72 -5.108 0 -6.462 -5.267 0 -6.592
4 0x296CA3C -3.848 0 -7.11 -3.828 0 -6.911 -5.267 0 -6.592 -5.449 0 -6.689
4 0x296CA3C -3.828 0 -7.309 -3.848 0 -7.11 -5.449 0 -6.689 -4.67 0 -8.55
3 0x296CA3C -3.454 0 -6.248 -3.55 0 -6.39 -3.396 0 -6.264
4 0x296CA3C -3.55 0 -6.39 -3.454 0 -6.248 -3.727 0 -6.102 -3.676 0 -6.544
4 15 -5.15 0 -4.33 -4.917 0 -4.379 -4.797 0 -3.984 -5.51 0 -3.99
4 15 -5.51 0 -3.99 -4.797 0 -3.984 -4.602 0 -3.619 -5.83 0 -3.55
4 15 -5.83 0 -3.55 -4.602 0 -3.619 -5.14 0 -2.92 -6.16 0 -3.05
4 15 -6.16 0 -3.05 -5.14 0 -2.92 -5.46 0 -2.71 -6.41 0 -2.62
4 15 -6.41 0 -2.62 -5.46 0 -2.71 -5.93 0 -2.12 -6.7 0 -1.98
4 15 -6.7 0 -1.98 -5.93 0 -2.12 -6.33 0 -1.51 -6.88 0 -1.35
4 15 -6.88 0 -1.35 -6.33 0 -1.51 -6.64 0 -0.92 -6.99 0 -0.78
3 15 -6.97 0 0.1 -6.99 0 -0.78 -6.64 0 -0.92
4 0x296CA3C -4.821 0 -5.515 -4.308 0 -5.394 -4.398 0 -5.098 -4.881 0 -5.319
4 0x296CA3C -4.881 0 -5.319 -4.398 0 -5.098 -4.428 0 -4.79 -4.978 0 -5.137
4 0x296CA3C -4.978 0 -5.137 -4.428 0 -4.79 -4.917 0 -4.379 -5.108 0 -4.978
4 0x296CA3C -5.108 0 -4.978 -4.917 0 -4.379 -5.15 0 -4.33 -5.267 0 -4.848
3 0x296CA3C -5.15 0 -4.33 -5.449 0 -4.751 -5.267 0 -4.848
4 0x296CA3C -5.645 0 -4.691 -5.15 0 -4.33 -5.51 0 -3.99 -5.85 0 -4.671
4 0x296CA3C -6.025 0 -4.51 -5.85 0 -4.671 -5.51 0 -3.99 -6.04 0 -4.359
3 0x296CA3C -5.51 0 -3.99 -6.084 0 -4.213 -6.04 0 -4.359
4 0x296CA3C -6.156 0 -4.079 -6.084 0 -4.213 -5.51 0 -3.99 -5.83 0 -3.55
3 0x296CA3C -5.83 0 -3.55 -6.252 0 -3.962 -6.156 0 -4.079
3 0x296CA3C -5.83 0 -3.55 -6.369 0 -3.866 -6.252 0 -3.962
4 0x296CA3C -6.503 0 -3.794 -6.369 0 -3.866 -5.83 0 -3.55 -6.16 0 -3.05
3 0x296CA3C -6.16 0 -3.05 -6.649 0 -3.75 -6.503 0 -3.794
3 0x296CA3C -6.16 0 -3.05 -6.8 0 -3.735 -6.649 0 -3.75
3 0x296CA3C -6.04 0 -4.661 -6.055 0 -4.691 -5.85 0 -4.671
3 0x296CA3C -6.025 0 -4.51 -6.04 0 -4.661 -5.85 0 -4.671
4 15 -5.14 0 -2.92 -4.602 0 -3.619 -4.34 0 -3.3 -4.98 0 -2.91
4 15 -4.98 0 -2.91 -4.34 0 -3.3 -4.021 0 -3.038 -4.88 0 -2.76
4 15 -4.88 0 -2.76 -4.021 0 -3.038 -3.656 0 -2.843 -3.19 0 -1.6
4 15 -3.19 0 -1.6 -3.656 0 -2.843 -3.261 0 -2.723 -2.81 0 -1.91
4 15 -2.81 0 -1.91 -3.261 0 -2.723 -2.85 0 -2.683 -2.43 0 -2.1
4 15 -2.43 0 -2.1 -2.85 0 -2.683 -2.439 0 -2.723 -2.05 0 -2.28
4 15 -2.05 0 -2.28 -2.439 0 -2.723 -2.044 0 -2.843 -1.78 0 -2.37
4 15 -4.88 0 -2.76 -3.19 0 -1.6 -3.47 0 -1.32 -5.11 0 -2.5
4 15 -5.11 0 -2.5 -3.47 0 -1.32 -3.71 0 -1.08 -5.39 0 -2.15
4 15 -5.39 0 -2.15 -3.71 0 -1.08 -3.96 0 -0.76 -5.72 0 -1.7
4 15 -5.72 0 -1.7 -3.96 0 -0.76 -4.23 0 -0.4 -5.98 0 -1.21
4 15 -5.98 0 -1.21 -4.23 0 -0.4 -4.45 0 -0.1 -6.18 0 -0.78
4 15 -6.18 0 -0.78 -4.45 0 -0.1 -4.59 0 0.18 -6.3 0 -0.38
4 15 -6.3 0 -0.38 -4.59 0 0.18 -4.69 0 0.46 -6.41 0 0.01
4 15 -6.41 0 0.01 -4.69 0 0.46 -4.71 0 0.6 -6.46 0 0.46
4 15 -6.46 0 0.46 -4.71 0 0.6 -4.73 0 0.85 -6.41 0 0.88
4 15 -6.41 0 0.88 -4.73 0 0.85 -4.73 0 1.21 -6.31 0 1.38
4 15 -6.31 0 1.38 -4.73 0 1.21 -4.7 0 1.44 -6.15 0 1.7
4 15 -6.15 0 1.7 -4.7 0 1.44 -4.59 0 1.72 -5.98 0 2.02
4 15 -5.98 0 2.02 -4.59 0 1.72 -4.44 0 2.03 -5.74 0 2.35
4 15 -5.74 0 2.35 -4.44 0 2.03 -4.24 0 2.29 -5.47 0 2.62
4 15 -5.47 0 2.62 -4.24 0 2.29 -4.04 0 2.55 -3.01 0 4.87
4 15 -3.01 0 4.87 -4.04 0 2.55 -1.27 0 5.02 -0.48 0 7.2
3 15 -0.48 0 7.2 -1.27 0 5.02 -0.05 0 6.09
4 15 -0.48 0 7.2 -0.05 0 6.09 0.33 0 6.33 -0.06 0 7.53
3 15 -0.06 0 7.53 0.33 0 6.33 0.71 0 6.54
4 15 -0.06 0 7.53 0.71 0 6.54 1.12 0 6.68 0.38 0 7.81
4 15 0.91 0 8.08 0.38 0 7.81 1.12 0 6.68 1.46 0 8.27
4 15 1.46 0 8.27 1.12 0 6.68 1.66 0 6.74 1.86 0 8.39
4 15 2.42 0 8.46 1.86 0 8.39 1.66 0 6.74 2.19 0 6.73
4 15 3.29 0 8.46 2.42 0 8.46 2.19 0 6.73 2.6 0 6.59
4 15 3.71 0 8.33 3.29 0 8.46 2.6 0 6.59 2.97 0 6.41
4 15 4.16 0 8.08 3.71 0 8.33 2.97 0 6.41 3.32 0 6.15
4 15 5.7 0 6.82 4.16 0 8.08 3.32 0 6.15 4.39 0 5.23
4 15 6.47 0 6.06 5.7 0 6.82 4.39 0 5.23 4.55 0 5.07
4 15 6.68 0 5.78 6.47 0 6.06 4.55 0 5.07 4.74 0 4.87
4 15 6.81 0 5.47 6.68 0 5.78 4.74 0 4.87 4.86 0 4.61
4 15 6.93 0 5.11 6.81 0 5.47 4.86 0 4.61 4.95 0 4.32
4 15 7 0 4.63 6.93 0 5.11 4.95 0 4.32 5.04 0 3.94
4 15 7.04 0 4.25 7 0 4.63 5.04 0 3.94 6.96 0 3.77
4 15 6.96 0 3.77 5.04 0 3.94 5.1 0 3.6 6.8 0 3.37
4 15 6.8 0 3.37 5.1 0 3.6 5.02 0 3.13 6.56 0 2.92
4 15 6.56 0 2.92 5.02 0 3.13 4.94 0 2.76 6.29 0 2.46
4 15 6.29 0 2.46 4.94 0 2.76 4.77 0 2.43 5.99 0 2.11
4 15 5.99 0 2.11 4.77 0 2.43 4.54 0 2.13 5.58 0 1.73
4 15 5.58 0 1.73 4.54 0 2.13 4.13 0 1.7 4.48 0 0.55
4 15 4.48 0 0.55 4.13 0 1.7 3.04 0 0.61 3.64 0 -0.39
4 15 3.64 0 -0.39 3.04 0 0.61 2.2 0 -0.22 3.72 0 -0.55
4 15 3.72 0 -0.55 2.2 0 -0.22 1.62 0 -0.78 3.015 0 -1.149
4 15 3.72 0 -0.55 4.77 0 -0.94 5.17 0 -0.55 3.96 0 -0.48
4 15 3.96 0 -0.48 5.17 0 -0.55 5.79 0 0.04 4.79 0 0.3
4 15 4.79 0 0.3 5.79 0 0.04 6.44 0 0.75 5.46 0 0.96
4 15 5.46 0 0.96 6.44 0 0.75 6.77 0 1.25 6.08 0 1.55
4 15 6.08 0 1.55 6.77 0 1.25 7 0 1.78 6.55 0 1.98
3 15 7.14 0 2.72 6.55 0 1.98 7 0 1.78
3 15 4.77 0 -0.94 4.326 0 -1.278 4.398 0 -1.337
4 15 4.085 0 -1.149 4.326 0 -1.278 4.77 0 -0.94 3.72 0 -0.55
3 15 3.72 0 -0.55 3.823 0 -1.07 4.085 0 -1.149
3 15 3.72 0 -0.55 3.55 0 -1.043 3.823 0 -1.07
3 15 3.72 0 -0.55 3.277 0 -1.07 3.55 0 -1.043
3 15 3.72 0 -0.55 3.015 0 -1.149 3.277 0 -1.07
3 15 1.62 0 -0.78 2.774 0 -1.278 3.015 0 -1.149
4 15 2.562 0 -1.452 2.774 0 -1.278 1.62 0 -0.78 1.15 0 -1.27
4 15 2.388 0 -1.664 2.562 0 -1.452 1.15 0 -1.27 0.91 0 -1.52
3 15 0.91 0 -1.52 2.259 0 -1.905 2.388 0 -1.664
4 15 2.18 0 -2.167 2.259 0 -1.905 0.91 0 -1.52 0.66 0 -1.77
4 15 1.766 0 -3.016 2.18 0 -2.167 0.66 0 -1.77 0.39 0 -1.98
4 15 1.5 0 -3.341 1.766 0 -3.016 0.39 0 -1.98 0.04 0 -2.16
4 15 0.202 0 -3.638 1.5 0 -3.341 0.04 0 -2.16 -0.002 0 -3.47
3 15 0.04 0 -2.16 -0.235 0 -3.346 -0.002 0 -3.47
4 15 -0.487 0 -3.269 -0.235 0 -3.346 0.04 0 -2.16 -0.5 0 -2.35
4 15 -0.75 0 -3.243 -0.487 0 -3.269 -0.5 0 -2.35 -0.97 0 -2.44
4 15 -1.013 0 -3.269 -0.75 0 -3.243 -0.97 0 -2.44 -1.4 0 -2.43
4 15 -1.679 0 -3.038 -1.013 0 -3.269 -1.4 0 -2.43 -1.78 0 -2.37
3 15 -1.78 0 -2.37 -2.044 0 -2.843 -1.679 0 -3.038
3 15 -1.36 0 -3.3 -1.305 0 -3.367 -1.265 0 -3.346
4 15 -1.36 0 -3.3 -1.265 0 -3.346 -1.013 0 -3.269 -1.679 0 -3.038
4 15 0.9 0 -4.24 1.17 0 -4.21 1.18 0 -4.112 0.494 0 -4.075
4 15 0.494 0 -4.075 1.18 0 -4.112 1.302 0 -3.711 0.37 0 -3.842
4 15 0.37 0 -3.842 1.302 0 -3.711 1.5 0 -3.341 0.202 0 -3.638
3 15 0.494 0 -4.075 0.571 0 -4.327 0.9 0 -4.24
3 15 2.153 0 -2.44 2.091 0 -2.75 2.18 0 -2.713
4 15 1.766 0 -3.016 2.091 0 -2.75 2.153 0 -2.44 2.18 0 -2.167
4 0x296CA3C 3.64 0 -0.39 3.72 0 -0.55 3.96 0 -0.48 4.48 0 0.55
4 0x296CA3C 4.48 0 0.55 3.96 0 -0.48 4.79 0 0.3 5.46 0 0.96
4 0x296CA3C 5.58 0 1.73 4.48 0 0.55 5.46 0 0.96 6.08 0 1.55
4 0x296CA3C 5.99 0 2.11 5.58 0 1.73 6.08 0 1.55 6.55 0 1.98
4 0x296CA3C 6.29 0 2.46 5.99 0 2.11 6.55 0 1.98 7.14 0 2.72
3 0x296CA3C 6.56 0 2.92 6.29 0 2.46 7.14 0 2.72
4 0x296CA3C 6.8 0 3.37 6.56 0 2.92 7.14 0 2.72 7.5 0 3.39
4 0x296CA3C -1.99 0 -1.88 -2.27 0 -1.77 -2.43 0 -2.1 -2.05 0 -2.28
4 0x296CA3C -1.63 0 -1.93 -1.99 0 -1.88 -2.05 0 -2.28 -1.78 0 -2.37
4 0x296CA3C -1.34 0 -1.95 -1.63 0 -1.93 -1.78 0 -2.37 -1.4 0 -2.43
4 0x296CA3C -1.07 0 -1.95 -1.34 0 -1.95 -1.4 0 -2.43 -0.97 0 -2.44
4 0x296CA3C -0.67 0 -1.91 -1.07 0 -1.95 -0.97 0 -2.44 -0.5 0 -2.35
4 0x296CA3C -0.21 0 -1.75 -0.67 0 -1.91 -0.5 0 -2.35 0.04 0 -2.16
4 0x296CA3C 0.11 0 -1.59 -0.21 0 -1.75 0.04 0 -2.16 0.39 0 -1.98
4 0x296CA3C 0.42 0 -1.33 0.11 0 -1.59 0.39 0 -1.98 0.66 0 -1.77
4 0x296CA3C 0.64 0 -1.11 0.42 0 -1.33 0.66 0 -1.77 0.91 0 -1.52
4 0x296CA3C 0.89 0 -0.84 0.64 0 -1.11 0.91 0 -1.52 1.15 0 -1.27
4 0x296CA3C 1.32 0 -0.43 0.89 0 -0.84 1.15 0 -1.27 1.62 0 -0.78
4 0x296CA3C 1.78 0 0.02 1.32 0 -0.43 1.62 0 -0.78 2.2 0 -0.22
4 0x296CA3C -2.81 0 -1.91 -2.43 0 -2.1 -2.27 0 -1.77 -2.57 0 -1.55
4 0x296CA3C -3.19 0 -1.6 -2.81 0 -1.91 -2.57 0 -1.55 -2.94 0 -1.24
4 0x296CA3C -3.47 0 -1.32 -3.19 0 -1.6 -2.94 0 -1.24 -3.3 0 -0.85
4 0x296CA3C -3.71 0 -1.08 -3.47 0 -1.32 -3.3 0 -0.85 -3.64 0 -0.51
4 0x296CA3C -3.96 0 -0.76 -3.71 0 -1.08 -3.64 0 -0.51 -3.95 0 -0.12
4 0x296CA3C -4.23 0 -0.4 -3.96 0 -0.76 -3.95 0 -0.12 -4.45 0 -0.1
4 0x296CA3C 2.65 0 0.92 1.78 0 0.02 2.2 0 -0.22 3.04 0 0.61
4 0x296CA3C 3.66 0 1.91 2.65 0 0.92 3.04 0 0.61 4.13 0 1.7
4 0x296CA3C 4.21 0 2.5 3.66 0 1.91 4.13 0 1.7 4.54 0 2.13
4 0x296CA3C 4.37 0 2.72 4.54 0 2.13 4.77 0 2.43 4.46 0 2.92
4 0x296CA3C 4.46 0 2.92 4.77 0 2.43 4.94 0 2.76 4.49 0 3.24
4 0x296CA3C 4.49 0 3.24 4.94 0 2.76 5.02 0 3.13 4.49 0 3.6
4 0x296CA3C 4.49 0 3.6 5.02 0 3.13 5.1 0 3.6 4.42 0 3.85
4 0x296CA3C 4.42 0 3.85 5.1 0 3.6 5.04 0 3.94 4.28 0 4.21
4 0x296CA3C 4.28 0 4.21 5.04 0 3.94 4.95 0 4.32 4.15 0 4.37
4 0x296CA3C 4.15 0 4.37 4.95 0 4.32 4.86 0 4.61 3.97 0 4.59
4 0x296CA3C 3.97 0 4.59 4.86 0 4.61 4.74 0 4.87 3.79 0 4.79
4 0x296CA3C 3.79 0 4.79 4.74 0 4.87 4.55 0 5.07 4.39 0 5.23
4 0x296CA3C 3.26 0 5.26 4.39 0 5.23 3.32 0 6.15 2.75 0 5.68
4 0x296CA3C 2.75 0 5.68 3.32 0 6.15 2.97 0 6.41 2.41 0 5.84
4 0x296CA3C 2.41 0 5.84 2.97 0 6.41 2.6 0 6.59 2.02 0 5.94
4 0x296CA3C 2.02 0 5.94 2.6 0 6.59 2.19 0 6.73 1.71 0 5.96
4 0x296CA3C 1.71 0 5.96 2.19 0 6.73 1.66 0 6.74 1.32 0 5.93
4 0x296CA3C 1.32 0 5.93 1.66 0 6.74 1.12 0 6.68 0.94 0 5.86
4 0x296CA3C 0.94 0 5.86 1.12 0 6.68 0.71 0 6.54 0.65 0 5.72
4 0x296CA3C 0.65 0 5.72 0.71 0 6.54 0.33 0 6.33 0.22 0 5.46
4 0x296CA3C 0.22 0 5.46 0.33 0 6.33 -0.05 0 6.09 -0.09 0 5.26
4 0x296CA3C -0.09 0 5.26 -0.05 0 6.09 -1.27 0 5.02 -0.95 0 4.52
4 0x296CA3C -0.95 0 4.52 -1.27 0 5.02 -4.04 0 2.55 -3.34 0 2.35
4 0x296CA3C -3.34 0 2.35 -4.04 0 2.55 -4.24 0 2.29 -3.55 0 2.14
4 0x296CA3C -3.55 0 2.14 -4.24 0 2.29 -4.44 0 2.03 -3.81 0 1.84
4 0x296CA3C -3.81 0 1.84 -4.44 0 2.03 -4.59 0 1.72 -4.01 0 1.53
4 0x296CA3C -4.01 0 1.53 -4.59 0 1.72 -4.7 0 1.44 -4.12 0 1.32
4 0x296CA3C -4.12 0 1.32 -4.7 0 1.44 -4.73 0 1.21 -4.2 0 0.94
4 0x296CA3C -4.2 0 0.94 -4.73 0 1.21 -4.73 0 0.85 -4.18 0 0.61
4 0x296CA3C -4.18 0 0.61 -4.73 0 0.85 -4.71 0 0.6 -4.15 0 0.39
4 0x296CA3C -4.15 0 0.39 -4.71 0 0.6 -4.69 0 0.46 -4.11 0 0.22
4 0x296CA3C -4.11 0 0.22 -4.69 0 0.46 -4.59 0 0.18 -4.04 0 0.02
4 0x296CA3C -4.04 0 0.02 -4.59 0 0.18 -4.45 0 -0.1 -3.95 0 -0.12
4 15 3.66 0 1.91 0.22 0 5.46 -0.09 0 5.26 2.65 0 0.92
4 15 2.65 0 0.92 -0.09 0 5.26 -0.95 0 4.52 1.78 0 0.02
4 15 1.78 0 0.02 -0.95 0 4.52 -3.34 0 2.35 1.32 0 -0.43
4 15 1.32 0 -0.43 -3.34 0 2.35 -3.55 0 2.14 0.89 0 -0.84
4 15 0.89 0 -0.84 -3.55 0 2.14 -3.81 0 1.84 0.64 0 -1.11
4 15 0.64 0 -1.11 -3.81 0 1.84 -4.01 0 1.53 0.42 0 -1.33
4 15 0.42 0 -1.33 -4.01 0 1.53 -4.12 0 1.32 0.11 0 -1.59
4 15 0.11 0 -1.59 -4.12 0 1.32 -4.2 0 0.94 -0.21 0 -1.75
4 15 -0.21 0 -1.75 -4.2 0 0.94 -4.18 0 0.61 -0.67 0 -1.91
4 15 -0.67 0 -1.91 -4.18 0 0.61 -4.15 0 0.39 -1.07 0 -1.95
4 15 -1.07 0 -1.95 -4.15 0 0.39 -4.11 0 0.22 -1.34 0 -1.95
4 15 -1.34 0 -1.95 -4.11 0 0.22 -4.04 0 0.02 -1.63 0 -1.93
4 15 -1.63 0 -1.93 -4.04 0 0.02 -3.95 0 -0.12 -1.99 0 -1.88
4 15 -1.99 0 -1.88 -3.95 0 -0.12 -3.64 0 -0.51 -2.27 0 -1.77
4 15 -2.27 0 -1.77 -3.64 0 -0.51 -3.3 0 -0.85 -2.57 0 -1.55
3 15 -3.3 0 -0.85 -2.94 0 -1.24 -2.57 0 -1.55
4 15 0.22 0 5.46 3.66 0 1.91 4.21 0 2.5 0.65 0 5.72
4 15 0.65 0 5.72 4.21 0 2.5 4.37 0 2.72 0.94 0 5.86
4 15 0.94 0 5.86 4.37 0 2.72 4.46 0 2.92 1.32 0 5.93
4 15 1.32 0 5.93 4.46 0 2.92 4.49 0 3.24 1.71 0 5.96
4 15 1.71 0 5.96 4.49 0 3.24 4.49 0 3.6 2.02 0 5.94
4 15 2.02 0 5.94 4.49 0 3.6 4.42 0 3.85 2.41 0 5.84
4 0x296CA3C 4.39 0 5.23 3.26 0 5.26 3.55 0 5 3.79 0 4.79
3 0x296CA3C -5.15 0 -4.33 -5.645 0 -4.691 -5.449 0 -4.751
4 15 3.55 0 5 2.41 0 5.84 4.42 0 3.85 3.79 0 4.79
4 15 3.97 0 4.59 3.79 0 4.79 4.42 0 3.85 4.15 0 4.37
3 15 4.15 0 4.37 4.42 0 3.85 4.28 0 4.21
4 15 2.41 0 5.84 3.55 0 5 3.26 0 5.26 2.75 0 5.68
4 0x296CA3C -5.14 0 -2.92 -4.98 0 -2.91 -4.88 0 -2.76 -5.11 0 -2.5
4 0x296CA3C -5.46 0 -2.71 -5.14 0 -2.92 -5.11 0 -2.5 -5.39 0 -2.15
4 0x296CA3C -5.93 0 -2.12 -5.46 0 -2.71 -5.39 0 -2.15 -5.72 0 -1.7
4 0x296CA3C -6.33 0 -1.51 -5.93 0 -2.12 -5.72 0 -1.7 -5.98 0 -1.21
4 0x296CA3C -6.64 0 -0.92 -6.33 0 -1.51 -5.98 0 -1.21 -6.18 0 -0.78
4 0x296CA3C -6.64 0 -0.92 -6.18 0 -0.78 -6.3 0 -0.38 -6.97 0 0.1
3 0x296CA3C -6.97 0 0.1 -6.3 0 -0.38 -6.41 0 0.01
4 0x296CA3C -6.97 0 0.1 -6.41 0 0.01 -6.46 0 0.46 -7.41 0 1.45
4 0x296CA3C -7.41 0 1.45 -6.46 0 0.46 -6.41 0 0.88 -7.26 0 1.83
4 0x296CA3C -7.26 0 1.83 -6.41 0 0.88 -6.31 0 1.38 -7.01 0 2.23
4 0x296CA3C -7.01 0 2.23 -6.31 0 1.38 -6.15 0 1.7 -6.75 0 2.57
4 0x296CA3C -6.75 0 2.57 -6.15 0 1.7 -5.98 0 2.02 -6.48 0 2.81
4 0x296CA3C -6.48 0 2.81 -5.98 0 2.02 -5.74 0 2.35 -6.09 0 3.11
4 0x296CA3C -6.09 0 3.11 -5.74 0 2.35 -5.47 0 2.62 -4.86 0 4.24
4 0x296CA3C -2.74 0 6.36 -4.86 0 4.24 -3.01 0 4.87 -0.48 0 7.2
4 0x296CA3C -1.43 0 7.79 -2.74 0 6.36 -0.48 0 7.2 -0.06 0 7.53
4 0x296CA3C -0.86 0 8.37 -1.43 0 7.79 -0.06 0 7.53 0.38 0 7.81
4 0x296CA3C -0.27 0 8.78 -0.86 0 8.37 0.38 0 7.81 0.91 0 8.08
4 0x296CA3C 0.42 0 9.14 -0.27 0 8.78 0.91 0 8.08 1.46 0 8.27
4 0x296CA3C 1.1 0 9.45 0.42 0 9.14 1.46 0 8.27 1.86 0 8.39
4 0x296CA3C 1.76 0 9.58 1.1 0 9.45 1.86 0 8.39 2.42 0 8.46
4 0x296CA3C 2.4 0 9.65 1.76 0 9.58 2.42 0 8.46 3.29 0 8.46
4 0x296CA3C 3 0 9.58 2.4 0 9.65 3.29 0 8.46 3.71 0 8.33
4 0x296CA3C 3.7 0 9.39 3 0 9.58 3.71 0 8.33 4.16 0 8.08
4 0x296CA3C 4.43 0 8.98 3.7 0 9.39 4.16 0 8.08 5.7 0 6.82
4 0x296CA3C 5.26 0 8.31 4.43 0 8.98 5.7 0 6.82 6.3 0 7.39
4 0x296CA3C 6.92 0 6.84 6.3 0 7.39 5.7 0 6.82 6.47 0 6.06
4 0x296CA3C 7.2 0 6.41 6.92 0 6.84 6.47 0 6.06 6.68 0 5.78
4 0x296CA3C 7.36 0 5.98 7.2 0 6.41 6.68 0 5.78 6.81 0 5.47
4 0x296CA3C 7.49 0 5.48 7.36 0 5.98 6.81 0 5.47 6.93 0 5.11
4 0x296CA3C 7.56 0 4.97 7.49 0 5.48 6.93 0 5.11 7 0 4.63
4 0x296CA3C 7.61 0 4.41 7.56 0 4.97 7 0 4.63 7.04 0 4.25
4 0x296CA3C 7.59 0 3.9 7.61 0 4.41 7.04 0 4.25 6.96 0 3.77
4 0x296CA3C 7.5 0 3.39 7.59 0 3.9 6.96 0 3.77 6.8 0 3.37
3 0x296CA3C 4.37 0 2.72 4.21 0 2.5 4.54 0 2.13
3 0x296CA3C -3.01 0 4.87 -4.86 0 4.24 -5.47 0 2.62
3 14 -7.51 0 1.92 -7.41 0 1.45 -7.26 0 1.83
4 14 -7.51 0 1.92 -7.26 0 1.83 -7.01 0 2.23 -7.55 0 2.38
4 14 -7.55 0 2.38 -7.01 0 2.23 -6.75 0 2.57 -7.46 0 3.24
4 14 -7.46 0 3.24 -6.75 0 2.57 -6.48 0 2.81 -7.32 0 3.89
4 14 -7.32 0 3.89 -6.48 0 2.81 -6.09 0 3.11 -7.18 0 4.4
4 14 -7.18 0 4.4 -6.09 0 3.11 -4.86 0 4.24 -6.96 0 4.94
4 14 -6.64 0 5.5 -6.96 0 4.94 -4.86 0 4.24 -6.24 0 6.01
4 14 -5.86 0 6.59 -6.24 0 6.01 -4.86 0 4.24 -2.74 0 6.36
4 14 -5.36 0 7.25 -5.86 0 6.59 -2.74 0 6.36 -1.43 0 7.79
4 14 -5.36 0 7.25 -1.43 0 7.79 -2.46 0 9.38 -5.21 0 7.64
4 14 -5.21 0 7.64 -2.46 0 9.38 -2.71 0 9.44 -5.21 0 8.02
4 14 -5.21 0 8.02 -2.71 0 9.44 -2.91 0 9.6 -5.34 0 8.42
4 14 -5.34 0 8.42 -2.91 0 9.6 -3.11 0 9.83 -5.51 0 8.73
4 14 -5.51 0 8.73 -3.11 0 9.83 -3.23 0 10.07 -5.66 0 8.88
4 14 -5.66 0 8.88 -3.23 0 10.07 -3.45 0 10.28 -5.82 0 9.02
4 14 -5.82 0 9.02 -3.45 0 10.28 -3.81 0 10.48 -6.05 0 9.16
4 14 -6.05 0 9.16 -3.81 0 10.48 -4.16 0 10.56 -6.27 0 9.29
4 14 -6.27 0 9.29 -4.16 0 10.56 -4.64 0 10.62 -6.5 0 9.43
4 14 -6.5 0 9.43 -4.64 0 10.62 -5.31 0 10.59 -6.72 0 9.63
4 14 -6.72 0 9.63 -5.31 0 10.59 -5.48 0 10.61 -6.92 0 9.78
4 14 -6.92 0 9.78 -5.48 0 10.61 -5.66 0 10.7 -7.15 0 10.05
4 14 -7.15 0 10.05 -5.66 0 10.7 -5.76 0 10.91 -7.3 0 10.36
4 14 -7.3 0 10.36 -5.76 0 10.91 -5.82 0 11.13 -7.37 0 10.83
4 14 -7.37 0 10.83 -5.82 0 11.13 -5.83 0 11.29 -7.33 0 11.18
4 14 -7.33 0 11.18 -5.83 0 11.29 -5.83 0 11.54 -7.18 0 11.52
4 14 -7.18 0 11.52 -5.83 0 11.54 -5.79 0 11.76 -6.98 0 11.9
4 14 -6.98 0 11.9 -5.79 0 11.76 -5.71 0 12.07 -6.74 0 12.28
4 14 -6.74 0 12.28 -5.71 0 12.07 -5.55 0 12.34 -6.46 0 12.63
4 14 -6.46 0 12.63 -5.55 0 12.34 -5.34 0 12.52 -6.16 0 12.96
4 14 -6.16 0 12.96 -5.34 0 12.52 -5.18 0 12.63 -5.73 0 13.31
4 14 -5.73 0 13.31 -5.18 0 12.63 -5.01 0 12.68 -5.41 0 13.49
4 14 -5.02 0 13.55 -5.41 0 13.49 -5.01 0 12.68 -4.85 0 12.66
4 14 -4.63 0 13.51 -5.02 0 13.55 -4.85 0 12.66 -4.74 0 12.57
4 14 -4.3 0 13.34 -4.63 0 13.51 -4.74 0 12.57 -4.07 0 13.05
4 14 -4.07 0 13.05 -4.74 0 12.57 -4.73 0 12.49 -3.89 0 12.68
4 14 -3.89 0 12.68 -4.73 0 12.49 -4.76 0 12.38 -3.84 0 12.34
4 14 -3.84 0 12.34 -4.76 0 12.38 -4.86 0 12.17 -3.84 0 11.98
4 14 -3.84 0 11.98 -4.86 0 12.17 -4.9 0 11.98 -3.89 0 11.76
4 14 -3.89 0 11.76 -4.9 0 11.98 -4.93 0 11.81 -4.04 0 11.61
4 14 -4.04 0 11.61 -4.93 0 11.81 -4.89 0 11.64 -4.24 0 11.53
4 14 -4.24 0 11.53 -4.89 0 11.64 -4.7 0 11.54 -4.38 0 11.49
3 14 -4.7 0 11.54 -4.55 0 11.49 -4.38 0 11.49
4 14 -2.46 0 9.38 -1.43 0 7.79 -0.86 0 8.37 -2.2 0 9.42
4 14 -2.2 0 9.42 -0.86 0 8.37 -0.27 0 8.78 -1.94 0 9.61
4 14 -1.94 0 9.61 -0.27 0 8.78 0.42 0 9.14 -1.47 0 10.12
4 14 -1.47 0 10.12 0.42 0 9.14 1.1 0 9.45 -1.06 0 10.61
4 14 -1.06 0 10.61 1.1 0 9.45 0.55 0 11.44 -0.77 0 11.02
4 14 -0.77 0 11.02 0.55 0 11.44 0.3 0 11.53 -0.65 0 11.37
4 14 -0.65 0 11.37 0.3 0 11.53 0.12 0 11.72 -0.6 0 11.58
4 14 -0.6 0 11.58 0.12 0 11.72 0.07 0 11.94 -0.65 0 11.8
4 14 -0.65 0 11.8 0.07 0 11.94 0.08 0 12.17 -0.78 0 12.12
4 14 -1.09 0 12.41 -0.78 0 12.12 0.08 0 12.17 0.09 0 12.42
4 14 -1.41 0 12.66 -1.09 0 12.41 0.09 0 12.42 0.05 0 13.59
4 14 -1.41 0 12.66 0.05 0 13.59 -0.32 0 13.7 -1.56 0 12.87
4 14 -1.56 0 12.87 -0.32 0 13.7 -0.63 0 13.73 -1.51 0 13.13
4 14 -1.51 0 13.13 -0.63 0 13.73 -0.94 0 13.66 -1.23 0 13.47
4 14 0.05 0 13.59 0.09 0 12.42 0.24 0 12.6 0.42 0 13.52
4 14 0.42 0 13.52 0.24 0 12.6 0.49 0 12.68 0.86 0 13.54
4 14 0.86 0 13.54 0.49 0 12.68 0.8 0 12.58 1.09 0 13.66
4 14 2.61 0 13.2 1.09 0 13.66 0.8 0 12.58 1.09 0 12.35
4 14 2.61 0 12.35 2.61 0 13.2 1.09 0 12.35 1.24 0 12.1
4 14 2.77 0 12.04 2.61 0 12.35 1.24 0 12.1 1.22 0 11.76
4 14 2.4 0 9.65 2.77 0 12.04 1.22 0 11.76 1.76 0 9.58
4 14 1.76 0 9.58 1.22 0 11.76 0.98 0 11.49 1.1 0 9.45
3 14 0.98 0 11.49 0.74 0 11.44 1.1 0 9.45
3 14 0.74 0 11.44 0.55 0 11.44 1.1 0 9.45
4 14 3.07 0 11.7 2.77 0 12.04 2.4 0 9.65 3 0 9.58
4 14 3.57 0 11.46 3.07 0 11.7 3 0 9.58 3.7 0 9.39
4 14 4.14 0 11.3 3.57 0 11.46 3.7 0 9.39 4.43 0 8.98
3 14 4.14 0 11.3 4.43 0 8.98 4.51 0 11.25
4 14 4.9 0 11.27 4.51 0 11.25 4.43 0 8.98 5.26 0 8.31
4 14 4.9 0 11.27 5.26 0 8.31 6.83 0 9.62 5.34 0 11.34
4 14 5.34 0 11.34 6.83 0 9.62 7.02 0 10.09 5.71 0 11.52
4 14 5.71 0 11.52 7.02 0 10.09 7.23 0 10.51 6.09 0 11.8
4 14 6.09 0 11.8 7.23 0 10.51 7.44 0 10.91 6.36 0 12.09
4 14 6.36 0 12.09 7.44 0 10.91 7.71 0 11.39 6.58 0 12.39
4 14 6.58 0 12.39 7.71 0 11.39 7.95 0 11.87 6.66 0 12.57
4 14 6.66 0 12.57 7.95 0 11.87 8.06 0 12.44 6.7 0 12.85
4 14 6.7 0 12.85 8.06 0 12.44 8.05 0 13 6.69 0 13.07
4 14 6.69 0 13.07 8.05 0 13 7.93 0 13.31 6.63 0 13.27
4 14 6.63 0 13.27 7.93 0 13.31 7.77 0 13.6 6.51 0 13.46
4 14 6.51 0 13.46 7.77 0 13.6 7.45 0 13.95 6.35 0 13.61
4 14 6.35 0 13.61 7.45 0 13.95 7.14 0 14.18 6.74 0 14.35
4 14 6.16 0 13.71 6.35 0 13.61 6.74 0 14.35 6.33 0 14.45
4 14 5.99 0 13.71 6.16 0 13.71 6.33 0 14.45 6.03 0 14.49
4 14 5.99 0 13.71 6.03 0 14.49 5.7 0 14.48 5.37 0 14.39
4 14 5.89 0 13.68 5.99 0 13.71 5.37 0 14.39 5.11 0 14.28
4 14 5.85 0 13.6 5.89 0 13.68 5.11 0 14.28 4.93 0 14.12
4 14 5.83 0 13.48 5.85 0 13.6 4.93 0 14.12 4.77 0 13.94
4 14 5.78 0 13.34 5.83 0 13.48 4.77 0 13.94 4.71 0 13.7
4 14 5.65 0 13.2 5.78 0 13.34 4.71 0 13.7 4.72 0 13.43
4 14 5.46 0 13.15 5.65 0 13.2 4.72 0 13.43 4.9 0 13.29
4 14 5.28 0 13.14 5.46 0 13.15 4.9 0 13.29 5.06 0 13.18
4 14 6.73 0 8.89 6.83 0 9.62 5.26 0 8.31 6.3 0 7.39
3 14 6.73 0 8.89 6.3 0 7.39 6.76 0 8.31
3 14 6.76 0 8.31 6.3 0 7.39 6.99 0 7.84
4 14 7.32 0 7.4 6.99 0 7.84 6.3 0 7.39 6.92 0 6.84
4 14 7.56 0 6.94 7.32 0 7.4 6.92 0 6.84 7.2 0 6.41
4 14 7.8 0 6.39 7.56 0 6.94 7.2 0 6.41 7.36 0 5.98
4 14 7.94 0 5.8 7.8 0 6.39 7.36 0 5.98 7.49 0 5.48
4 14 7.99 0 5.27 7.94 0 5.8 7.49 0 5.48 7.56 0 4.97
4 14 7.96 0 4.77 7.99 0 5.27 7.56 0 4.97 7.61 0 4.41
4 14 7.87 0 4.28 7.96 0 4.77 7.61 0 4.41 7.59 0 3.9
3 14 7.87 0 4.28 7.59 0 3.9 7.5 0 3.39
4 14 1.33 0 13.91 1.09 0 13.66 2.61 0 13.2 2.79 0 13.68
4 14 1.46 0 14.25 1.33 0 13.91 2.79 0 13.68 3.05 0 14.15
4 14 1.47 0 14.61 1.46 0 14.25 3.05 0 14.15 3.47 0 14.76
4 14 1.41 0 14.88 1.47 0 14.61 3.47 0 14.76 3.95 0 15.38
4 14 1.24 0 15.1 1.41 0 14.88 3.95 0 15.38 4.28 0 15.93
4 14 1.01 0 15.25 1.24 0 15.1 4.28 0 15.93 4.39 0 16.28
4 14 1.01 0 15.25 4.39 0 16.28 4.36 0 16.62 4.19 0 16.94
4 14 1.01 0 15.25 4.19 0 16.94 3.88 0 17.19 3.57 0 17.4
4 14 1.01 0 15.25 3.57 0 17.4 3.17 0 17.58 2.76 0 17.69
4 14 1.01 0 15.25 2.76 0 17.69 2.2 0 17.77 1.61 0 17.75
4 14 1.01 0 15.25 1.61 0 17.75 1.2 0 17.64 0.84 0 17.49
4 14 1.01 0 15.25 0.84 0 17.49 0.45 0 17.26 0.78 0 15.36
4 14 0.78 0 15.36 0.45 0 17.26 0.27 0 17.11 0.46 0 15.45
4 14 0.46 0 15.45 0.27 0 17.11 0 0 16.98 0.12 0 15.44
4 14 0.12 0 15.44 0 0 16.98 -0.27 0 16.9 -0.15 0 15.38
4 14 -0.15 0 15.38 -0.27 0 16.9 -0.68 0 16.81 -0.48 0 15.25
4 14 -0.48 0 15.25 -0.68 0 16.81 -1.08 0 16.76 -0.82 0 15.13
4 14 -1.22 0 15.08 -0.82 0 15.13 -1.08 0 16.76 -1.57 0 16.77
4 14 -1.73 0 15.1 -1.22 0 15.08 -1.57 0 16.77 -2.03 0 16.77
4 14 -2.12 0 15.25 -1.73 0 15.1 -2.03 0 16.77 -2.4 0 15.43
4 14 -2.67 0 15.62 -2.4 0 15.43 -2.03 0 16.77 -2.66 0 16.78
4 14 -2.95 0 15.76 -2.67 0 15.62 -2.66 0 16.78 -3.16 0 16.82
4 14 -3.11 0 15.81 -2.95 0 15.76 -3.16 0 16.82 -3.46 0 16.86
3 14 -3.46 0 16.86 -3.34 0 15.77 -3.11 0 15.81
3 14 -3.46 0 16.86 -3.59 0 15.67 -3.34 0 15.77
4 14 -3.9 0 15.49 -3.59 0 15.67 -3.46 0 16.86 -4.28 0 15.44
4 14 -4.69 0 15.46 -4.28 0 15.44 -3.46 0 16.86 -5.02 0 15.58
4 14 -5.27 0 15.76 -5.02 0 15.58 -3.46 0 16.86 -5.39 0 16.04
4 14 -5.4 0 16.24 -5.39 0 16.04 -3.46 0 16.86 -5.35 0 16.49
4 14 -5.35 0 16.49 -3.46 0 16.86 -3.74 0 16.96 -5.11 0 16.81
4 14 -5.11 0 16.81 -3.74 0 16.96 -3.87 0 17.09 -4.86 0 17.11
4 14 -4.86 0 17.11 -3.87 0 17.09 -3.88 0 17.2 -4.51 0 17.46
4 14 -4.51 0 17.46 -3.88 0 17.2 -3.85 0 17.32 -4.2 0 17.78
4 14 -4.2 0 17.78 -3.85 0 17.32 -3.61 0 17.47 -3.8 0 18.01
4 14 -3.8 0 18.01 -3.61 0 17.47 -3.29 0 17.66 -3.34 0 18.24
4 14 -3.34 0 18.24 -3.29 0 17.66 -2.8 0 17.74 -2.97 0 18.38
4 14 -2.97 0 18.38 -2.8 0 17.74 -2.44 0 17.72 -2.68 0 18.54
4 14 -2.68 0 18.54 -2.44 0 17.72 -2.01 0 17.63 -1.68 0 17.62
4 14 -2.68 0 18.54 -1.68 0 17.62 -1.46 0 17.7 -1.22 0 17.85
4 14 -2.68 0 18.54 -1.22 0 17.85 -1.01 0 18.02 -0.79 0 18.26
4 14 -2.68 0 18.54 -0.79 0 18.26 -0.65 0 18.5 -0.6 0 18.7
4 14 -2.68 0 18.54 -0.6 0 18.7 -0.68 0 18.94 -0.87 0 19.1
4 14 -2.58 0 18.67 -2.68 0 18.54 -0.87 0 19.1 -1.19 0 19.23
4 14 -2.58 0 18.81 -2.58 0 18.67 -1.19 0 19.23 -1.85 0 19.37
4 14 -2.68 0 18.93 -2.58 0 18.81 -1.85 0 19.37 -2.28 0 19.47
4 14 -2.88 0 19.02 -2.68 0 18.93 -2.28 0 19.47 -3 0 19.57
4 14 -3.4 0 19 -2.88 0 19.02 -3 0 19.57 -3.53 0 19.57
4 14 -3.53 0 18.97 -3.4 0 19 -3.53 0 19.57 -4.25 0 19.51
4 14 -3.68 0 18.88 -3.53 0 18.97 -4.25 0 19.51 -4.55 0 19.41
4 14 -3.77 0 18.71 -3.68 0 18.88 -4.55 0 19.41 -4.71 0 19.24
4 14 -3.9 0 18.58 -3.77 0 18.71 -4.71 0 19.24 -4.82 0 19.05
4 14 -4.08 0 18.46 -3.9 0 18.58 -4.82 0 19.05 -4.83 0 18.89
4 14 -4.31 0 18.42 -4.08 0 18.46 -4.83 0 18.89 -4.78 0 18.68
4 14 -4.46 0 18.42 -4.31 0 18.42 -4.78 0 18.68 -4.63 0 18.5
4 0x296CA3C 0.49 0 12.68 0.24 0 12.6 0.09 0 12.42 0.8 0 12.58
4 0x296CA3C 0.8 0 12.58 0.09 0 12.42 0.08 0 12.17 1.09 0 12.35
4 0x296CA3C 1.09 0 12.35 0.08 0 12.17 0.07 0 11.94 1.24 0 12.1
4 0x296CA3C 1.24 0 12.1 0.07 0 11.94 0.12 0 11.72 1.22 0 11.76
4 0x296CA3C 1.22 0 11.76 0.12 0 11.72 0.3 0 11.53 0.98 0 11.49
4 0x296CA3C 0.98 0 11.49 0.3 0 11.53 0.55 0 11.44 0.74 0 11.44
4 0x296CA3C -4.73 0 12.49 -4.74 0 12.57 -4.85 0 12.66 -4.76 0 12.38
4 0x296CA3C -4.76 0 12.38 -4.85 0 12.66 -5.01 0 12.68 -4.86 0 12.17
4 0x296CA3C -4.86 0 12.17 -5.01 0 12.68 -5.18 0 12.63 -4.9 0 11.98
4 0x296CA3C -4.9 0 11.98 -5.18 0 12.63 -5.34 0 12.52 -4.93 0 11.81
4 0x296CA3C -4.93 0 11.81 -5.34 0 12.52 -5.55 0 12.34 -4.89 0 11.64
4 0x296CA3C -4.89 0 11.64 -5.55 0 12.34 -5.71 0 12.07 -5.79 0 11.76
4 0x296CA3C -4.89 0 11.64 -5.79 0 11.76 -5.83 0 11.54 -5.83 0 11.29
4 0x296CA3C -4.89 0 11.64 -5.83 0 11.29 -5.82 0 11.13 -5.76 0 10.91
4 0x296CA3C -4.89 0 11.64 -5.76 0 10.91 -5.66 0 10.7 -5.48 0 10.61
4 0x296CA3C -4.89 0 11.64 -5.48 0 10.61 -5.31 0 10.59 -4.7 0 11.54
4 0x296CA3C -4.7 0 11.54 -5.31 0 10.59 -4.64 0 10.62 -4.55 0 11.49
4 0x296CA3C -4.55 0 11.49 -4.64 0 10.62 -4.16 0 10.56 -4.38 0 11.49
4 0x296CA3C -4.38 0 11.49 -4.16 0 10.56 -3.81 0 10.48 -4.24 0 11.53
4 0x296CA3C -4.04 0 11.61 -4.24 0 11.53 -3.81 0 10.48 -3.45 0 10.28
4 0x296CA3C -3.89 0 11.76 -4.04 0 11.61 -3.45 0 10.28 -1.09 0 12.41
4 0x296CA3C -0.78 0 12.12 -1.09 0 12.41 -3.45 0 10.28 -3.23 0 10.07
4 0x296CA3C -0.65 0 11.8 -0.78 0 12.12 -3.23 0 10.07 -3.11 0 9.83
4 0x296CA3C -0.65 0 11.8 -3.11 0 9.83 -1.47 0 10.12 -0.6 0 11.58
4 0x296CA3C -0.65 0 11.37 -0.6 0 11.58 -1.47 0 10.12 -1.06 0 10.61
3 0x296CA3C -0.65 0 11.37 -1.06 0 10.61 -0.77 0 11.02
4 0x296CA3C -1.94 0 9.61 -1.47 0 10.12 -3.11 0 9.83 -2.91 0 9.6
4 0x296CA3C -2.2 0 9.42 -1.94 0 9.61 -2.91 0 9.6 -2.71 0 9.44
3 0x296CA3C -2.71 0 9.44 -2.46 0 9.38 -2.2 0 9.42
4 0x296CA3C -3.84 0 11.98 -3.89 0 11.76 -1.09 0 12.41 -1.41 0 12.66
4 0x296CA3C -3.84 0 12.34 -3.84 0 11.98 -1.41 0 12.66 -1.56 0 12.87
4 0x296CA3C -3.89 0 12.68 -3.84 0 12.34 -1.56 0 12.87 -1.51 0 13.13
4 0x296CA3C -4.07 0 13.05 -3.89 0 12.68 -1.51 0 13.13 -1.23 0 13.47
4 0x296CA3C -1.22 0 15.08 -4.07 0 13.05 -1.23 0 13.47 -0.94 0 13.66
4 0x296CA3C -0.82 0 15.13 -1.22 0 15.08 -0.94 0 13.66 -0.63 0 13.73
4 0x296CA3C -0.48 0 15.25 -0.82 0 15.13 -0.63 0 13.73 -0.32 0 13.7
4 0x296CA3C -0.15 0 15.38 -0.48 0 15.25 -0.32 0 13.7 0.05 0 13.59
4 0x296CA3C 0.12 0 15.44 -0.15 0 15.38 0.05 0 13.59 0.42 0 13.52
4 0x296CA3C 0.46 0 15.45 0.12 0 15.44 0.42 0 13.52 0.86 0 13.54
4 0x296CA3C 0.78 0 15.36 0.46 0 15.45 0.86 0 13.54 1.09 0 13.66
4 0x296CA3C 1.01 0 15.25 0.78 0 15.36 1.09 0 13.66 1.33 0 13.91
4 0x296CA3C 1.24 0 15.1 1.01 0 15.25 1.33 0 13.91 1.47 0 14.61
3 0x296CA3C 1.24 0 15.1 1.47 0 14.61 1.41 0 14.88
3 0x296CA3C 1.47 0 14.61 1.33 0 13.91 1.46 0 14.25
3 0x296CA3C -1.73 0 15.1 -4.07 0 13.05 -1.22 0 15.08
4 0x296CA3C -4.07 0 13.05 -1.73 0 15.1 -2.12 0 15.25 -3.9 0 15.49
4 0x296CA3C -3.9 0 15.49 -2.12 0 15.25 -2.4 0 15.43 -3.59 0 15.67
4 0x296CA3C -3.59 0 15.67 -2.4 0 15.43 -2.67 0 15.62 -3.34 0 15.77
4 0x296CA3C -3.34 0 15.77 -2.67 0 15.62 -2.95 0 15.76 -3.11 0 15.81
4 0x296CA3C -4.3 0 13.34 -4.07 0 13.05 -3.9 0 15.49 -4.28 0 15.44
4 0x296CA3C -4.63 0 13.51 -4.3 0 13.34 -4.28 0 15.44 -4.69 0 15.46
4 0x296CA3C -5.02 0 13.55 -4.63 0 13.51 -4.69 0 15.46 -5.02 0 15.58
4 0x296CA3C -5.41 0 13.49 -5.02 0 13.55 -5.02 0 15.58 -5.27 0 15.76
4 0x296CA3C -5.73 0 13.31 -5.41 0 13.49 -5.27 0 15.76 -5.39 0 16.04
4 0x296CA3C -9.6 0 13.4 -5.73 0 13.31 -5.39 0 16.04 -9.6 0 15.8
4 0x296CA3C 5.99 0 13.71 5.89 0 13.68 5.85 0 13.6 6.16 0 13.71
4 0x296CA3C 6.16 0 13.71 5.85 0 13.6 5.83 0 13.48 6.35 0 13.61
4 0x296CA3C 6.35 0 13.61 5.83 0 13.48 5.78 0 13.34 6.51 0 13.46
4 0x296CA3C 6.51 0 13.46 5.78 0 13.34 5.65 0 13.2 6.63 0 13.27
4 0x296CA3C 6.69 0 13.07 6.63 0 13.27 5.65 0 13.2 6.7 0 12.85
4 0x296CA3C 6.66 0 12.57 6.7 0 12.85 5.65 0 13.2 6.58 0 12.39
4 0x296CA3C 6.36 0 12.09 6.58 0 12.39 5.65 0 13.2 6.09 0 11.8
4 0x296CA3C 6.09 0 11.8 5.65 0 13.2 5.46 0 13.15 5.71 0 11.52
4 0x296CA3C 5.34 0 11.34 5.71 0 11.52 5.46 0 13.15 5.28 0 13.14
4 0x296CA3C 4.9 0 11.27 5.34 0 11.34 5.28 0 13.14 4.51 0 11.25
4 0x296CA3C 4.51 0 11.25 5.28 0 13.14 5.06 0 13.18 4.14 0 11.3
4 0x296CA3C 3.57 0 11.46 4.14 0 11.3 5.06 0 13.18 4.9 0 13.29
4 0x296CA3C 3.07 0 11.7 3.57 0 11.46 4.9 0 13.29 2.77 0 12.04
4 0x296CA3C 2.77 0 12.04 4.9 0 13.29 4.72 0 13.43 2.61 0 12.35
4 0x296CA3C 2.61 0 13.2 2.61 0 12.35 4.72 0 13.43 4.71 0 13.7
4 0x296CA3C 2.79 0 13.68 2.61 0 13.2 4.71 0 13.7 4.77 0 13.94
4 0x296CA3C 3.05 0 14.15 2.79 0 13.68 4.77 0 13.94 4.93 0 14.12
4 0x296CA3C 3.47 0 14.76 3.05 0 14.15 4.93 0 14.12 5.11 0 14.28
4 0x296CA3C 3.95 0 15.38 3.47 0 14.76 5.11 0 14.28 5.37 0 14.39
4 0x296CA3C 4.28 0 15.93 3.95 0 15.38 5.37 0 14.39 5.7 0 14.48
4 0x296CA3C 4.39 0 16.28 4.28 0 15.93 5.7 0 14.48 6.03 0 14.49
4 0x296CA3C 4.36 0 16.62 4.39 0 16.28 6.03 0 14.49 6.33 0 14.45
4 0x296CA3C 4.19 0 16.94 4.36 0 16.62 6.33 0 14.45 9.6 0 18.2
4 0x296CA3C 9.6 0 15.8 9.6 0 18.2 6.33 0 14.45 6.74 0 14.35
3 0x296CA3C 9.6 0 15.8 6.74 0 14.35 7.14 0 14.18
4 0x296CA3C 9.6 0 15.8 7.14 0 14.18 7.45 0 13.95 9.6 0 13.4
3 0x296CA3C 7.45 0 13.95 7.77 0 13.6 9.6 0 13.4
3 0x296CA3C 7.77 0 13.6 7.93 0 13.31 9.6 0 13.4
3 0x296CA3C 9.6 0 13.4 7.93 0 13.31 8.05 0 13
4 0x296CA3C 9.6 0 13.4 8.05 0 13 8.06 0 12.44 9.6 0 11
3 0x296CA3C 8.06 0 12.44 7.95 0 11.87 9.6 0 11
3 0x296CA3C 7.95 0 11.87 7.71 0 11.39 9.6 0 11
4 0x296CA3C 9.6 0 11 7.71 0 11.39 7.44 0 10.91 7.23 0 10.51
4 0x296CA3C 9.6 0 8.6 9.6 0 11 7.23 0 10.51 7.02 0 10.09
4 0x296CA3C 9.6 0 8.6 7.02 0 10.09 6.83 0 9.62 6.73 0 8.89
4 0x296CA3C 9.6 0 8.6 6.73 0 8.89 6.76 0 8.31 6.99 0 7.84
3 0x296CA3C 9.6 0 8.6 6.99 0 7.84 7.32 0 7.4
4 0x296CA3C 9.6 0 8.6 7.32 0 7.4 7.56 0 6.94 9.6 0 6.2
3 0x296CA3C 7.56 0 6.94 7.8 0 6.39 9.6 0 6.2
3 0x296CA3C 7.8 0 6.39 7.94 0 5.8 9.6 0 6.2
3 0x296CA3C 9.6 0 6.2 7.94 0 5.8 7.99 0 5.27
4 0x296CA3C 9.6 0 6.2 7.99 0 5.27 7.96 0 4.77 9.6 0 3.8
3 0x296CA3C 7.96 0 4.77 7.87 0 4.28 9.6 0 3.8
3 0x296CA3C 7.87 0 4.28 7.5 0 3.39 9.6 0 3.8
4 0x296CA3C 9.6 0 3.8 7.5 0 3.39 7.14 0 2.72 9.6 0 1.4
3 0x296CA3C 7.14 0 2.72 7 0 1.78 9.6 0 1.4
3 0x296CA3C 7 0 1.78 6.77 0 1.25 9.6 0 1.4
4 0x296CA3C 9.6 0 1.4 6.77 0 1.25 6.44 0 0.75 9.6 0 -1
3 0x296CA3C 6.44 0 0.75 5.79 0 0.04 9.6 0 -1
4 0x296CA3C 9.6 0 -1 5.79 0 0.04 5.17 0 -0.55 4.77 0 -0.94
4 0x296CA3C 9.6 0 -1 4.77 0 -0.94 4.398 0 -1.337 4.181 0 -2.018
4 0x296CA3C 4.398 0 -1.337 4.326 0 -1.278 3.972 0 -1.809 4.087 0 -1.903
3 0x296CA3C 4.398 0 -1.337 4.087 0 -1.903 4.181 0 -2.018
3 0x296CA3C 9.6 0 -1 4.181 0 -2.018 4.252 0 -2.149
3 0x296CA3C 9.6 0 -1 4.252 0 -2.149 4.295 0 -2.292
3 0x296CA3C 9.6 0 -1 4.295 0 -2.292 4.309 0 -2.44
4 0x296CA3C 9.6 0 -1 4.309 0 -2.44 4.295 0 -2.588 9.6 0 -3.4
4 0x296CA3C 9.6 0 -3.4 4.295 0 -2.588 4.383 0 -3.428 4.576 0 -3.664
3 0x296CA3C 9.6 0 -3.4 4.576 0 -3.664 4.72 0 -3.933
3 0x296CA3C 9.6 0 -3.4 4.72 0 -3.933 4.809 0 -4.226
3 0x296CA3C 9.6 0 -3.4 4.809 0 -4.226 4.839 0 -4.53
4 0x296CA3C 9.6 0 -3.4 4.839 0 -4.53 4.809 0 -4.834 9.6 0 -5.8
3 0x296CA3C 4.295 0 -2.588 4.252 0 -2.731 4.383 0 -3.428
4 0x296CA3C 4.383 0 -3.428 4.252 0 -2.731 4.181 0 -2.862 4.146 0 -3.234
3 0x296CA3C 4.181 0 -2.862 4.087 0 -2.977 4.146 0 -3.234
3 0x296CA3C 4.087 0 -2.977 3.972 0 -3.071 4.146 0 -3.234
3 0x296CA3C 4.809 0 -4.834 4.72 0 -5.127 9.6 0 -5.8
3 0x296CA3C 4.72 0 -5.127 4.576 0 -5.396 9.6 0 -5.8
3 0x296CA3C 4.576 0 -5.396 4.383 0 -5.633 9.6 0 -5.8
4 0x296CA3C 9.6 0 -5.8 4.383 0 -5.633 4.146 0 -5.826 2.858 0 -8
4 0x296CA3C 4.13 0 -9.14 9.6 0 -5.8 2.858 0 -8 2.84 0 -8.177
3 0x296CA3C 2.84 0 -8.177 2.789 0 -8.347 4.13 0 -9.14
3 0x296CA3C 2.789 0 -8.347 2.705 0 -8.504 4.13 0 -9.14
3 0x296CA3C 2.705 0 -8.504 2.592 0 -8.642 4.13 0 -9.14
3 0x296CA3C 2.592 0 -8.642 2.454 0 -8.755 4.13 0 -9.14
4 0x296CA3C 2.04 0 -10.93 4.13 0 -9.14 1.54 0 -10.157 1.497 0 -10.299
4 0x296CA3C 0 0 -15.6 9.6 0 -5.8 4.13 0 -9.14 2.04 0 -10.93
4 0x296CA3C 0.511 0 -10.707 0.381 0 -10.637 0.093 0 -11.077 0.187 0 -11.191
4 0x296CA3C 0.653 0 -10.75 0.511 0 -10.707 0.187 0 -11.191 0.257 0 -11.321
4 0x296CA3C 0.8 0 -10.764 0.653 0 -10.75 0.257 0 -11.321 0.3 0 -11.463
4 0x296CA3C 0.947 0 -10.75 0.8 0 -10.764 0.3 0 -11.463 0.314 0 -11.61
4 0x296CA3C 0.947 0 -10.75 0.314 0 -11.61 2.04 0 -10.93 1.089 0 -10.707
3 0x296CA3C 1.219 0 -10.637 1.089 0 -10.707 2.04 0 -10.93
3 0x296CA3C 1.333 0 -10.543 1.219 0 -10.637 2.04 0 -10.93
3 0x296CA3C 1.427 0 -10.429 1.333 0 -10.543 2.04 0 -10.93
3 0x296CA3C 1.497 0 -10.299 1.427 0 -10.429 2.04 0 -10.93
4 0x296CA3C 0.81 0 -12.6 2.04 0 -10.93 0.314 0 -11.61 0.3 0 -11.757
3 0x296CA3C 0.3 0 -11.757 0.257 0 -11.899 0.81 0 -12.6
3 0x296CA3C 0.257 0 -11.899 0.187 0 -12.029 0.81 0 -12.6
3 0x296CA3C 0.187 0 -12.029 0.093 0 -12.143 0.81 0 -12.6
3 0x296CA3C 0.093 0 -12.143 -0.021 0 -12.237 0.81 0 -12.6
4 0x296CA3C 0.81 0 -12.6 -0.021 0 -12.237 -0.151 0 -12.307 0 0 -15.6
3 0x296CA3C 2.04 0 -10.93 0.81 0 -12.6 0 0 -15.6
4 0x296CA3C -0.587 0 -12.35 -1.34 0 -12.78 0 0 -15.6 -0.44 0 -12.364
3 0x296CA3C -0.293 0 -12.35 -0.44 0 -12.364 0 0 -15.6
3 0x296CA3C -0.151 0 -12.307 -0.293 0 -12.35 0 0 -15.6
3 0x296CA3C -0.729 0 -12.307 -1.34 0 -12.78 -0.587 0 -12.35
3 0x296CA3C -0.859 0 -12.237 -1.34 0 -12.78 -0.729 0 -12.307
3 0x296CA3C -0.973 0 -12.143 -1.34 0 -12.78 -0.859 0 -12.237
3 0x296CA3C -1.067 0 -12.029 -1.34 0 -12.78 -0.973 0 -12.143
4 0x296CA3C -2.79 0 -10.7 -1.34 0 -12.78 -1.18 0 -11.757 -1.194 0 -11.61
3 0x296CA3C -2.79 0 -10.7 -1.194 0 -11.61 -1.18 0 -11.463
4 0x296CA3C -2.79 0 -10.7 -1.18 0 -11.463 -1.137 0 -11.321 -1.64 0 -10.124
4 0x296CA3C -1.64 0 -10.124 -1.137 0 -11.321 -1.067 0 -11.191 -1.493 0 -10.11
4 0x296CA3C -1.493 0 -10.11 -1.067 0 -11.191 -0.973 0 -11.077 -1.351 0 -10.067
4 0x296CA3C -1.351 0 -10.067 -0.973 0 -11.077 -0.859 0 -10.983 -1.221 0 -9.997
4 0x296CA3C -1.221 0 -9.997 -0.859 0 -10.983 -0.729 0 -10.913 -1.107 0 -9.903
4 0x296CA3C -1.107 0 -9.903 -0.729 0 -10.913 -0.587 0 -10.87 -1.013 0 -9.789
4 0x296CA3C -1.013 0 -9.789 -0.587 0 -10.87 -0.44 0 -10.856 0.06 0 -10.157
4 0x296CA3C -1.013 0 -9.789 0.06 0 -10.157 0.046 0 -10.01 -0.943 0 -9.659
4 0x296CA3C -0.943 0 -9.659 0.046 0 -10.01 0.06 0 -9.863 -0.9 0 -9.517
3 0x296CA3C -0.9 0 -9.517 0.06 0 -9.863 0.103 0 -9.721
4 0x296CA3C -0.021 0 -10.983 0.093 0 -11.077 0.381 0 -10.637 0.267 0 -10.543
4 0x296CA3C -0.151 0 -10.913 -0.021 0 -10.983 0.267 0 -10.543 0.173 0 -10.429
4 0x296CA3C -0.293 0 -10.87 -0.151 0 -10.913 0.173 0 -10.429 0.103 0 -10.299
4 0x296CA3C -0.44 0 -10.856 -0.293 0 -10.87 0.103 0 -10.299 0.06 0 -10.157
4 0x296CA3C -6.64 0 -7.31 -9.6 0 -5.8 0 0 -15.6 -1.34 0 -12.78
4 0x296CA3C -9.6 0 -5.8 -6.64 0 -7.31 -6.592 0 -6.462 -6.722 0 -6.303
3 0x296CA3C -9.6 0 -5.8 -6.722 0 -6.303 -6.819 0 -6.121
3 0x296CA3C -9.6 0 -5.8 -6.819 0 -6.121 -6.879 0 -5.925
4 0x296CA3C -9.6 0 -5.8 -6.879 0 -5.925 -6.899 0 -5.72 -7.097 0 -5.226
4 0x296CA3C -7.097 0 -5.226 -6.899 0 -5.72 -6.879 0 -5.515 -6.951 0 -5.27
3 0x296CA3C -6.951 0 -5.27 -6.879 0 -5.515 -6.819 0 -5.319
3 0x296CA3C -6.951 0 -5.27 -6.819 0 -5.319 -6.8 0 -5.285
3 0x296CA3C -6.592 0 -6.462 -6.64 0 -7.31 -6.433 0 -6.592
3 0x296CA3C -6.433 0 -6.592 -6.64 0 -7.31 -6.251 0 -6.689
3 0x296CA3C -6.251 0 -6.689 -6.64 0 -7.31 -6.055 0 -6.749
3 0x296CA3C -6.055 0 -6.749 -6.64 0 -7.31 -5.85 0 -6.769
4 0x296CA3C -5.645 0 -6.749 -5.85 0 -6.769 -6.64 0 -7.31 -4.67 0 -8.55
3 0x296CA3C -5.449 0 -6.689 -5.645 0 -6.749 -4.67 0 -8.55
3 0x296CA3C -3.828 0 -7.309 -4.67 0 -8.55 -3.771 0 -7.5
3 0x296CA3C -3.771 0 -7.5 -4.67 0 -8.55 -3.676 0 -7.676
3 0x296CA3C -3.676 0 -7.676 -4.67 0 -8.55 -3.55 0 -7.83
3 0x296CA3C -3.55 0 -7.83 -4.67 0 -8.55 -3.396 0 -7.956
3 0x296CA3C -3.396 0 -7.956 -4.67 0 -8.55 -3.22 0 -8.051
4 0x296CA3C -2.394 0 -9.37 -2.38 0 -9.223 -4.67 0 -8.55 -2.79 0 -10.7
3 0x296CA3C -2.394 0 -9.37 -2.79 0 -10.7 -2.38 0 -9.517
3 0x296CA3C -2.38 0 -9.517 -2.79 0 -10.7 -2.337 0 -9.659
3 0x296CA3C -2.337 0 -9.659 -2.79 0 -10.7 -2.267 0 -9.789
3 0x296CA3C -2.267 0 -9.789 -2.79 0 -10.7 -2.173 0 -9.903
3 0x296CA3C -2.173 0 -9.903 -2.79 0 -10.7 -2.059 0 -9.997
3 0x296CA3C -2.059 0 -9.997 -2.79 0 -10.7 -1.929 0 -10.067
3 0x296CA3C -1.929 0 -10.067 -2.79 0 -10.7 -1.787 0 -10.11
3 0x296CA3C -1.787 0 -10.11 -2.79 0 -10.7 -1.64 0 -10.124
4 0x296CA3C -4.67 0 -8.55 -6.64 0 -7.31 -1.34 0 -12.78 -2.79 0 -10.7
3 0x296CA3C -7.231 0 -5.154 -9.6 0 -5.8 -7.097 0 -5.226
3 0x296CA3C -7.348 0 -5.058 -9.6 0 -5.8 -7.231 0 -5.154
3 0x296CA3C -7.444 0 -4.941 -9.6 0 -5.8 -7.348 0 -5.058
3 0x296CA3C -7.516 0 -4.807 -9.6 0 -5.8 -7.444 0 -4.941
3 0x296CA3C -7.56 0 -4.661 -9.6 0 -5.8 -7.516 0 -4.807
3 0x296CA3C -7.575 0 -4.51 -9.6 0 -5.8 -7.56 0 -4.661
4 0x296CA3C -9.6 0 -5.8 -7.575 0 -4.51 -7.56 0 -4.359 -9.6 0 -3.4
3 0x296CA3C -9.6 0 -3.4 -7.56 0 -4.359 -7.516 0 -4.213
3 0x296CA3C -9.6 0 -3.4 -7.516 0 -4.213 -7.444 0 -4.079
3 0x296CA3C -9.6 0 -3.4 -7.444 0 -4.079 -7.348 0 -3.962
3 0x296CA3C -9.6 0 -3.4 -7.348 0 -3.962 -7.231 0 -3.866
3 0x296CA3C -9.6 0 -3.4 -7.231 0 -3.866 -7.097 0 -3.794
4 0x296CA3C -9.6 0 -3.4 -7.097 0 -3.794 -6.951 0 -3.75 -6.41 0 -2.62
4 0x296CA3C -6.16 0 -3.05 -6.41 0 -2.62 -6.951 0 -3.75 -6.8 0 -3.735
4 0x296CA3C -9.6 0 -3.4 -6.41 0 -2.62 -6.7 0 -1.98 -9.6 0 -1
3 0x296CA3C -9.6 0 -1 -6.7 0 -1.98 -6.88 0 -1.35
3 0x296CA3C -6.99 0 -0.78 -9.6 0 -1 -6.88 0 -1.35
4 0x296CA3C -9.6 0 -1 -6.99 0 -0.78 -6.97 0 0.1 -9.6 0 1.4
3 0x296CA3C -7.41 0 1.45 -9.6 0 1.4 -6.97 0 0.1
3 0x296CA3C -7.51 0 1.92 -9.6 0 1.4 -7.41 0 1.45
3 0x296CA3C -7.55 0 2.38 -9.6 0 1.4 -7.51 0 1.92
4 0x296CA3C -9.6 0 1.4 -7.55 0 2.38 -7.46 0 3.24 -9.6 0 3.8
3 0x296CA3C -7.32 0 3.89 -9.6 0 3.8 -7.46 0 3.24
3 0x296CA3C -7.18 0 4.4 -9.6 0 3.8 -7.32 0 3.89
3 0x296CA3C -6.96 0 4.94 -9.6 0 3.8 -7.18 0 4.4
4 0x296CA3C -9.6 0 3.8 -6.96 0 4.94 -6.64 0 5.5 -9.6 0 6.2
4 0x296CA3C -9.6 0 6.2 -6.64 0 5.5 -6.24 0 6.01 -5.86 0 6.59
4 0x296CA3C -9.6 0 6.2 -5.86 0 6.59 -5.36 0 7.25 -5.21 0 7.64
4 0x296CA3C -9.6 0 6.2 -5.21 0 7.64 -5.21 0 8.02 -5.34 0 8.42
4 0x296CA3C -9.6 0 8.6 -9.6 0 6.2 -5.34 0 8.42 -5.51 0 8.73
4 0x296CA3C -9.6 0 8.6 -5.51 0 8.73 -5.66 0 8.88 -5.82 0 9.02
4 0x296CA3C -9.6 0 8.6 -5.82 0 9.02 -6.05 0 9.16 -6.27 0 9.29
3 0x296CA3C -6.5 0 9.43 -9.6 0 8.6 -6.27 0 9.29
4 0x296CA3C -9.6 0 8.6 -6.5 0 9.43 -6.72 0 9.63 -6.92 0 9.78
3 0x296CA3C -7.15 0 10.05 -9.6 0 8.6 -6.92 0 9.78
4 0x296CA3C -9.6 0 8.6 -7.15 0 10.05 -7.3 0 10.36 -9.6 0 11
3 0x296CA3C -9.6 0 11 -7.3 0 10.36 -7.37 0 10.83
3 0x296CA3C -7.33 0 11.18 -9.6 0 11 -7.37 0 10.83
3 0x296CA3C -7.18 0 11.52 -9.6 0 11 -7.33 0 11.18
3 0x296CA3C -6.98 0 11.9 -9.6 0 11 -7.18 0 11.52
4 0x296CA3C -9.6 0 11 -6.98 0 11.9 -6.74 0 12.28 -9.6 0 13.4
3 0x296CA3C -9.6 0 13.4 -6.16 0 12.96 -5.73 0 13.31
3 0x296CA3C -9.6 0 13.4 -6.46 0 12.63 -6.16 0 12.96
3 0x296CA3C -9.6 0 13.4 -6.74 0 12.28 -6.46 0 12.63
4 0x296CA3C -2.68 0 18.54 -2.58 0 18.67 -2.58 0 18.81 -2.68 0 18.93
4 0x296CA3C -2.68 0 18.54 -2.68 0 18.93 -2.88 0 19.02 -2.97 0 18.38
4 0x296CA3C -2.97 0 18.38 -2.88 0 19.02 -3.4 0 19 -3.34 0 18.24
4 0x296CA3C -3.34 0 18.24 -3.4 0 19 -3.53 0 18.97 -3.68 0 18.88
3 0x296CA3C -3.68 0 18.88 -3.77 0 18.71 -3.34 0 18.24
4 0x296CA3C -3.34 0 18.24 -3.77 0 18.71 -3.9 0 18.58 -3.8 0 18.01
3 0x296CA3C -3.9 0 18.58 -4.08 0 18.46 -3.8 0 18.01
4 0x296CA3C -3.8 0 18.01 -4.08 0 18.46 -4.31 0 18.42 -4.2 0 17.78
3 0x296CA3C -4.31 0 18.42 -4.46 0 18.42 -4.2 0 17.78
4 0x296CA3C -4.2 0 17.78 -4.46 0 18.42 -4.63 0 18.5 -4.51 0 17.46
4 0x296CA3C -4.86 0 17.11 -4.51 0 17.46 -4.63 0 18.5 -4.78 0 18.68
4 0x296CA3C -4.86 0 17.11 -4.78 0 18.68 -9.6 0 18.2 -5.11 0 16.81
4 0x296CA3C -5.35 0 16.49 -5.11 0 16.81 -9.6 0 18.2 -9.6 0 15.8
3 0x296CA3C -5.35 0 16.49 -9.6 0 15.8 -5.4 0 16.24
3 0x296CA3C -5.4 0 16.24 -9.6 0 15.8 -5.39 0 16.04
3 0x296CA3C -7.2 0 20.6 -4.78 0 18.68 -4.83 0 18.89
3 0x296CA3C -7.2 0 20.6 -4.83 0 18.89 -4.82 0 19.05
4 0x296CA3C -7.2 0 20.6 -4.82 0 19.05 -4.71 0 19.24 -4.8 0 20.6
3 0x296CA3C -4.8 0 20.6 -4.71 0 19.24 -4.55 0 19.41
3 0x296CA3C -4.8 0 20.6 -4.55 0 19.41 -4.25 0 19.51
3 0x296CA3C -4.8 0 20.6 -4.25 0 19.51 -3.53 0 19.57
4 0x296CA3C -4.8 0 20.6 -3.53 0 19.57 -3 0 19.57 -2.4 0 20.6
3 0x296CA3C -2.4 0 20.6 -3 0 19.57 -2.28 0 19.47
4 0x296CA3C -2.4 0 20.6 -2.28 0 19.47 -1.85 0 19.37 -1.19 0 19.23
4 0x296CA3C 0 0 20.6 -2.4 0 20.6 -1.19 0 19.23 -0.87 0 19.1
3 0x296CA3C 0 0 20.6 -0.87 0 19.1 -0.68 0 18.94
4 0x296CA3C 0 0 20.6 -0.68 0 18.94 -0.6 0 18.7 0.84 0 17.49
3 0x296CA3C 0 0 20.6 0.84 0 17.49 1.2 0 17.64
3 0x296CA3C 0 0 20.6 1.2 0 17.64 1.61 0 17.75
4 0x296CA3C 0 0 20.6 1.61 0 17.75 2.2 0 17.77 2.4 0 20.6
3 0x296CA3C 2.4 0 20.6 2.2 0 17.77 2.76 0 17.69
4 0x296CA3C 0.84 0 17.49 -0.6 0 18.7 -0.65 0 18.5 0.45 0 17.26
4 0x296CA3C 0.45 0 17.26 -0.65 0 18.5 -0.79 0 18.26 0.27 0 17.11
4 0x296CA3C 0.27 0 17.11 -0.79 0 18.26 -1.01 0 18.02 0 0 16.98
4 0x296CA3C 0 0 16.98 -1.01 0 18.02 -1.22 0 17.85 -0.27 0 16.9
4 0x296CA3C -0.27 0 16.9 -1.22 0 17.85 -1.46 0 17.7 -0.68 0 16.81
4 0x296CA3C -0.68 0 16.81 -1.46 0 17.7 -1.68 0 17.62 -1.08 0 16.76
4 0x296CA3C -1.08 0 16.76 -1.68 0 17.62 -2.01 0 17.63 -1.57 0 16.77
4 0x296CA3C -1.57 0 16.77 -2.01 0 17.63 -2.44 0 17.72 -2.03 0 16.77
4 0x296CA3C -2.03 0 16.77 -2.44 0 17.72 -2.8 0 17.74 -2.66 0 16.78
4 0x296CA3C -2.66 0 16.78 -2.8 0 17.74 -3.29 0 17.66 -3.16 0 16.82
4 0x296CA3C -3.16 0 16.82 -3.29 0 17.66 -3.61 0 17.47 -3.46 0 16.86
4 0x296CA3C -3.46 0 16.86 -3.61 0 17.47 -3.85 0 17.32 -3.74 0 16.96
4 0x296CA3C -3.74 0 16.96 -3.85 0 17.32 -3.88 0 17.2 -3.87 0 17.09
3 0x296CA3C 2.4 0 20.6 2.76 0 17.69 3.17 0 17.58
4 0x296CA3C 2.4 0 20.6 3.17 0 17.58 3.57 0 17.4 4.8 0 20.6
3 0x296CA3C 4.8 0 20.6 3.57 0 17.4 3.88 0 17.19
4 0x296CA3C 4.8 0 20.6 3.88 0 17.19 4.19 0 16.94 7.2 0 20.6
3 0x296CA3C -1.137 0 -11.899 -1.34 0 -12.78 -1.067 0 -12.029
3 0x296CA3C -1.18 0 -11.757 -1.34 0 -12.78 -1.137 0 -11.899
