0 Tile  3 x  2 with Angled End with Nexo Power Shield Pattern - Time Breach
0 Name: 22385p109.dat
0 Author: Johann Eisner [technicbasics]
0 !LDRAW_ORG Unofficial_Part
0 !LICENSE Redistributable under CCAL version 2.0 : see CAreadme.txt

0 BFC CERTIFY CCW

1 16 0 0 0 1 0 0 0 1 0 0 0 1 s\22385s01.dat
4 15 0 0 -19.6 -13.2 0 -5.8 -15.6 0 -7.1 0 0 -22.8
4 2 0 0 -19.6 0 0 -15.6 -9.6 0 -5.8 -12 0 -5.8
3 2 -12 0 -5.8 -13.2 0 -5.8 0 0 -19.6
3 15 -15.6 0 26.4 -13.2 0 24.2 -9.6 0 24.2
3 15 -15.6 0 26.4 -9.6 0 24.2 -7.2 0 24.2
4 15 -15.6 0 26.4 -7.2 0 24.2 -4.8 0 24.2 0 0 26.4
3 15 0 0 26.4 -4.8 0 24.2 -2.4 0 24.2
3 15 0 0 26.4 -2.4 0 24.2 0 0 24.2
4 2 0 0 23 0 0 24.2 -2.4 0 24.2 -2.4 0 23
4 2 -2.4 0 23 -2.4 0 24.2 -4.8 0 24.2 -4.8 0 23
4 2 -4.8 0 23 -4.8 0 24.2 -7.2 0 24.2 -7.2 0 23
4 2 -7.2 0 23 -7.2 0 24.2 -9.6 0 24.2 -9.6 0 23
4 2 -12 0 23 -9.6 0 23 -9.6 0 24.2 -13.2 0 24.2
4 2 -12 0 23 -13.2 0 24.2 -13.2 0 20.6 -12 0 20.6
3 15 -15.6 0 26.4 -13.2 0 20.6 -13.2 0 24.2
3 15 -15.6 0 26.4 -13.2 0 18.2 -13.2 0 20.6
3 15 -15.6 0 26.4 -13.2 0 15.8 -13.2 0 18.2
3 15 -15.6 0 26.4 -13.2 0 13.4 -13.2 0 15.8
4 15 -13.2 0 11 -13.2 0 13.4 -15.6 0 26.4 -15.6 0 -7.1
3 15 -13.2 0 11 -15.6 0 -7.1 -13.2 0 8.6
3 15 -13.2 0 8.6 -15.6 0 -7.1 -13.2 0 6.2
3 15 -13.2 0 6.2 -15.6 0 -7.1 -13.2 0 3.8
3 15 -13.2 0 3.8 -15.6 0 -7.1 -13.2 0 1.4
4 2 -12 0 1.4 -9.6 0 1.4 -9.6 0 3.8 -12 0 3.8
4 2 -13.2 0 1.4 -12 0 1.4 -12 0 3.8 -13.2 0 3.8
4 2 -13.2 0 6.2 -13.2 0 3.8 -12 0 3.8 -12 0 6.2
4 15 -12 0 6.2 -12 0 3.8 -9.6 0 3.8 -9.6 0 6.2
4 2 -12 0 6.2 -9.6 0 6.2 -9.6 0 8.6 -12 0 8.6
4 2 -13.2 0 6.2 -12 0 6.2 -12 0 8.6 -13.2 0 8.6
4 2 -13.2 0 11 -13.2 0 8.6 -12 0 8.6 -12 0 11
4 15 -12 0 11 -12 0 8.6 -9.6 0 8.6 -9.6 0 11
4 15 -12 0 11 -9.6 0 11 -9.6 0 13.4 -12 0 13.4
4 2 -13.2 0 11 -12 0 11 -12 0 13.4 -13.2 0 13.4
4 2 -13.2 0 15.8 -13.2 0 13.4 -12 0 13.4 -12 0 15.8
4 15 -12 0 15.8 -12 0 13.4 -9.6 0 13.4 -9.6 0 15.8
4 2 -13.2 0 18.2 -13.2 0 15.8 -12 0 15.8 -12 0 18.2
4 2 -12 0 18.2 -12 0 15.8 -9.6 0 15.8 -9.6 0 18.2
4 2 -12 0 18.2 -9.6 0 18.2 -9.6 0 20.6 -12 0 20.6
4 2 -13.2 0 18.2 -12 0 18.2 -12 0 20.6 -13.2 0 20.6
4 15 -9.6 0 23 -12 0 23 -12 0 20.6 -9.6 0 20.6
4 15 -7.2 0 23 -9.6 0 23 -9.6 0 20.6 -7.2 0 20.6
4 2 -4.8 0 23 -7.2 0 23 -7.2 0 20.6 -4.8 0 20.6
4 2 -2.4 0 23 -4.8 0 23 -4.8 0 20.6 -2.4 0 20.6
4 15 0 0 23 -2.4 0 23 -2.4 0 20.6 0 0 20.6
4 15 15.6 0 -7.1 13.2 0 -5.8 0 0 -19.6 0 0 -22.8
4 2 9.6 0 -5.8 0 0 -15.6 0 0 -19.6 12 0 -5.8
3 2 13.2 0 -5.8 12 0 -5.8 0 0 -19.6
3 15 15.6 0 26.4 9.6 0 24.2 13.2 0 24.2
3 15 15.6 0 26.4 7.2 0 24.2 9.6 0 24.2
4 15 4.8 0 24.2 7.2 0 24.2 15.6 0 26.4 0 0 26.4
3 15 0 0 26.4 2.4 0 24.2 4.8 0 24.2
3 15 0 0 26.4 0 0 24.2 2.4 0 24.2
4 2 2.4 0 24.2 0 0 24.2 0 0 23 2.4 0 23
4 2 4.8 0 24.2 2.4 0 24.2 2.4 0 23 4.8 0 23
4 2 7.2 0 24.2 4.8 0 24.2 4.8 0 23 7.2 0 23
4 2 9.6 0 24.2 7.2 0 24.2 7.2 0 23 9.6 0 23
4 2 9.6 0 24.2 9.6 0 23 12 0 23 13.2 0 24.2
4 2 13.2 0 20.6 13.2 0 24.2 12 0 23 12 0 20.6
3 15 15.6 0 26.4 13.2 0 24.2 13.2 0 20.6
3 15 15.6 0 26.4 13.2 0 20.6 13.2 0 18.2
3 15 15.6 0 26.4 13.2 0 18.2 13.2 0 15.8
3 15 15.6 0 26.4 13.2 0 15.8 13.2 0 13.4
4 15 15.6 0 26.4 13.2 0 13.4 13.2 0 11 15.6 0 -7.1
3 15 13.2 0 11 13.2 0 8.6 15.6 0 -7.1
3 15 13.2 0 8.6 13.2 0 6.2 15.6 0 -7.1
3 15 13.2 0 6.2 13.2 0 3.8 15.6 0 -7.1
3 15 13.2 0 3.8 13.2 0 1.4 15.6 0 -7.1
4 15 9.6 0 3.8 9.6 0 1.4 12 0 1.4 12 0 3.8
4 2 12 0 3.8 12 0 1.4 13.2 0 1.4 13.2 0 3.8
4 2 12 0 3.8 13.2 0 3.8 13.2 0 6.2 12 0 6.2
4 2 9.6 0 3.8 12 0 3.8 12 0 6.2 9.6 0 6.2
4 2 9.6 0 8.6 9.6 0 6.2 12 0 6.2 12 0 8.6
4 2 12 0 8.6 12 0 6.2 13.2 0 6.2 13.2 0 8.6
4 2 12 0 8.6 13.2 0 8.6 13.2 0 11 12 0 11
4 15 9.6 0 8.6 12 0 8.6 12 0 11 9.6 0 11
4 15 9.6 0 13.4 9.6 0 11 12 0 11 12 0 13.4
4 2 12 0 13.4 12 0 11 13.2 0 11 13.2 0 13.4
4 2 12 0 13.4 13.2 0 13.4 13.2 0 15.8 12 0 15.8
4 2 9.6 0 13.4 12 0 13.4 12 0 15.8 9.6 0 15.8
4 2 12 0 15.8 13.2 0 15.8 13.2 0 18.2 12 0 18.2
4 15 9.6 0 15.8 12 0 15.8 12 0 18.2 9.6 0 18.2
4 2 9.6 0 20.6 9.6 0 18.2 12 0 18.2 12 0 20.6
4 2 12 0 20.6 12 0 18.2 13.2 0 18.2 13.2 0 20.6
4 15 12 0 20.6 12 0 23 9.6 0 23 9.6 0 20.6
4 15 9.6 0 20.6 9.6 0 23 7.2 0 23 7.2 0 20.6
4 2 7.2 0 20.6 7.2 0 23 4.8 0 23 4.8 0 20.6
4 2 4.8 0 20.6 4.8 0 23 2.4 0 23 2.4 0 20.6
4 2 2.4 0 20.6 2.4 0 23 0 0 23 0 0 20.6
4 2 -12 0 1.4 -13.2 0 1.4 -13.2 0 -1 -12 0 -1
4 15 -9.6 0 1.4 -12 0 1.4 -12 0 -1 -9.6 0 -1
4 15 -9.6 0 -3.4 -9.6 0 -1 -12 0 -1 -12 0 -3.4
4 2 -12 0 -3.4 -12 0 -1 -13.2 0 -1 -13.2 0 -3.4
4 2 -12 0 -3.4 -13.2 0 -3.4 -13.2 0 -5.8 -12 0 -5.8
4 15 -9.6 0 -3.4 -12 0 -3.4 -12 0 -5.8 -9.6 0 -5.8
3 15 -13.2 0 -3.4 -15.6 0 -7.1 -13.2 0 -5.8
3 15 -13.2 0 -1 -15.6 0 -7.1 -13.2 0 -3.4
3 15 -13.2 0 1.4 -15.6 0 -7.1 -13.2 0 -1
4 2 13.2 0 -3.4 13.2 0 -1 12 0 -1 12 0 -3.4
4 2 12 0 -3.4 12 0 -1 9.6 0 -1 9.6 0 -3.4
4 15 12 0 1.4 9.6 0 1.4 9.6 0 -1 12 0 -1
4 2 13.2 0 1.4 12 0 1.4 12 0 -1 13.2 0 -1
3 15 13.2 0 1.4 13.2 0 -1 15.6 0 -7.1
3 15 13.2 0 -1 13.2 0 -3.4 15.6 0 -7.1
3 15 13.2 0 -3.4 13.2 0 -5.8 15.6 0 -7.1
4 2 13.2 0 -5.8 13.2 0 -3.4 12 0 -3.4 12 0 -5.8
4 15 12 0 -5.8 12 0 -3.4 9.6 0 -3.4 9.6 0 -5.8
4 16 -16 0 30 -15.6 0 26.4 0 0 26.4 16 0 30
3 16 16 0 30 0 0 26.4 15.6 0 26.4
4 16 16 0 30 15.6 0 26.4 15.6 0 -7.1 16 0 -8.34
4 16 -15.6 0 -7.1 -15.6 0 26.4 -16 0 30 -16 0 -8.34
4 16 0 0 -22.8 -15.6 0 -7.1 -16 0 -8.34 0 0 -24.353
4 16 0 0 -22.8 0 0 -24.353 16 0 -8.34 15.6 0 -7.1
4 288 -5.875 0 19.2 -6.325 0 19.675 -6.4 0 19.225 -6.425 0 18.25
4 288 -5.35 0 18.625 -5.875 0 19.2 -6.425 0 18.25 -5.6 0 17.65
4 288 -5.35 0 18.625 -5.6 0 17.65 -4.775 0 17.65 -4.7 0 18.625
4 288 -4.4 0 18.525 -4.7 0 18.625 -4.775 0 17.65 -4.7 0 17.625
4 288 -4.1 0 18.35 -4.4 0 18.525 -4.7 0 17.625 -4.625 0 17.575
4 288 -3.85 0 18.2 -4.1 0 18.35 -4.625 0 17.575 -4.55 0 17.5
4 288 -3.65 0 18.025 -3.85 0 18.2 -4.55 0 17.5 -4.45 0 17.4
4 288 -3.475 0 17.825 -3.65 0 18.025 -4.45 0 17.4 -4.325 0 17.25
4 288 -3.325 0 17.55 -3.475 0 17.825 -4.325 0 17.25 -4.3 0 17.1
4 288 -3.175 0 17.225 -3.325 0 17.55 -4.3 0 17.1 -4.3 0 16.475
4 288 -3.075 0 16.85 -3.175 0 17.225 -4.3 0 16.475 -4.3 0 16.35
4 288 -3.075 0 16.025 -3.075 0 16.85 -4.3 0 16.35 -4.375 0 16.15
4 288 -3 0 15.725 -3.075 0 16.025 -4.375 0 16.15 -4.5 0 16
4 288 -2.975 0 14.225 -3 0 15.725 -4.5 0 16 -4.675 0 15.825
4 288 -5.725 0 13.7 -2.975 0 14.225 -4.675 0 15.825 -4.9 0 15.725
4 288 -6.075 0 14.15 -5.725 0 13.7 -4.9 0 15.725 -5.475 0 15.725
4 288 -6.525 0 14.625 -6.075 0 14.15 -5.475 0 15.725 -5.725 0 15.825
4 288 -6.85 0 15.1 -6.525 0 14.625 -5.725 0 15.825 -5.925 0 16
4 288 -7.05 0 15.5 -6.85 0 15.1 -5.925 0 16 -6.075 0 16.2
4 288 -7.15 0 15.775 -7.05 0 15.5 -6.075 0 16.2 -6.15 0 16.325
4 288 -7.175 0 17.075 -7.15 0 15.775 -6.15 0 16.325 -6.15 0 17.1
4 288 -7.1 0 17.325 -7.175 0 17.075 -6.15 0 17.1 -6.05 0 17.3
4 288 -7.05 0 17.45 -7.1 0 17.325 -6.05 0 17.3 -5.925 0 17.45
4 288 -7.05 0 17.6 -7.05 0 17.45 -5.925 0 17.45 -5.825 0 17.55
4 288 -7.15 0 17.8 -7.05 0 17.6 -5.825 0 17.55 -5.6 0 17.65
4 288 -7.15 0 17.8 -5.6 0 17.65 -6.425 0 18.25 -7.25 0 18.05
4 288 -7.25 0 18.05 -6.425 0 18.25 -6.575 0 18.4 -7.325 0 18.375
4 288 -7.325 0 18.375 -6.575 0 18.4 -6.975 0 18.675 -7.35 0 18.575
3 288 -7.35 0 18.9 -7.35 0 18.575 -6.975 0 18.675
4 288 -4.775 0 16.75 -5 0 17.15 -5.35 0 17.15 -5.45 0 17.125
4 288 -4.775 0 16.625 -4.775 0 16.75 -5.45 0 17.125 -5.575 0 17.025
4 288 -5 0 16.375 -4.775 0 16.625 -5.575 0 17.025 -5.675 0 16.85
4 288 -5.425 0 16.375 -5 0 16.375 -5.675 0 16.85 -5.675 0 16.65
4 288 -5.425 0 16.375 -5.675 0 16.65 -5.65 0 16.525 -5.55 0 16.425
4 288 -2.15 0 14.3 -2.975 0 14.225 -2.9 0 13.125 -0.8 0 13.125
4 288 -0.9 0 14.3 -2.15 0 14.3 -0.8 0 13.125 -0.625 0 13.7
4 288 -0.625 0 13.7 -0.8 0 13.125 -0.525 0 13.175 -0.55 0 13.45
4 288 -2.975 0 14.225 -5.725 0 13.7 -5.25 0 13.325 -2.9 0 13.125
4 288 -2.9 0 13.125 -5.25 0 13.325 -4.35 0 12.8 -2.925 0 12.5
3 288 -4.35 0 12.8 -3 0 12.075 -2.925 0 12.5
4 288 -6.075 0 14.15 -6.525 0 14.625 -6.725 0 14.325 -6.35 0 13.8
4 288 -6.35 0 13.8 -6.725 0 14.325 -6.975 0 13.8 -6.575 0 13.35
4 288 -6.575 0 13.35 -6.975 0 13.8 -7.15 0 13.45 -6.575 0 13.1
4 288 -6.575 0 13.1 -7.15 0 13.45 -7.35 0 13.25 -6.275 0 12.725
4 288 -6.275 0 12.725 -7.35 0 13.25 -7.35 0 12.875 -6.625 0 12.25
4 288 -6.275 0 12.725 -6.625 0 12.25 -5.775 0 12.375 -6.1 0 12.95
4 288 -6.1 0 12.95 -5.775 0 12.375 -5.25 0 13.325 -5.725 0 13.7
4 288 -5.775 0 12.375 -6.625 0 12.25 -4.925 0 10.725 -4.75 0 11.45
4 288 -4.75 0 11.45 -4.925 0 10.725 -4.65 0 10.75 -4.15 0 11.45
4 288 -4.15 0 11.45 -4.65 0 10.75 -4.2 0 10.85 -3.875 0 11.525
4 288 -3.875 0 11.525 -4.2 0 10.85 -2.725 0 10.875 -2.1 0 11.525
4 288 -2.05 0 11.25 -2.1 0 11.525 -2.725 0 10.875 -2.65 0 10.45
4 288 -2.05 0 10.15 -2.05 0 11.25 -2.65 0 10.45 -2.625 0 8.325
3 288 -2.05 0 10.15 -2.625 0 8.325 -1.975 0 9.2
3 288 -1.975 0 9.2 -2.625 0 8.325 -1.9 0 8.95
4 288 -1.9 0 8.95 -2.625 0 8.325 -0.975 0 8.3 -1 0 8.95
4 288 -0.575 0 9.025 -1 0 8.95 -0.975 0 8.3 -0.575 0 8.35
4 288 0.15 0 9 -0.575 0 9.025 -0.575 0 8.35 -0.1 0 8.35
4 288 0.425 0 9.05 0.15 0 9 -0.1 0 8.35 0.525 0 8.925
4 288 0.525 0 8.925 -0.1 0 8.35 -0.05 0 8.15 0.6 0 8.55
4 288 0.6 0 8.55 -0.05 0 8.15 -0.025 0 7.5 0.675 0 6.7
4 288 0.675 0 6.7 -0.025 0 7.5 0.025 0 6.2 0.075 0 5.95
4 288 0.75 0 6.6 0.675 0 6.7 0.075 0 5.95 1.25 0 5.925
4 288 2.45 0 6.625 0.75 0 6.6 1.25 0 5.925 1.9 0 6.05
4 288 3.075 0 6.675 2.45 0 6.625 1.9 0 6.05 2.375 0 6.025
4 288 3.15 0 6.525 3.075 0 6.675 2.375 0 6.025 2.525 0 5.9
4 288 3.175 0 6.225 3.15 0 6.525 2.525 0 5.9 2.575 0 5.7
4 288 3.175 0 5.125 3.175 0 6.225 2.575 0 5.7 2.6 0 3.7
4 288 3.25 0 4.1 3.175 0 5.125 2.6 0 3.7 2.65 0 3.525
4 288 3.25 0 4.1 2.65 0 3.525 2.775 0 3.35 3.45 0 3.375
4 288 3.625 0 4.075 3.25 0 4.1 3.45 0 3.375 3.75 0 3.45
4 288 4.275 0 4.075 3.625 0 4.075 3.75 0 3.45 4.9 0 3.45
4 288 4.725 0 4.175 4.275 0 4.075 4.9 0 3.45 5.075 0 4.15
4 288 5.45 0 3.85 5.075 0 4.15 4.9 0 3.45 6.1 0 3.2
4 288 6.1 0 3.2 4.9 0 3.45 7.175 0 1.325 7.7 0 1.725
3 288 7.7 0 1.725 7.175 0 1.325 7.7 0 1.325
4 288 5.05901 0 -5.90799 5.53401 0 -6.40799 5.60901 0 -5.93299 5.60901 0 -4.95799
4 288 4.53401 0 -5.33299 5.05901 0 -5.90799 5.60901 0 -4.95799 4.78401 0 -4.35799
4 288 4.53401 0 -5.33299 4.78401 0 -4.35799 3.95901 0 -4.35799 3.88401 0 -5.33299
4 288 3.58401 0 -5.23299 3.88401 0 -5.33299 3.95901 0 -4.35799 3.88401 0 -4.33299
4 288 3.28401 0 -5.05799 3.58401 0 -5.23299 3.88401 0 -4.33299 3.80901 0 -4.28299
4 288 3.03401 0 -4.90799 3.28401 0 -5.05799 3.80901 0 -4.28299 3.73401 0 -4.20799
4 288 2.83401 0 -4.73299 3.03401 0 -4.90799 3.73401 0 -4.20799 3.63401 0 -4.10799
4 288 2.65901 0 -4.53299 2.83401 0 -4.73299 3.63401 0 -4.10799 3.48401 0 -3.95799
4 288 2.50901 0 -4.25799 2.65901 0 -4.53299 3.48401 0 -3.95799 3.35901 0 -3.68299
4 288 2.35901 0 -3.93299 2.50901 0 -4.25799 3.35901 0 -3.68299 3.35901 0 -3.20799
4 288 2.25901 0 -3.55799 2.35901 0 -3.93299 3.35901 0 -3.20799 3.40901 0 -3.05799
4 288 2.20901 0 -2.85799 2.25901 0 -3.55799 3.40901 0 -3.05799 3.48401 0 -2.90799
4 288 2.18401 0 -2.43299 2.20901 0 -2.85799 3.48401 0 -2.90799 3.65901 0 -2.70799
4 288 2.15901 0 -0.93299 2.18401 0 -2.43299 3.65901 0 -2.70799 3.85901 0 -2.53299
4 288 5.03401 0 -0.13299 2.15901 0 -0.93299 3.85901 0 -2.53299 4.08401 0 -2.48299
4 288 5.05901 0 -0.68299 5.03401 0 -0.13299 4.08401 0 -2.48299 4.65901 0 -2.48299
4 288 5.75901 0 -1.43299 5.05901 0 -0.68299 4.65901 0 -2.48299 4.90901 0 -2.53299
4 288 6.00901 0 -1.83299 5.75901 0 -1.43299 4.90901 0 -2.53299 5.10901 0 -2.73299
4 288 6.20901 0 -2.23299 6.00901 0 -1.83299 5.10901 0 -2.73299 5.25901 0 -2.93299
4 288 6.40901 0 -2.78299 6.20901 0 -2.23299 5.25901 0 -2.93299 5.40901 0 -3.23299
4 288 6.40901 0 -3.58299 6.40901 0 -2.78299 5.40901 0 -3.23299 5.40901 0 -3.65799
4 288 6.23401 0 -4.00799 6.40901 0 -3.58299 5.40901 0 -3.65799 5.23401 0 -4.00799
4 288 6.20901 0 -4.15799 6.23401 0 -4.00799 5.23401 0 -4.00799 5.125 0 -4.15
4 288 6.25901 0 -4.50799 6.20901 0 -4.35799 4.98401 0 -4.25799 4.78401 0 -4.35799
4 288 6.25901 0 -4.50799 4.78401 0 -4.35799 5.60901 0 -4.95799 6.35901 0 -4.75799
4 288 6.35901 0 -4.75799 5.60901 0 -4.95799 5.75901 0 -5.10799 6.50901 0 -5.08299
4 288 6.50901 0 -5.08299 5.75901 0 -5.10799 6.15901 0 -5.38299 6.63401 0 -5.35799
3 288 6.63401 0 -5.35799 6.15901 0 -5.38299 6.53401 0 -5.60799
3 288 4.75693 0 -3.31008 4.43193 0 -3.86008 4.75693 0 -3.66008
4 288 4.43193 0 -3.86008 4.75693 0 -3.31008 4.75693 0 -3.18508 4.20693 0 -3.86008
4 288 4.20693 0 -3.86008 4.75693 0 -3.18508 4.63193 0 -3.08508 3.95693 0 -3.56008
4 288 3.95693 0 -3.56008 4.63193 0 -3.08508 4.45693 0 -2.98508 3.95693 0 -3.23508
4 288 3.95693 0 -3.23508 4.45693 0 -2.98508 4.28193 0 -2.96008 4.13193 0 -3.01008
3 288 4.13193 0 -3.01008 4.03193 0 -3.11008 3.95693 0 -3.23508
4 288 1.33401 0 -1.00799 2.15901 0 -0.93299 2.08401 0 0.16701 -0.01599 0 0.16701
4 288 0.15901 0 -1.10799 1.33401 0 -1.00799 -0.01599 0 0.16701 -0.09099 0 -0.73299
4 288 -0.09099 0 -0.73299 -0.01599 0 0.16701 -0.31599 0 0.14201 -0.29099 0 -0.15799
4 288 2.08401 0 0.16701 2.15901 0 -0.93299 4.25901 0 0.01701 3.53401 0 0.49201
4 288 2.10901 0 0.79201 2.08401 0 0.16701 3.53401 0 0.49201 2.18401 0 1.21701
4 288 5.05901 0 -0.68299 5.75901 0 -1.43299 5.75901 0 -1.20799 5.35901 0 -0.68299
4 288 5.35901 0 -0.68299 5.75901 0 -1.20799 6.15901 0 -0.50799 5.73401 0 -0.03299
4 288 5.73401 0 -0.03299 6.15901 0 -0.50799 6.33401 0 -0.15799 5.73401 0 0.19201
4 288 5.73401 0 0.19201 6.33401 0 -0.15799 6.55901 0 0.11701 5.43401 0 0.41701
4 288 5.43401 0 0.41701 6.55901 0 0.11701 6.58401 0 0.29201 5.80901 0 1.04201
4 288 5.43401 0 0.41701 5.80901 0 1.04201 4.88401 0 0.91701 5.25901 0 0.41701
4 288 4.88401 0 0.91701 5.80901 0 1.04201 4.13401 0 2.51701 3.95901 0 1.79201
4 288 3.95901 0 1.79201 4.13401 0 2.51701 3.83401 0 2.54201 3.35901 0 1.79201
4 288 3.35901 0 1.79201 3.83401 0 2.54201 3.38401 0 2.44201 3.05901 0 1.79201
4 288 3.05901 0 1.79201 3.38401 0 2.44201 1.85901 0 2.44201 1.28401 0 1.76701
4 288 1.18401 0 2.04201 1.28401 0 1.76701 1.85901 0 2.44201 1.78401 0 2.84201
4 288 1.13401 0 3.14201 1.18401 0 2.04201 1.78401 0 2.84201 1.80901 0 4.96701
3 288 1.80901 0 4.96701 1.15901 0 4.09201 1.13401 0 3.14201
3 288 1.80901 0 4.96701 1.08401 0 4.34201 1.15901 0 4.09201
4 288 1.08401 0 4.34201 1.80901 0 4.96701 0.15901 0 4.99201 0.18401 0 4.34201
4 288 -0.24099 0 4.26701 0.18401 0 4.34201 0.15901 0 4.99201 -0.24099 0 4.94201
4 288 -0.96599 0 4.29201 -0.24099 0 4.26701 -0.24099 0 4.94201 -0.59099 0 4.96701
4 288 -1.24099 0 4.29201 -0.96599 0 4.29201 -0.59099 0 4.96701 -1.34099 0 4.36701
4 288 -1.34099 0 4.36701 -0.59099 0 4.96701 -0.86599 0 5.06701 -1.41599 0 4.74201
4 288 -1.41599 0 4.74201 -0.86599 0 5.06701 -0.86599 0 5.79201 -1.49099 0 6.59201
4 288 -1.49099 0 6.59201 -0.86599 0 5.79201 -0.89099 0 7.21701 -1.01599 0 7.39201
4 288 -1.56599 0 6.69201 -1.49099 0 6.59201 -1.01599 0 7.39201 -1.76599 0 7.39201
4 288 -2.36599 0 6.69201 -1.56599 0 6.69201 -1.76599 0 7.39201 -2.36599 0 7.26701
4 288 -3.86599 0 6.64201 -2.36599 0 7.26701 -3.29099 0 7.26701 -3.96599 0 6.76701
4 288 -3.96599 0 6.76701 -3.29099 0 7.26701 -3.36599 0 7.44201 -3.96599 0 7.34201
4 288 -3.96599 0 7.34201 -3.36599 0 7.44201 -3.39099 0 8.36701 -4.09099 0 7.84201
4 288 -4.09099 0 7.84201 -3.39099 0 8.36701 -3.49099 0 9.59201 -4.09099 0 9.19201
4 288 -4.09099 0 9.19201 -3.49099 0 9.59201 -3.51599 0 9.86701 -4.41599 0 9.86701
4 288 -4.09099 0 9.19201 -4.41599 0 9.86701 -5.26599 0 9.86701 -4.44099 0 9.21701
4 288 -4.44099 0 9.21701 -5.26599 0 9.86701 -5.44099 0 9.81701 -5.09099 0 9.21701
4 288 -5.09099 0 9.21701 -5.44099 0 9.81701 -5.66599 0 9.81701 -5.54099 0 9.11701
4 288 -5.89099 0 9.14201 -5.54099 0 9.11701 -5.66599 0 9.81701 -6.26599 0 9.44201
4 288 -6.91599 0 10.092 -6.26599 0 9.44201 -5.66599 0 9.81701 -8.04099 0 11.967
4 288 -8.59099 0 11.617 -6.91599 0 10.092 -8.04099 0 11.967 -8.59099 0 11.767
4 288 -8.59099 0 11.767 -8.04099 0 11.967 -8.175 0 12.05 -8.525 0 11.925
3 288 -8.175 0 12.05 -8.35 0 12.05 -8.525 0 11.925
4 288 5.25901 0 0.41701 4.88401 0 0.91701 4.85 0 0.725 5.03401 0 -0.13299
4 288 5.03401 0 -0.13299 4.85 0 0.725 4.6 0 0.225 4.575 0 -0.05
3 288 4.25901 0 0.01701 2.15901 0 -0.93299 4.575 0 -0.05
3 288 4.575 0 -0.05 2.15901 0 -0.93299 5.03401 0 -0.13299
4 288 -2.625 0 6.65 -2.36599 0 6.69201 -2.36599 0 7.26701 -3.86599 0 6.64201
4 14 -4.775 0 17.65 -5.6 0 17.65 -5.35 0 17.15 -5 0 17.15
4 14 -4.7 0 17.625 -4.775 0 17.65 -5 0 17.15 -4.625 0 17.575
3 14 -4.625 0 17.575 -5 0 17.15 -4.55 0 17.5
4 14 -4.45 0 17.4 -4.55 0 17.5 -5 0 17.15 -4.775 0 16.75
4 14 -4.325 0 17.25 -4.45 0 17.4 -4.775 0 16.75 -4.3 0 17.1
4 14 -4.3 0 16.475 -4.3 0 17.1 -4.775 0 16.75 -4.775 0 16.625
4 14 -4.3 0 16.35 -4.3 0 16.475 -4.775 0 16.625 -5 0 16.375
4 14 -4.375 0 16.15 -4.3 0 16.35 -5 0 16.375 -4.5 0 16
4 14 -4.675 0 15.825 -4.5 0 16 -5 0 16.375 -4.9 0 15.725
4 14 -4.9 0 15.725 -5 0 16.375 -5.425 0 16.375 -5.475 0 15.725
4 14 -5.725 0 15.825 -5.475 0 15.725 -5.425 0 16.375 -5.925 0 16
4 14 -5.925 0 16 -5.425 0 16.375 -5.55 0 16.425 -6.075 0 16.2
4 14 -6.075 0 16.2 -5.55 0 16.425 -5.65 0 16.525 -6.15 0 16.325
4 14 -6.15 0 16.325 -5.65 0 16.525 -5.675 0 16.65 -6.15 0 17.1
4 14 -6.15 0 17.1 -5.675 0 16.65 -5.675 0 16.85 -6.05 0 17.3
4 14 -6.05 0 17.3 -5.675 0 16.85 -5.575 0 17.025 -5.925 0 17.45
4 14 -5.925 0 17.45 -5.575 0 17.025 -5.45 0 17.125 -5.825 0 17.55
4 14 -5.825 0 17.55 -5.45 0 17.125 -5.35 0 17.15 -5.6 0 17.65
4 14 4.20693 0 -3.86008 3.95901 0 -4.35799 4.78401 0 -4.35799 4.43193 0 -3.86008
4 14 4.43193 0 -3.86008 4.78401 0 -4.35799 4.98401 0 -4.25799 5.125 0 -4.15
4 14 4.43193 0 -3.86008 5.125 0 -4.15 5.23401 0 -4.00799 4.75693 0 -3.66008
4 14 4.75693 0 -3.66008 5.23401 0 -4.00799 5.40901 0 -3.65799 4.75693 0 -3.31008
4 14 4.75693 0 -3.31008 5.40901 0 -3.65799 5.40901 0 -3.23299 4.75693 0 -3.18508
4 14 4.75693 0 -3.18508 5.40901 0 -3.23299 5.25901 0 -2.93299 4.63193 0 -3.08508
4 14 4.63193 0 -3.08508 5.25901 0 -2.93299 5.10901 0 -2.73299 4.45693 0 -2.98508
4 14 4.45693 0 -2.98508 5.10901 0 -2.73299 4.90901 0 -2.53299 4.28193 0 -2.96008
4 14 4.28193 0 -2.96008 4.90901 0 -2.53299 4.65901 0 -2.48299 4.08401 0 -2.48299
4 14 4.13193 0 -3.01008 4.28193 0 -2.96008 4.08401 0 -2.48299 3.85901 0 -2.53299
4 14 4.03193 0 -3.11008 4.13193 0 -3.01008 3.85901 0 -2.53299 3.65901 0 -2.70799
4 14 4.03193 0 -3.11008 3.65901 0 -2.70799 3.48401 0 -2.90799 3.95693 0 -3.23508
4 14 3.95693 0 -3.23508 3.48401 0 -2.90799 3.40901 0 -3.05799 3.35901 0 -3.20799
4 14 3.95693 0 -3.56008 3.95693 0 -3.23508 3.35901 0 -3.20799 3.35901 0 -3.68299
4 14 3.95693 0 -3.56008 3.35901 0 -3.68299 3.48401 0 -3.95799 3.63401 0 -4.10799
4 14 3.95693 0 -3.56008 3.63401 0 -4.10799 3.73401 0 -4.20799 4.20693 0 -3.86008
4 14 4.20693 0 -3.86008 3.73401 0 -4.20799 3.80901 0 -4.28299 3.88401 0 -4.33299
3 14 4.20693 0 -3.86008 3.88401 0 -4.33299 3.95901 0 -4.35799
4 0x296CA3C 1.85 0 19.15 1.625 0 19.15 1.2 0 18.925 1.15 0 18.7
4 0x296CA3C 2.1 0 18.95 1.85 0 19.15 1.15 0 18.7 1.15 0 18.25
4 0x296CA3C 2.325 0 18.675 2.1 0 18.95 1.15 0 18.25 1.175 0 17.975
4 0x296CA3C 2.5 0 18.425 2.325 0 18.675 1.175 0 17.975 1.225 0 17.725
4 0x296CA3C 2.6 0 18.225 2.5 0 18.425 1.225 0 17.725 2.075 0 17.4
4 0x296CA3C 2.975 0 18.15 2.6 0 18.225 2.525 0 17.525 2.75 0 17.525
4 0x296CA3C 3.5 0 18.15 2.975 0 18.15 2.75 0 17.525 3.025 0 17.425
4 0x296CA3C 4.4 0 16.925 3.5 0 18.15 3.025 0 17.425 3.325 0 17.2
4 0x296CA3C 3.8 0 18.275 3.5 0 18.15 4.4 0 16.925 4.625 0 17.325
4 0x296CA3C 4.1 0 18.4 3.8 0 18.275 4.625 0 17.325 4.85 0 17.65
4 0x296CA3C 4.375 0 18.475 4.1 0 18.4 4.85 0 17.65 4.95 0 17.875
4 0x296CA3C 4.625 0 18.425 4.375 0 18.475 4.95 0 17.875 4.95 0 18.075
3 0x296CA3C 3.325 0 17.2 3.525 0 17 4.4 0 16.925
4 0x296CA3C 4.4 0 16.925 3.525 0 17 3.65 0 16.75 4.4 0 16.175
3 0x296CA3C 3.65 0 16.75 3.75 0 16.425 4.4 0 16.175
4 0x296CA3C 4.4 0 16.175 3.75 0 16.425 3.725 0 16.05 4.575 0 16.025
4 0x296CA3C 4.575 0 16.025 3.725 0 16.05 3.6 0 15.775 3.9 0 14.825
4 15 1.4 0 16.35 1.675 0 16.35 1.675 0 16.575 1.45 0 16.625
4 15 1.45 0 16.625 1.675 0 16.575 1.75 0 16.825 1.575 0 16.9
4 15 1.575 0 16.9 1.75 0 16.825 1.875 0 17.025 1.75 0 17.175
4 15 1.75 0 17.175 1.875 0 17.025 2.1 0 17.15 2.075 0 17.4
4 15 2.075 0 17.4 2.1 0 17.15 2.325 0 17.25 2.325 0 17.5
4 15 2.325 0 17.5 2.325 0 17.25 2.55 0 17.25 2.525 0 17.525
4 15 2.525 0 17.525 2.55 0 17.25 2.75 0 17.25 2.75 0 17.525
4 15 2.75 0 17.525 2.75 0 17.25 2.95 0 17.225 3.025 0 17.425
4 15 3.025 0 17.425 2.95 0 17.225 3.125 0 17.125 3.325 0 17.2
4 15 3.325 0 17.2 3.125 0 17.125 3.25 0 16.975 3.525 0 17
4 15 3.525 0 17 3.25 0 16.975 3.375 0 16.825 3.65 0 16.75
4 15 3.65 0 16.75 3.375 0 16.825 3.5 0 16.6 3.75 0 16.425
4 15 3.75 0 16.425 3.5 0 16.6 3.55 0 16.4 3.725 0 16.05
4 15 3.725 0 16.05 3.55 0 16.4 3.5 0 16.175 3.6 0 15.775
4 15 3.6 0 15.775 3.5 0 16.175 3.4 0 15.9 3.4 0 15.55
4 15 3.4 0 15.55 3.4 0 15.9 3.225 0 15.7 3.175 0 15.4
4 15 3.175 0 15.4 3.225 0 15.7 3.025 0 15.55 2.95 0 15.3
4 15 2.95 0 15.3 3.025 0 15.55 2.875 0 15.475 2.725 0 15.225
4 15 2.725 0 15.225 2.875 0 15.475 2.7 0 15.425 2.5 0 15.2
4 15 2.5 0 15.2 2.7 0 15.425 2.475 0 15.425 2.225 0 15.275
4 15 2.225 0 15.275 2.475 0 15.425 2.25 0 15.5 1.975 0 15.4
4 15 1.975 0 15.4 2.25 0 15.5 2.05 0 15.625 1.75 0 15.575
4 15 1.75 0 15.575 2.05 0 15.625 1.9 0 15.775 1.6 0 15.775
4 15 1.6 0 15.775 1.9 0 15.775 1.775 0 15.95 1.5 0 16
4 15 1.5 0 16 1.775 0 15.95 1.7 0 16.125 1.425 0 16.2
4 15 1.425 0 16.2 1.7 0 16.125 1.675 0 16.35 1.4 0 16.35
3 0x296CA3C 2.6 0 18.225 2.075 0 17.4 2.325 0 17.5
3 0x296CA3C 2.6 0 18.225 2.325 0 17.5 2.525 0 17.525
4 0x296CA3C 1.675 0 16.575 1.675 0 16.35 3.55 0 16.4 3.5 0 16.6
4 0x296CA3C 1.75 0 16.825 1.675 0 16.575 3.5 0 16.6 3.375 0 16.825
4 0x296CA3C 2.55 0 17.25 2.325 0 17.25 2.1 0 17.15 3.125 0 17.125
4 0x296CA3C 3.125 0 17.125 2.95 0 17.225 2.75 0 17.25 2.55 0 17.25
4 0x296CA3C 3.5 0 16.175 3.55 0 16.4 1.675 0 16.35 1.7 0 16.125
4 0x296CA3C 3.4 0 15.9 3.5 0 16.175 1.7 0 16.125 1.775 0 15.95
4 0x296CA3C 3.225 0 15.7 3.4 0 15.9 1.775 0 15.95 1.9 0 15.775
4 0x296CA3C 3.025 0 15.55 3.225 0 15.7 1.9 0 15.775 2.05 0 15.625
4 0x296CA3C 2.875 0 15.475 3.025 0 15.55 2.05 0 15.625 2.475 0 15.425
3 0x296CA3C 2.875 0 15.475 2.475 0 15.425 2.7 0 15.425
3 0x296CA3C 2.05 0 15.625 2.25 0 15.5 2.475 0 15.425
4 0x296CA3C 1.875 0 17.025 1.75 0 16.825 3.375 0 16.825 3.25 0 16.975
4 0x296CA3C 2.1 0 17.15 1.875 0 17.025 3.25 0 16.975 3.125 0 17.125
4 0x296CA3C 4.575 0 16.025 3.9 0 14.825 4.175 0 14.75 4.8 0 15.8
4 0x296CA3C 4.8 0 15.8 4.175 0 14.75 4.425 0 14.675 4.975 0 15.55
4 0x296CA3C 4.975 0 15.55 4.425 0 14.675 4.7 0 14.65 5.15 0 15.225
4 0x296CA3C 5.15 0 15.225 4.7 0 14.65 4.875 0 14.775 5.075 0 15
4 0x296CA3C 3.9 0 14.825 3.6 0 15.775 3.4 0 15.55 3.75 0 14.85
4 0x296CA3C 3.75 0 14.85 3.4 0 15.55 3.175 0 15.4 3.475 0 14.85
4 0x296CA3C 3.475 0 14.85 3.175 0 15.4 2.95 0 15.3 3.125 0 14.725
4 0x296CA3C 3.125 0 14.725 2.95 0 15.3 2.725 0 15.225 2.9 0 14.6
4 0x296CA3C 2.9 0 14.6 2.725 0 15.225 2.5 0 15.2 1.375 0 14.975
4 0x296CA3C 2.725 0 14.375 2.9 0 14.6 1.375 0 14.975 1.375 0 14.375
4 0x296CA3C 2.6 0 14.075 2.725 0 14.375 1.375 0 14.375 1.425 0 14.1
4 0x296CA3C 2.425 0 13.85 2.6 0 14.075 1.425 0 14.1 1.525 0 13.875
4 0x296CA3C 2.25 0 13.675 2.425 0 13.85 1.525 0 13.875 1.775 0 13.65
3 0x296CA3C 2.25 0 13.675 1.775 0 13.65 2.075 0 13.6
3 0x296CA3C 2.225 0 15.275 1.375 0 14.975 2.5 0 15.2
4 0x296CA3C 1.375 0 14.975 2.225 0 15.275 1.975 0 15.4 1.325 0 15.15
4 0x296CA3C 1.325 0 15.15 1.975 0 15.4 1.75 0 15.575 1.225 0 15.325
4 0x296CA3C 1.225 0 15.325 1.75 0 15.575 1.6 0 15.775 1 0 15.525
4 0x296CA3C 1 0 15.525 1.6 0 15.775 1.5 0 16 0.8 0 15.575
4 0x296CA3C 0.8 0 15.575 1.5 0 16 1.425 0 16.2 0.525 0 15.625
4 0x296CA3C 0.525 0 15.625 1.425 0 16.2 1.4 0 16.35 0.85 0 17.025
4 0x296CA3C 0.525 0 15.625 0.85 0 17.025 0.625 0 16.975 0.275 0 15.675
4 0x296CA3C 0.275 0 15.675 0.625 0 16.975 0.35 0 16.925 0.05 0 15.725
4 0x296CA3C 0.05 0 15.725 0.35 0 16.925 0.125 0 16.825 -0.075 0 15.8
4 0x296CA3C -0.075 0 15.8 0.125 0 16.825 -0.075 0 16.75 -0.225 0 15.9
4 0x296CA3C -0.225 0 15.9 -0.075 0 16.75 -0.3 0 16.55 -0.3 0 16.1
3 0x296CA3C 0.85 0 17.025 1.4 0 16.35 1.45 0 16.625
4 0x296CA3C 0.85 0 17.025 1.45 0 16.625 1.575 0 16.9 1.025 0 17.225
4 0x296CA3C 1.025 0 17.225 1.575 0 16.9 1.75 0 17.175 1.15 0 17.475
4 0x296CA3C 1.15 0 17.475 1.75 0 17.175 2.075 0 17.4 1.225 0 17.725
4 0x296CA3C -1.49393 0 -1.74265 -1.70324 0 -1.6636 -2.13043 0 -1.65414 -2.27545 0 -1.73477
4 0x296CA3C -1.42886 0 -2.04988 -1.49393 0 -1.74265 -2.27545 0 -1.73477 -2.53356 0 -2.10339
4 0x296CA3C -1.37728 0 -2.4042 -1.42886 0 -2.04988 -2.53356 0 -2.10339 -2.67081 0 -2.34299
4 0x296CA3C -1.37732 0 -2.70936 -1.37728 0 -2.4042 -2.67081 0 -2.34299 -2.77325 0 -2.57646
4 0x296CA3C -1.36012 0 -2.95555 -1.37732 0 -2.70936 -2.77325 0 -2.57646 -2.26338 0 -3.33022
4 0x296CA3C -1.14596 0 -3.25708 -1.36012 0 -2.95555 -1.82306 0 -3.48594 -1.63875 0 -3.61499
4 0x296CA3C -0.79091 0 -3.60821 -1.14596 0 -3.25708 -1.63875 0 -3.61499 -1.47085 0 -3.85464
4 0x296CA3C -0.7063 0 -5.02789 -0.79091 0 -3.60821 -1.47085 0 -3.85464 -1.35415 0 -4.21102
4 0x296CA3C -0.34846 0 -3.62789 -0.79091 0 -3.60821 -0.7063 0 -5.02789 -0.21756 0 -4.85428
4 0x296CA3C -0.03102 0 -3.67256 -0.34846 0 -3.62789 -0.21756 0 -4.85428 0.15316 0 -4.71711
4 0x296CA3C 0.23726 0 -3.76886 -0.03102 0 -3.67256 0.15316 0 -4.71711 0.36413 0 -4.59016
4 0x296CA3C 0.41337 0 -3.95321 0.23726 0 -3.76886 0.36413 0 -4.59016 0.47885 0 -4.42633
3 0x296CA3C -1.35415 0 -4.21102 -1.30504 0 -4.48957 -0.7063 0 -5.02789
4 0x296CA3C -0.7063 0 -5.02789 -1.30504 0 -4.48957 -1.34604 0 -4.76606 -0.875 0 -5.225
4 0x296CA3C -1.34604 0 -4.76606 -1.45054 0 -5.08964 -1.06148 0 -5.66725 -1 0 -5.425
4 0x296CA3C -1.06148 0 -5.66725 -1.45054 0 -5.08964 -1.68611 0 -5.38248 -1.05417 0 -5.9155
4 0x296CA3C -1.05417 0 -5.9155 -1.68611 0 -5.38248 -1.94623 0 -5.53605 -2.24539 0 -6.48632
4 15 -3.41856 0 -3.80317 -3.1933 0 -3.9609 -3.06424 0 -3.77659 -3.21987 0 -3.60658
4 15 -3.21987 0 -3.60658 -3.06424 0 -3.77659 -2.85941 0 -3.61482 -2.95974 0 -3.45301
4 15 -2.95974 0 -3.45301 -2.85941 0 -3.61482 -2.6423 0 -3.52269 -2.65866 0 -3.32812
4 15 -2.65866 0 -3.32812 -2.6423 0 -3.52269 -2.38629 0 -3.54935 -2.26338 0 -3.33022
4 15 -2.26338 0 -3.33022 -2.38629 0 -3.54935 -2.14463 0 -3.59649 -2.00123 0 -3.3917
4 15 -2.00123 0 -3.3917 -2.14463 0 -3.59649 -1.96032 0 -3.72555 -1.82306 0 -3.48594
4 15 -1.82306 0 -3.48594 -1.96032 0 -3.72555 -1.79649 0 -3.84026 -1.63875 0 -3.61499
4 15 -1.63875 0 -3.61499 -1.79649 0 -3.84026 -1.647 0 -3.97545 -1.47085 0 -3.85464
4 15 -1.47085 0 -3.85464 -1.647 0 -3.97545 -1.561 0 -4.15775 -1.35415 0 -4.21102
4 15 -1.35415 0 -4.21102 -1.561 0 -4.15775 -1.54465 0 -4.35232 -1.30504 0 -4.48957
4 15 -1.30504 0 -4.48957 -1.54465 0 -4.35232 -1.52829 0 -4.54689 -1.34604 0 -4.76606
4 15 -1.34604 0 -4.76606 -1.52829 0 -4.54689 -1.55495 0 -4.80289 -1.45054 0 -5.08964
4 15 -1.45054 0 -5.08964 -1.55495 0 -4.80289 -1.62871 0 -4.9954 -1.68611 0 -5.38248
4 15 -1.68611 0 -5.38248 -1.62871 0 -4.9954 -1.79872 0 -5.15103 -1.94623 0 -5.53605
4 15 -1.94623 0 -5.53605 -1.79872 0 -5.15103 -2.03837 0 -5.31894 -2.23912 0 -5.60564
4 15 -2.23912 0 -5.60564 -2.03837 0 -5.31894 -2.29643 0 -5.3824 -2.50947 0 -5.59946
4 15 -2.50947 0 -5.59946 -2.29643 0 -5.3824 -2.5463 0 -5.39055 -2.75113 0 -5.55232
4 15 -2.75113 0 -5.55232 -2.5463 0 -5.39055 -2.71219 0 -5.36595 -2.97846 0 -5.4847
4 15 -2.97846 0 -5.4847 -2.71219 0 -5.36595 -2.88422 0 -5.30653 -3.17711 0 -5.37613
4 15 -3.17711 0 -5.37613 -2.88422 0 -5.30653 -3.06853 0 -5.17748 -3.35936 0 -5.15696
4 15 -3.35936 0 -5.15696 -3.06853 0 -5.17748 -3.20982 0 -4.98699 -3.49245 0 -4.91117
4 15 -3.49245 0 -4.91117 -3.20982 0 -4.98699 -3.30196 0 -4.76988 -3.57638 0 -4.63876
4 15 -3.57638 0 -4.63876 -3.30196 0 -4.76988 -3.33879 0 -4.56097 -3.58454 0 -4.3889
4 15 -3.58454 0 -4.3889 -3.33879 0 -4.56097 -3.34081 0 -4.34592 -3.5374 0 -4.14723
4 15 -3.5374 0 -4.14723 -3.34081 0 -4.34592 -3.30187 0 -4.15955 -3.48412 0 -3.94038
4 15 -3.48412 0 -3.94038 -3.30187 0 -4.15955 -3.1933 0 -3.9609 -3.41856 0 -3.80317
3 0x296CA3C -1.36012 0 -2.95555 -2.26338 0 -3.33022 -2.00123 0 -3.3917
3 0x296CA3C -1.36012 0 -2.95555 -2.00123 0 -3.3917 -1.82306 0 -3.48594
4 0x296CA3C -3.06424 0 -3.77659 -3.1933 0 -3.9609 -1.62871 0 -4.9954 -1.55495 0 -4.80289
4 0x296CA3C -2.85941 0 -3.61482 -3.06424 0 -3.77659 -1.55495 0 -4.80289 -1.52829 0 -4.54689
4 0x296CA3C -1.96032 0 -3.72555 -2.14463 0 -3.59649 -2.38629 0 -3.54935 -1.561 0 -4.15775
4 0x296CA3C -1.561 0 -4.15775 -1.647 0 -3.97545 -1.79649 0 -3.84026 -1.96032 0 -3.72555
4 0x296CA3C -1.79872 0 -5.15103 -1.62871 0 -4.9954 -3.1933 0 -3.9609 -3.30187 0 -4.15955
4 0x296CA3C -2.03837 0 -5.31894 -1.79872 0 -5.15103 -3.30187 0 -4.15955 -3.34081 0 -4.34592
4 0x296CA3C -2.29643 0 -5.3824 -2.03837 0 -5.31894 -3.34081 0 -4.34592 -3.33879 0 -4.56097
4 0x296CA3C -2.5463 0 -5.39055 -2.29643 0 -5.3824 -3.33879 0 -4.56097 -3.30196 0 -4.76988
4 0x296CA3C -2.71219 0 -5.36595 -2.5463 0 -5.39055 -3.30196 0 -4.76988 -3.06853 0 -5.17748
3 0x296CA3C -3.06853 0 -5.17748 -2.88422 0 -5.30653 -2.71219 0 -5.36595
3 0x296CA3C -3.30196 0 -4.76988 -3.20982 0 -4.98699 -3.06853 0 -5.17748
4 0x296CA3C -2.6423 0 -3.52269 -2.85941 0 -3.61482 -1.52829 0 -4.54689 -1.54465 0 -4.35232
4 0x296CA3C -2.38629 0 -3.54935 -2.6423 0 -3.52269 -1.54465 0 -4.35232 -1.561 0 -4.15775
4 0x296CA3C -1.05417 0 -5.9155 -2.24539 0 -6.48632 -2.06314 0 -6.70549 -1.04891 0 -6.25386
4 0x296CA3C -1.04891 0 -6.25386 -2.06314 0 -6.70549 -1.90137 0 -6.91032 -1.04895 0 -6.55903
4 0x296CA3C -1.04895 0 -6.55903 -1.90137 0 -6.91032 -1.66544 0 -7.08853 -1.04202 0 -6.87563
4 0x296CA3C -1.04202 0 -6.87563 -1.66544 0 -7.08853 -1.57539 0 -7.13651 -1.23251 0 -6.99192
4 0x296CA3C -2.24539 0 -6.48632 -1.94623 0 -5.53605 -2.23912 0 -5.60564 -2.35392 0 -6.3798
4 0x296CA3C -2.35392 0 -6.3798 -2.23912 0 -5.60564 -2.50947 0 -5.59946 -2.57919 0 -6.22207
4 0x296CA3C -2.57919 0 -6.22207 -2.50947 0 -5.59946 -2.75113 0 -5.55232 -2.93759 0 -6.12371
4 0x296CA3C -2.93759 0 -6.12371 -2.75113 0 -5.55232 -2.97846 0 -5.4847 -3.19359 0 -6.09705
4 0x296CA3C -3.19359 0 -6.09705 -2.97846 0 -5.4847 -3.17711 0 -5.37613 -4.22771 0 -4.91516
4 0x296CA3C -3.466 0 -6.18098 -3.19359 0 -6.09705 -4.22771 0 -4.91516 -4.57185 0 -5.40666
4 0x296CA3C -3.74047 0 -6.35503 -3.466 0 -6.18098 -4.57185 0 -5.40666 -4.68863 0 -5.6606
4 0x296CA3C -4.01287 0 -6.43897 -3.74047 0 -6.35503 -4.68863 0 -5.6606 -4.73577 0 -5.90227
4 0x296CA3C -4.2566 0 -6.48194 -4.01287 0 -6.43897 -4.73577 0 -5.90227 -4.66004 0 -6.22997
3 0x296CA3C -4.66004 0 -6.22997 -4.44297 0 -6.443 -4.2566 0 -6.48194
3 0x296CA3C -4.22771 0 -4.91516 -3.17711 0 -5.37613 -3.35936 0 -5.15696
4 0x296CA3C -4.22771 0 -4.91516 -3.35936 0 -5.15696 -3.49245 0 -4.91117 -4.16829 0 -4.74313
4 0x296CA3C -4.16829 0 -4.74313 -3.49245 0 -4.91117 -3.57638 0 -4.63876 -4.14983 0 -4.54242
4 0x296CA3C -4.14983 0 -4.54242 -3.57638 0 -4.63876 -3.58454 0 -4.3889 -4.21942 0 -4.24954
4 0x296CA3C -4.21942 0 -4.24954 -3.58454 0 -4.3889 -3.5374 0 -4.14723 -4.35458 0 -4.09387
4 0x296CA3C -4.35458 0 -4.09387 -3.5374 0 -4.14723 -3.48412 0 -3.94038 -4.55116 0 -3.89518
4 0x296CA3C -4.55116 0 -3.89518 -3.48412 0 -3.94038 -3.41856 0 -3.80317 -3.50693 0 -2.95977
4 0x296CA3C -4.55116 0 -3.89518 -3.50693 0 -2.95977 -3.71992 0 -2.87168 -4.72727 0 -3.71082
4 0x296CA3C -4.72727 0 -3.71082 -3.71992 0 -2.87168 -3.97387 0 -2.7549 -4.8829 0 -3.54081
4 0x296CA3C -4.8829 0 -3.54081 -3.97387 0 -2.7549 -4.19053 0 -2.68276 -4.94228 0 -3.40768
4 0x296CA3C -4.94228 0 -3.40768 -4.19053 0 -2.68276 -4.39738 0 -2.67948 -5.00779 0 -3.23973
4 0x296CA3C -5.00779 0 -3.23973 -4.39738 0 -2.67948 -4.69641 0 -2.71426 -4.95451 0 -3.03288
3 0x296CA3C -3.50693 0 -2.95977 -3.41856 0 -3.80317 -3.21987 0 -3.60658
4 0x296CA3C -3.50693 0 -2.95977 -3.21987 0 -3.60658 -2.95974 0 -3.45301 -3.22386 0 -2.87132
4 0x296CA3C -3.22386 0 -2.87132 -2.95974 0 -3.45301 -2.65866 0 -3.32812 -2.97808 0 -2.73823
4 0x296CA3C -2.97808 0 -2.73823 -2.65866 0 -3.32812 -2.26338 0 -3.33022 -2.77325 0 -2.57646
3 0x296CA3C -1.34604 0 -4.76606 -1 0 -5.425 -0.875 0 -5.225
4 0x296CA3C -0.325 0 -2.5 -0.025 0 -2.5 0.325 0 -1.675 0.125 0 -1.625
4 0x296CA3C -0.85 0 -2.425 -0.325 0 -2.5 0.125 0 -1.625 -0.2 0 -1.625
4 0x296CA3C -1 0 -2.325 -0.85 0 -2.425 -0.2 0 -1.625 -0.3 0 -1.475
4 0x296CA3C -1.1 0 -2.2 -1 0 -2.325 -0.3 0 -1.475 -1.1 0 -2
4 0x296CA3C -1.1 0 -2 -0.3 0 -1.475 -0.375 0 -1.25 -1.2 0 -1.575
4 0x296CA3C -1.2 0 -1.575 -0.375 0 -1.25 -0.675 0 -0.475 -1.275 0 -1.35
4 0x296CA3C -1.4 0 -1.175 -1.275 0 -1.35 -0.675 0 -0.475 -0.925 0 0.125
4 0x296CA3C -1.625 0 -1.075 -1.4 0 -1.175 -0.925 0 0.125 -1.075 0 0.25
4 0x296CA3C -1.75 0 -1.05 -1.625 0 -1.075 -1.075 0 0.25 -1.475 0 0.325
4 0x296CA3C -2.2 0 -1.05 -1.75 0 -1.05 -1.475 0 0.325 -1.825 0 0.425
4 0x296CA3C -2.2 0 -1.05 -1.825 0 0.425 -3.7 0 -0.35 -2.325 0 -1.225
4 0x296CA3C -2.325 0 -1.225 -3.7 0 -0.35 -3.75 0 -0.625 -2.525 0 -1.55
4 0x296CA3C -2.525 0 -1.55 -3.75 0 -0.625 -3.8 0 -0.925 -2.7 0 -1.775
4 0x296CA3C -2.7 0 -1.775 -3.8 0 -0.925 -3.875 0 -1.2 -2.85 0 -1.925
4 0x296CA3C -2.85 0 -1.925 -3.875 0 -1.2 -3.9 0 -1.4 -3.8 0 -1.6
3 0x296CA3C -3.8 0 -1.6 -3.4 0 -1.775 -2.85 0 -1.925
4 0x296CA3C -3.7 0 -0.35 -1.825 0 0.425 -2.35 0 0.625 -4.45 0 0.15
3 0x296CA3C -2.825 0 0.85 -4.45 0 0.15 -2.35 0 0.625
3 0x296CA3C -3.375 0 1.175 -4.45 0 0.15 -2.825 0 0.85
4 0x296CA3C -4.45 0 0.15 -3.375 0 1.175 -3.85 0 1.575 -5.725 0 1.15
4 0x296CA3C -5.725 0 1.15 -3.85 0 1.575 -4.175 0 1.9 -5.725 0 1.4
4 0x296CA3C -5.725 0 1.4 -4.175 0 1.9 -4.575 0 2.325 -5.8 0 1.55
4 0x296CA3C -5.8 0 1.55 -4.575 0 2.325 -4.95 0 2.875 -6.1 0 1.975
4 0x296CA3C -4.45 0 0.15 -5.725 0 1.15 -5.825 0 0.925 -4.725 0 -0.1
4 0x296CA3C -4.725 0 -0.1 -5.825 0 0.925 -6 0 0.65 -4.975 0 -0.3
4 0x296CA3C -4.975 0 -0.3 -6 0 0.65 -6.1 0 0.4 -5.2 0 -0.45
4 0x296CA3C -5.2 0 -0.45 -6.1 0 0.4 -6.15 0 0.175 -5.4 0 -0.45
3 0x296CA3C -6.15 0 0.175 -5.65 0 -0.35 -5.4 0 -0.45
4 0x296CA3C -6.1 0 1.975 -4.95 0 2.875 -5.25 0 3.375 -6.2 0 1.975
4 0x296CA3C -7 0 3.4 -6.2 0 1.975 -5.25 0 3.375 -5.45 0 3.825
4 0x296CA3C -6.975 0 3.55 -7 0 3.4 -5.45 0 3.825 -5.65 0 4.325
4 0x296CA3C -6.525 0 1.875 -6.2 0 1.975 -7 0 3.4 -7.2 0 3.175
4 0x296CA3C -6.875 0 1.775 -6.525 0 1.875 -7.2 0 3.175 -7.475 0 2.95
4 0x296CA3C -7.3 0 1.725 -6.875 0 1.775 -7.475 0 2.95 -7.825 0 2.625
4 0x296CA3C -6.975 0 3.875 -6.975 0 3.55 -5.65 0 4.325 -5.75 0 4.725
4 0x296CA3C -7.075 0 4.175 -6.975 0 3.875 -5.75 0 4.725 -5.8 0 5.1
4 0x296CA3C -7.225 0 4.4 -7.075 0 4.175 -5.8 0 5.1 -5.825 0 5.3
4 0x296CA3C -7.375 0 5.925 -7.225 0 4.4 -5.825 0 5.3 -5.85 0 5.975
4 0x296CA3C -7.225 0 4.4 -7.375 0 5.925 -7.6 0 5.825 -7.95 0 4.375
4 0x296CA3C -7.95 0 4.375 -7.6 0 5.825 -7.95 0 5.7 -8.175 0 4.4
4 0x296CA3C -8.175 0 4.4 -7.95 0 5.7 -8.2 0 5.575 -8.325 0 4.575
4 0x296CA3C -8.325 0 4.575 -8.2 0 5.575 -8.4 0 5.45 -8.425 0 4.9
4 0x296CA3C -8.5 0 5.175 -8.425 0 4.9 -8.4 0 5.45 -8.5 0 5.375
4 0x296CA3C -7.325 0 6.15 -7.375 0 5.925 -5.85 0 5.975 -5.825 0 6.75
4 0x296CA3C -7.325 0 6.625 -7.325 0 6.15 -5.825 0 6.75 -5.75 0 7.15
4 0x296CA3C -7.375 0 7 -7.325 0 6.625 -5.75 0 7.15 -6.85 0 8.475
3 0x296CA3C -6.85 0 8.475 -5.75 0 7.15 -5.65 0 7.55
4 0x296CA3C -7.7 0 7.075 -7.375 0 7 -6.85 0 8.475 -7.825 0 8.475
4 0x296CA3C -7.975 0 7.175 -7.7 0 7.075 -7.825 0 8.475 -8.175 0 8.45
3 0x296CA3C -8.175 0 8.45 -8.225 0 8.05 -7.975 0 7.175
3 0x296CA3C -8.225 0 8.05 -8.3 0 7.7 -7.975 0 7.175
3 0x296CA3C -8.3 0 7.7 -8.375 0 7.425 -7.975 0 7.175
4 0x296CA3C -6.85 0 8.475 -5.65 0 7.55 -5.5 0 7.975 -6.7 0 8.85
4 0x296CA3C -5.8 0 8.625 -6.7 0 8.85 -5.5 0 7.975 -5.325 0 8.4
3 0x296CA3C -5.8 0 8.625 -5.325 0 8.4 -5.225 0 8.6
3 0x296CA3C -6.7 0 8.85 -5.8 0 8.625 -6.125 0 8.75
4 0x296CA3C -6.7 0 8.85 -6.125 0 8.75 -6.325 0 8.925 -6.6 0 9.05
3 0x296CA3C -6.475 0 9.05 -6.6 0 9.05 -6.325 0 8.925
4 0x296CA3C -4.5 0 7.075 -4.675 0 7.4 -4.775 0 6.95 -4.5 0 6.325
3 0x296CA3C -4.775 0 6.95 -4.9 0 6.3 -4.5 0 6.325
4 0x296CA3C -4.425 0 6.175 -4.5 0 6.325 -4.9 0 6.3 -4.9 0 5.85
4 0x296CA3C -4.25 0 6.1 -4.425 0 6.175 -4.9 0 5.85 -4.85 0 5.325
4 0x296CA3C -3.8 0 6.175 -4.25 0 6.1 -4.85 0 5.325 -4.775 0 4.9
4 0x296CA3C -1.95 0 6.175 -3.8 0 6.175 -4.775 0 4.9 -4.625 0 4.275
4 0x296CA3C -1.9 0 5.875 -1.95 0 6.175 -4.625 0 4.275 -4.275 0 3.625
4 0x296CA3C -1.875 0 3.775 -1.9 0 5.875 -4.275 0 3.625 -3.95 0 3.075
4 0x296CA3C -1.875 0 3.775 -3.95 0 3.075 -3.325 0 2.35 -2.725 0 1.9
4 0x296CA3C -1.875 0 3.775 -2.725 0 1.9 -2.1 0 1.575 -1.375 0 1.325
4 0x296CA3C 0.55 0 3.775 -1.875 0 3.775 -1.375 0 1.325 -0.75 0 1.2
4 0x296CA3C 0.675 0 3.275 0.55 0 3.775 -0.75 0 1.2 -0.025 0 1.175
4 0x296CA3C 0.675 0 1.375 0.675 0 3.275 -0.025 0 1.175 0.5 0 1.175
4 0x296CA3C 0.675 0 1.275 0.675 0 1.375 0.5 0 1.175 0.6 0 1.175
4 0x296CA3C -1.5 0 10.375 -1.5 0 9.475 -0.025 0 9.5 -1.325 0 10.55
4 0x296CA3C -1.075 0 10.65 -1.325 0 10.55 -0.025 0 9.5 -0.8 0 10.725
4 0x296CA3C 0.525 0 10.725 -0.8 0 10.725 -0.025 0 9.5 0.3 0 9.55
4 0x296CA3C 0.975 0 10.65 0.525 0 10.725 0.3 0 9.55 0.775 0 9.55
4 0x296CA3C 1.525 0 10.475 0.975 0 10.65 0.775 0 9.55 0.975 0 9.45
4 0x296CA3C 2.025 0 10.25 1.525 0 10.475 0.975 0 9.45 0.975 0 9.05
4 0x296CA3C 2.5 0 9.975 2.025 0 10.25 0.975 0 9.05 1.05 0 8.475
4 0x296CA3C 2.95 0 9.625 2.5 0 9.975 1.05 0 8.475 1.125 0 8.05
4 0x296CA3C 3.375 0 9.225 2.95 0 9.625 1.125 0 8.05 1.15 0 7.375
4 0x296CA3C 3.8 0 8.7 3.375 0 9.225 1.15 0 7.375 1.15 0 7.075
4 0x296CA3C 4.125 0 8.2 3.8 0 8.7 1.15 0 7.075 2.3 0 7.1
3 0x296CA3C 4.125 0 8.2 2.3 0 7.1 2.725 0 7.175
4 0x296CA3C 4.125 0 8.2 2.725 0 7.175 3.6 0 7.175 4.35 0 7.675
4 0x296CA3C 4.525 0 7.175 4.35 0 7.675 3.6 0 7.175 3.625 0 6.2
4 0x296CA3C 4.625 0 6.6 4.525 0 7.175 3.625 0 6.2 4.625 0 5.5
4 0x296CA3C 4.625 0 5.5 3.625 0 6.2 3.675 0 5.5 4.6 0 5.2
4 0x296CA3C 4.6 0 5.2 3.675 0 5.5 3.7 0 4.9 4.575 0 4.9
4 0x296CA3C 4.575 0 4.9 3.7 0 4.9 3.725 0 4.6 4.525 0 4.65
3 0x296CA3C 4.525 0 4.65 3.725 0 4.6 4.3 0 4.6
4 0x296CA3C -0.2 0 14.1 1.075 0 14.1 0.975 0 14.3 -0.15 0 14.25
4 0x296CA3C 0 0 14.4 -0.15 0 14.25 0.975 0 14.3 0.8 0 14.45
4 0x296CA3C 0.175 0 14.5 0 0 14.4 0.8 0 14.45 0.575 0 14.5
4 0x296CA3C 1.075 0 14.1 -0.2 0 14.1 -0.175 0 13.925 1.1 0 13.9
4 0x296CA3C 1.1 0 13.9 -0.175 0 13.925 0.125 0 13 1.15 0 13.35
4 0x296CA3C 1.15 0 13.35 0.125 0 13 0.225 0 12.725 1.275 0 13.2
4 0x296CA3C 1.275 0 13.2 0.225 0 12.725 0.225 0 11.85 0.95 0 11.75
4 0x296CA3C 0.225 0 11.85 0.225 0 12.725 -0.05 0 12.675 -0.425 0 11.85
4 0x296CA3C -0.425 0 11.85 -0.05 0 12.675 -0.2 0 12.65 -0.675 0 11.825
4 0x296CA3C -0.675 0 11.825 -0.2 0 12.65 -1.3 0 12.65 -1.025 0 11.725
4 0x296CA3C -1.55 0 11.725 -1.025 0 11.725 -1.3 0 12.65 -1.575 0 12.625
4 0x296CA3C -1.7 0 12.05 -1.55 0 11.725 -1.575 0 12.625 -1.7 0 12.575
4 0x296CA3C 1.55 0 13.075 1.275 0 13.2 0.95 0 11.75 1.35 0 11.675
4 0x296CA3C 1.85 0 13 1.55 0 13.075 1.35 0 11.675 1.775 0 11.55
4 0x296CA3C 2.025 0 12.95 1.85 0 13 1.775 0 11.55 2.15 0 11.4
4 0x296CA3C 2.15 0 13 2.025 0 12.95 2.15 0 11.4 3.725 0 12.275
4 0x296CA3C 2.15 0 13 3.725 0 12.275 3.725 0 12.75 2.35 0 13.2
4 0x296CA3C 2.35 0 13.2 3.725 0 12.75 3.8 0 13.225 2.75 0 13.7
4 0x296CA3C 2.75 0 13.7 3.8 0 13.225 3.775 0 13.55 3 0 13.875
4 0x296CA3C 3.15 0 13.875 3 0 13.875 3.775 0 13.55 3.5 0 13.75
4 0x296CA3C 3.975 0 12.05 3.725 0 12.275 2.7 0 11.175 3.175 0 10.9
4 0x296CA3C 4.3 0 11.925 3.975 0 12.05 3.175 0 10.9 3.575 0 10.625
4 0x296CA3C 4.575 0 11.925 4.3 0 11.925 3.575 0 10.625 5.6 0 10.7
4 0x296CA3C 4.575 0 11.925 5.6 0 10.7 5.875 0 11.175 4.85 0 12.125
4 0x296CA3C 4.85 0 12.125 5.875 0 11.175 6.2 0 11.8 5.375 0 12.5
4 0x296CA3C 5.6 0 10.7 3.575 0 10.625 4 0 10.275 6.1 0 10
3 0x296CA3C 4 0 10.275 4.45 0 9.8 6.1 0 10
3 0x296CA3C 6.1 0 10 4.45 0 9.8 4.875 0 9.225
4 0x296CA3C 6.1 0 10 4.875 0 9.225 5.175 0 8.725 6.975 0 8.6
4 0x296CA3C 6.375 0 10.025 6.1 0 10 6.975 0 8.6 7.3 0 8.9
4 0x296CA3C 6.75 0 10.125 6.375 0 10.025 7.3 0 8.9 7.6 0 9.15
4 0x296CA3C 7.075 0 10.225 6.75 0 10.125 7.6 0 9.15 7.75 0 9.35
4 0x296CA3C 7.2 0 10.3 7.075 0 10.225 7.75 0 9.35 7.75 0 9.55
4 0x296CA3C 6.975 0 8.6 5.175 0 8.725 5.4 0 8.225 6.975 0 8.25
4 0x296CA3C 6.975 0 8.25 5.4 0 8.225 5.625 0 7.625 7.025 0 7.7
4 0x296CA3C 7.025 0 7.7 5.625 0 7.625 5.775 0 7.075 7.5 0 7.5
4 0x296CA3C 7.5 0 7.5 5.775 0 7.075 7.45 0 6.075 7.925 0 6.25
4 0x296CA3C 8.175 0 7.475 7.5 0 7.5 7.925 0 6.25 8.425 0 6.475
4 0x296CA3C 8.325 0 7.4 8.175 0 7.475 8.425 0 6.475 8.425 0 7.15
4 0x296CA3C 7.45 0 6.075 5.775 0 7.075 5.85 0 6.625 7.325 0 5.925
4 0x296CA3C 7.325 0 5.925 5.85 0 6.625 5.85 0 5.85 7.275 0 5.75
4 0x296CA3C 7.275 0 5.75 5.85 0 5.85 5.825 0 5.4 7.25 0 5.15
4 0x296CA3C 7.25 0 5.15 5.825 0 5.4 5.8 0 5.025 7.425 0 5
4 0x296CA3C 7.425 0 5 5.8 0 5.025 5.7 0 4.725 7.05 0 3.525
4 0x296CA3C 7.775 0 4.85 7.425 0 5 7.05 0 3.525 7.25 0 3.525
4 0x296CA3C 8.075 0 4.725 7.775 0 4.85 7.25 0 3.525 7.425 0 3.475
4 0x296CA3C 8.275 0 4.525 8.075 0 4.725 7.425 0 3.475 7.7 0 3.475
4 0x296CA3C 8.3 0 4.15 8.275 0 4.525 7.7 0 3.475 7.925 0 3.55
4 0x296CA3C 8.225 0 3.875 8.3 0 4.15 7.925 0 3.55 8.1 0 3.65
4 0x296CA3C 6.6 0 3.375 7.05 0 3.525 5.7 0 4.725 5.65 0 4.525
4 0x296CA3C 6.4 0 3.5 6.6 0 3.375 5.65 0 4.525 5.65 0 4.225
3 15 -6.4 0 19.225 -6.575 0 18.4 -6.425 0 18.25
4 15 -6.975 0 18.675 -6.575 0 18.4 -6.4 0 19.225 -6.325 0 19.675
4 15 -7.35 0 18.9 -6.975 0 18.675 -6.325 0 19.675 -9.6 0 20.6
4 15 -7.35 0 18.9 -9.6 0 20.6 -9.6 0 18.2 -7.35 0 18.575
3 15 -7.35 0 18.575 -9.6 0 18.2 -7.325 0 18.375
3 15 -7.325 0 18.375 -9.6 0 18.2 -7.25 0 18.05
3 15 -9.6 0 18.2 -7.15 0 17.8 -7.25 0 18.05
4 15 -7.05 0 17.6 -7.15 0 17.8 -9.6 0 18.2 -7.05 0 17.45
3 15 -9.6 0 18.2 -7.1 0 17.325 -7.05 0 17.45
4 15 -7.175 0 17.075 -7.1 0 17.325 -9.6 0 18.2 -9.6 0 15.8
3 15 -7.175 0 17.075 -9.6 0 15.8 -7.15 0 15.775
3 15 -9.6 0 15.8 -7.05 0 15.5 -7.15 0 15.775
4 15 -6.85 0 15.1 -7.05 0 15.5 -9.6 0 15.8 -9.6 0 13.4
4 15 -6.725 0 14.325 -6.85 0 15.1 -9.6 0 13.4 -6.975 0 13.8
4 15 -7.15 0 13.45 -6.975 0 13.8 -9.6 0 13.4 -7.35 0 13.25
4 15 -7.35 0 12.875 -7.35 0 13.25 -9.6 0 13.4 -8.35 0 12.05
3 15 -7.35 0 12.875 -8.35 0 12.05 -8.175 0 12.05
4 15 -7.35 0 12.875 -8.175 0 12.05 -8.04099 0 11.967 -6.625 0 12.25
4 15 -6.625 0 12.25 -8.04099 0 11.967 -5.66599 0 9.81701 -4.925 0 10.725
4 15 -4.925 0 10.725 -5.66599 0 9.81701 -5.44099 0 9.81701 -5.26599 0 9.86701
4 15 -4.65 0 10.75 -4.925 0 10.725 -5.26599 0 9.86701 -4.41599 0 9.86701
4 15 -4.2 0 10.85 -4.65 0 10.75 -4.41599 0 9.86701 -3.51599 0 9.86701
4 15 -2.725 0 10.875 -4.2 0 10.85 -3.51599 0 9.86701 -2.65 0 10.45
4 15 -2.65 0 10.45 -3.51599 0 9.86701 -3.49099 0 9.59201 -2.625 0 8.325
3 15 -9.6 0 13.4 -8.525 0 11.925 -8.35 0 12.05
4 15 -8.59099 0 11.767 -8.525 0 11.925 -9.6 0 13.4 -9.6 0 11
3 15 -8.59099 0 11.767 -9.6 0 11 -8.59099 0 11.617
4 15 -6.91599 0 10.092 -8.59099 0 11.617 -9.6 0 11 -9.6 0 8.6
4 15 -6.575 0 13.1 -6.275 0 12.725 -6.1 0 12.95 -6.575 0 13.35
4 15 -6.575 0 13.35 -6.1 0 12.95 -5.725 0 13.7 -6.35 0 13.8
3 15 -6.075 0 14.15 -6.35 0 13.8 -5.725 0 13.7
3 15 -6.85 0 15.1 -6.725 0 14.325 -6.525 0 14.625
4 15 -6.91599 0 10.092 -8.175 0 8.45 -7.825 0 8.475 -6.6 0 9.05
4 15 -6.26599 0 9.44201 -6.91599 0 10.092 -6.6 0 9.05 -6.475 0 9.05
4 15 -5.89099 0 9.14201 -6.26599 0 9.44201 -6.475 0 9.05 -6.325 0 8.925
4 15 -5.89099 0 9.14201 -6.325 0 8.925 -6.125 0 8.75 -5.8 0 8.625
4 15 -5.54099 0 9.11701 -5.89099 0 9.14201 -5.8 0 8.625 -5.225 0 8.6
4 15 -5.09099 0 9.21701 -5.54099 0 9.11701 -5.225 0 8.6 -4.44099 0 9.21701
4 15 -4.09099 0 9.19201 -4.44099 0 9.21701 -5.225 0 8.6 -5.325 0 8.4
4 15 -4.09099 0 7.84201 -4.09099 0 9.19201 -5.325 0 8.4 -5.5 0 7.975
4 15 -3.96599 0 7.34201 -4.09099 0 7.84201 -5.5 0 7.975 -4.675 0 7.4
3 15 -6.7 0 8.85 -7.825 0 8.475 -6.85 0 8.475
3 15 -6.6 0 9.05 -7.825 0 8.475 -6.7 0 8.85
3 15 -6.91599 0 10.092 -9.6 0 8.6 -8.175 0 8.45
4 15 -8.225 0 8.05 -8.175 0 8.45 -9.6 0 8.6 -8.3 0 7.7
4 15 -8.375 0 7.425 -8.3 0 7.7 -9.6 0 8.6 -9.6 0 6.2
4 15 -7.975 0 7.175 -8.375 0 7.425 -9.6 0 6.2 -7.95 0 5.7
4 15 -7.7 0 7.075 -7.975 0 7.175 -7.95 0 5.7 -7.6 0 5.825
4 15 -7.7 0 7.075 -7.6 0 5.825 -7.325 0 6.625 -7.375 0 7
4 15 -7.325 0 6.15 -7.325 0 6.625 -7.6 0 5.825 -7.375 0 5.925
3 15 -9.6 0 6.2 -8.2 0 5.575 -7.95 0 5.7
3 15 -9.6 0 6.2 -8.4 0 5.45 -8.2 0 5.575
3 15 -9.6 0 6.2 -8.5 0 5.375 -8.4 0 5.45
4 15 -8.5 0 5.175 -8.5 0 5.375 -9.6 0 6.2 -9.6 0 3.8
3 15 -8.5 0 5.175 -9.6 0 3.8 -8.425 0 4.9
3 15 -8.425 0 4.9 -9.6 0 3.8 -8.325 0 4.575
4 15 -8.175 0 4.4 -8.325 0 4.575 -9.6 0 3.8 -7.825 0 2.625
4 15 -8.175 0 4.4 -7.825 0 2.625 -7.475 0 2.95 -7.95 0 4.375
4 15 -7.95 0 4.375 -7.475 0 2.95 -7.2 0 3.175 -7.225 0 4.4
4 15 -7.225 0 4.4 -7.2 0 3.175 -7 0 3.4 -7.075 0 4.175
4 15 -6.975 0 3.875 -7.075 0 4.175 -7 0 3.4 -6.975 0 3.55
4 15 -7.825 0 2.625 -9.6 0 3.8 -9.6 0 1.4 -7.3 0 1.725
4 15 -6.15 0 0.175 -7.3 0 1.725 -9.6 0 1.4 -9.6 0 -1
4 15 -5.65 0 -0.35 -6.15 0 0.175 -9.6 0 -1 -4.95451 0 -3.03288
4 15 -4.95451 0 -3.03288 -9.6 0 -1 -9.6 0 -3.4 -5.00779 0 -3.23973
4 15 -7.3 0 1.725 -6.15 0 0.175 -6.1 0 0.4 -6.875 0 1.775
4 15 -6.875 0 1.775 -6.1 0 0.4 -6 0 0.65 -6.525 0 1.875
4 15 -6.525 0 1.875 -6 0 0.65 -5.825 0 0.925 -6.2 0 1.975
4 15 -6.2 0 1.975 -5.825 0 0.925 -5.8 0 1.55 -6.1 0 1.975
4 15 -5.725 0 1.4 -5.8 0 1.55 -5.825 0 0.925 -5.725 0 1.15
4 15 -3.7 0 -0.35 -4.45 0 0.15 -4.725 0 -0.1 -3.75 0 -0.625
4 15 -3.75 0 -0.625 -4.725 0 -0.1 -4.975 0 -0.3 -3.8 0 -0.925
4 15 -3.8 0 -0.925 -4.975 0 -0.3 -5.2 0 -0.45 -3.875 0 -1.2
4 15 -3.875 0 -1.2 -5.2 0 -0.45 -5.4 0 -0.45 -3.9 0 -1.4
4 15 -3.9 0 -1.4 -5.4 0 -0.45 -4.69641 0 -2.71426 -4.39738 0 -2.67948
4 15 -3.8 0 -1.6 -3.9 0 -1.4 -4.39738 0 -2.67948 -4.19053 0 -2.68276
4 15 -3.4 0 -1.775 -3.8 0 -1.6 -4.19053 0 -2.68276 -3.97387 0 -2.7549
4 15 -5.65 0 -0.35 -4.95451 0 -3.03288 -4.69641 0 -2.71426 -5.4 0 -0.45
4 15 -3.4 0 -1.775 -3.97387 0 -2.7549 -3.71992 0 -2.87168 -3.50693 0 -2.95977
4 15 -3.4 0 -1.775 -3.50693 0 -2.95977 -3.22386 0 -2.87132 -2.97808 0 -2.73823
4 15 -2.85 0 -1.925 -3.4 0 -1.775 -2.97808 0 -2.73823 -2.77325 0 -2.57646
3 15 -2.85 0 -1.925 -2.77325 0 -2.57646 -2.67081 0 -2.34299
4 15 -2.85 0 -1.925 -2.67081 0 -2.34299 -2.53356 0 -2.10339 -2.7 0 -1.775
4 15 -2.7 0 -1.775 -2.53356 0 -2.10339 -2.27545 0 -1.73477 -2.525 0 -1.55
4 15 -2.525 0 -1.55 -2.27545 0 -1.73477 -2.13043 0 -1.65414 -2.325 0 -1.225
4 15 -2.2 0 -1.05 -2.325 0 -1.225 -2.13043 0 -1.65414 -1.70324 0 -1.6636
4 15 -1.75 0 -1.05 -2.2 0 -1.05 -1.70324 0 -1.6636 -1.625 0 -1.075
4 15 -1.4 0 -1.175 -1.625 0 -1.075 -1.70324 0 -1.6636 -1.49393 0 -1.74265
4 15 -1.275 0 -1.35 -1.4 0 -1.175 -1.49393 0 -1.74265 -1.2 0 -1.575
4 15 -1.2 0 -1.575 -1.49393 0 -1.74265 -1.42886 0 -2.04988 -1.1 0 -2
4 15 -1.1 0 -2.2 -1.1 0 -2 -1.42886 0 -2.04988 -1.37728 0 -2.4042
4 15 -1 0 -2.325 -1.1 0 -2.2 -1.37728 0 -2.4042 -1.37732 0 -2.70936
4 15 -0.85 0 -2.425 -1 0 -2.325 -1.37732 0 -2.70936 -1.36012 0 -2.95555
4 15 -0.85 0 -2.425 -1.36012 0 -2.95555 -1.14596 0 -3.25708 -0.325 0 -2.5
4 15 -0.325 0 -2.5 -1.14596 0 -3.25708 -0.79091 0 -3.60821 -0.025 0 -2.5
4 15 -0.025 0 -2.5 -0.79091 0 -3.60821 -0.34846 0 -3.62789 2.18401 0 -2.43299
3 15 -5.00779 0 -3.23973 -9.6 0 -3.4 -4.94228 0 -3.40768
4 15 -4.8829 0 -3.54081 -4.94228 0 -3.40768 -9.6 0 -3.4 -4.57185 0 -5.40666
4 15 -4.57185 0 -5.40666 -9.6 0 -3.4 -9.6 0 -5.8 -4.68863 0 -5.6606
3 15 -4.68863 0 -5.6606 -9.6 0 -5.8 -4.73577 0 -5.90227
3 15 -9.6 0 -5.8 -4.66004 0 -6.22997 -4.73577 0 -5.90227
4 15 -4.72727 0 -3.71082 -4.8829 0 -3.54081 -4.57185 0 -5.40666 -4.22771 0 -4.91516
3 15 -4.72727 0 -3.71082 -4.22771 0 -4.91516 -4.55116 0 -3.89518
4 15 -4.35458 0 -4.09387 -4.55116 0 -3.89518 -4.22771 0 -4.91516 -4.16829 0 -4.74313
4 15 -4.35458 0 -4.09387 -4.16829 0 -4.74313 -4.14983 0 -4.54242 -4.21942 0 -4.24954
4 15 -4.44297 0 -6.443 -4.66004 0 -6.22997 -9.6 0 -5.8 -3.1 0 -8.975
3 15 -4.44297 0 -6.443 -3.1 0 -8.975 -4.2566 0 -6.48194
3 15 -4.01287 0 -6.43897 -4.2566 0 -6.48194 -3.1 0 -8.975
3 15 -3.74047 0 -6.35503 -4.01287 0 -6.43897 -3.1 0 -8.975
4 15 -3.466 0 -6.18098 -3.74047 0 -6.35503 -3.1 0 -8.975 -3.19359 0 -6.09705
4 15 -2.93759 0 -6.12371 -3.19359 0 -6.09705 -3.1 0 -8.975 -2.57919 0 -6.22207
4 15 -2.35392 0 -6.3798 -2.57919 0 -6.22207 -3.1 0 -8.975 -2.24539 0 -6.48632
4 15 -2.06314 0 -6.70549 -2.24539 0 -6.48632 -3.1 0 -8.975 -1.90137 0 -6.91032
3 15 -1.90137 0 -6.91032 -3.1 0 -8.975 -1.66544 0 -7.08853
4 15 -1.57539 0 -7.13651 -1.66544 0 -7.08853 -3.1 0 -8.975 0.025 0 -9.05
3 15 -1.23251 0 -6.99192 -1.57539 0 -7.13651 0.025 0 -9.05
4 15 -1.04202 0 -6.87563 -1.23251 0 -6.99192 0.025 0 -9.05 0.775 0 -6.2
3 15 -9.6 0 -5.8 0 0 -15.6 -3.1 0 -8.975
3 15 -3.1 0 -8.975 0 0 -15.6 0.025 0 -9.05
4 15 0.025 0 -9.05 0 0 -15.6 2.6 0 -8.475 0.775 0 -6.2
4 15 9.6 0 -5.8 6.53401 0 -5.60799 5.53401 0 -6.40799 0 0 -15.6
4 15 2.6 0 -8.475 0 0 -15.6 5.53401 0 -6.40799 3.425 0 -6.55
4 15 0.775 0 -6.2 2.6 0 -8.475 3.425 0 -6.55 2.83401 0 -4.73299
4 15 0.36413 0 -4.59016 0.775 0 -6.2 2.83401 0 -4.73299 2.65901 0 -4.53299
4 15 0.47885 0 -4.42633 0.36413 0 -4.59016 2.65901 0 -4.53299 2.50901 0 -4.25799
4 15 0.41337 0 -3.95321 0.47885 0 -4.42633 2.50901 0 -4.25799 2.35901 0 -3.93299
4 15 0.23726 0 -3.76886 0.41337 0 -3.95321 2.35901 0 -3.93299 2.25901 0 -3.55799
4 15 -0.03102 0 -3.67256 0.23726 0 -3.76886 2.25901 0 -3.55799 2.20901 0 -2.85799
4 15 -0.34846 0 -3.62789 -0.03102 0 -3.67256 2.20901 0 -2.85799 2.18401 0 -2.43299
3 15 0.36413 0 -4.59016 0.15316 0 -4.71711 0.775 0 -6.2
3 15 0.15316 0 -4.71711 -0.21756 0 -4.85428 0.775 0 -6.2
4 15 0.775 0 -6.2 -0.21756 0 -4.85428 -0.7063 0 -5.02789 -0.875 0 -5.225
4 15 0.775 0 -6.2 -0.875 0 -5.225 -1 0 -5.425 -1.06148 0 -5.66725
3 15 -1.06148 0 -5.66725 -1.05417 0 -5.9155 0.775 0 -6.2
3 15 -1.05417 0 -5.9155 -1.04891 0 -6.25386 0.775 0 -6.2
4 15 0.775 0 -6.2 -1.04891 0 -6.25386 -1.04895 0 -6.55903 -1.04202 0 -6.87563
4 15 0.325 0 -1.675 -0.025 0 -2.5 2.18401 0 -2.43299 2.15901 0 -0.93299
3 15 2.15901 0 -0.93299 1.33401 0 -1.00799 0.325 0 -1.675
4 15 0.325 0 -1.675 1.33401 0 -1.00799 0.15901 0 -1.10799 0.125 0 -1.625
4 15 -0.2 0 -1.625 0.125 0 -1.625 0.15901 0 -1.10799 -0.3 0 -1.475
4 15 -0.375 0 -1.25 -0.3 0 -1.475 0.15901 0 -1.10799 -0.09099 0 -0.73299
4 15 -0.675 0 -0.475 -0.375 0 -1.25 -0.09099 0 -0.73299 -0.29099 0 -0.15799
4 15 -0.925 0 0.125 -0.675 0 -0.475 -0.29099 0 -0.15799 -0.31599 0 0.14201
3 15 5.05901 0 -5.90799 3.425 0 -6.55 5.53401 0 -6.40799
4 15 3.425 0 -6.55 5.05901 0 -5.90799 4.53401 0 -5.33299 3.88401 0 -5.33299
3 15 3.58401 0 -5.23299 3.425 0 -6.55 3.88401 0 -5.33299
3 15 3.28401 0 -5.05799 3.425 0 -6.55 3.58401 0 -5.23299
3 15 3.03401 0 -4.90799 3.425 0 -6.55 3.28401 0 -5.05799
3 15 2.83401 0 -4.73299 3.425 0 -6.55 3.03401 0 -4.90799
3 15 5.60901 0 -4.95799 5.60901 0 -5.93299 5.75901 0 -5.10799
4 15 6.15901 0 -5.38299 5.75901 0 -5.10799 5.60901 0 -5.93299 5.53401 0 -6.40799
3 15 6.15901 0 -5.38299 5.53401 0 -6.40799 6.53401 0 -5.60799
4 15 6.63401 0 -5.35799 6.53401 0 -5.60799 9.6 0 -5.8 9.6 0 -3.4
3 15 9.6 0 -3.4 6.50901 0 -5.08299 6.63401 0 -5.35799
4 15 6.35901 0 -4.75799 6.50901 0 -5.08299 9.6 0 -3.4 6.25901 0 -4.50799
4 15 6.20901 0 -4.35799 6.25901 0 -4.50799 9.6 0 -3.4 6.20901 0 -4.15799
4 15 6.23401 0 -4.00799 6.20901 0 -4.15799 9.6 0 -3.4 6.40901 0 -3.58299
3 15 6.40901 0 -2.78299 6.40901 0 -3.58299 9.6 0 -3.4
4 15 6.20901 0 -2.23299 6.40901 0 -2.78299 9.6 0 -3.4 9.6 0 -1
3 15 9.6 0 -1 6.00901 0 -1.83299 6.20901 0 -2.23299
4 15 5.75901 0 -1.43299 6.00901 0 -1.83299 9.6 0 -1 5.75901 0 -1.20799
3 15 6.15901 0 -0.50799 5.75901 0 -1.20799 9.6 0 -1
4 15 6.33401 0 -0.15799 6.15901 0 -0.50799 9.6 0 -1 6.55901 0 0.11701
4 15 6.58401 0 0.29201 6.55901 0 0.11701 9.6 0 -1 7.7 0 1.325
4 15 7.7 0 1.325 9.6 0 -1 9.6 0 1.4 7.7 0 1.725
4 15 7.925 0 3.55 7.7 0 1.725 9.6 0 1.4 8.1 0 3.65
4 15 8.1 0 3.65 9.6 0 1.4 9.6 0 3.8 8.225 0 3.875
3 15 8.3 0 4.15 8.225 0 3.875 9.6 0 3.8
4 15 8.275 0 4.525 8.3 0 4.15 9.6 0 3.8 9.6 0 6.2
3 15 9.6 0 6.2 8.075 0 4.725 8.275 0 4.525
4 15 7.775 0 4.85 8.075 0 4.725 9.6 0 6.2 7.425 0 5
4 15 6.58401 0 0.29201 7.7 0 1.325 7.175 0 1.325 5.80901 0 1.04201
4 15 5.80901 0 1.04201 7.175 0 1.325 4.9 0 3.45 4.13401 0 2.51701
4 15 4.13401 0 2.51701 4.9 0 3.45 3.75 0 3.45 3.83401 0 2.54201
4 15 3.83401 0 2.54201 3.75 0 3.45 3.45 0 3.375 3.38401 0 2.44201
4 15 3.38401 0 2.44201 3.45 0 3.375 2.775 0 3.35 1.85901 0 2.44201
4 15 1.85901 0 2.44201 2.775 0 3.35 2.65 0 3.525 1.78401 0 2.84201
4 15 1.78401 0 2.84201 2.65 0 3.525 2.6 0 3.7 1.80901 0 4.96701
4 15 5.03401 0 -0.13299 5.05901 0 -0.68299 5.35901 0 -0.68299 5.73401 0 -0.03299
4 15 5.25901 0 0.41701 5.03401 0 -0.13299 5.73401 0 -0.03299 5.73401 0 0.19201
3 15 5.25901 0 0.41701 5.73401 0 0.19201 5.43401 0 0.41701
4 15 4.25901 0 0.01701 4.575 0 -0.05 4.6 0 0.225 3.53401 0 0.49201
4 15 3.53401 0 0.49201 4.6 0 0.225 4.85 0 0.725 4.88401 0 0.91701
4 15 3.53401 0 0.49201 4.88401 0 0.91701 3.95901 0 1.79201 3.35901 0 1.79201
4 15 2.18401 0 1.21701 3.53401 0 0.49201 3.35901 0 1.79201 3.05901 0 1.79201
4 15 2.18401 0 1.21701 3.05901 0 1.79201 1.28401 0 1.76701 0.675 0 1.275
3 15 0.675 0 1.275 2.10901 0 0.79201 2.18401 0 1.21701
4 15 2.08401 0 0.16701 2.10901 0 0.79201 0.675 0 1.275 0.6 0 1.175
4 15 -0.01599 0 0.16701 2.08401 0 0.16701 0.6 0 1.175 0.5 0 1.175
4 15 -0.01599 0 0.16701 0.5 0 1.175 -0.025 0 1.175 -0.31599 0 0.14201
4 15 -0.31599 0 0.14201 -0.025 0 1.175 -0.75 0 1.2 -0.925 0 0.125
3 15 -0.75 0 1.2 -1.075 0 0.25 -0.925 0 0.125
4 15 -1.825 0 0.425 -1.375 0 1.325 -2.1 0 1.575 -2.35 0 0.625
4 15 -2.825 0 0.85 -2.35 0 0.625 -2.1 0 1.575 -2.725 0 1.9
4 15 0.675 0 1.375 0.675 0 1.275 1.28401 0 1.76701 1.18401 0 2.04201
4 15 0.675 0 3.275 0.675 0 1.375 1.18401 0 2.04201 1.13401 0 3.14201
4 15 0.55 0 3.775 0.675 0 3.275 1.13401 0 3.14201 1.15901 0 4.09201
4 15 0.55 0 3.775 1.15901 0 4.09201 1.08401 0 4.34201 0.18401 0 4.34201
3 15 0.18401 0 4.34201 -0.24099 0 4.26701 0.55 0 3.775
4 15 0.55 0 3.775 -0.24099 0 4.26701 -0.96599 0 4.29201 -1.875 0 3.775
3 15 -0.96599 0 4.29201 -1.24099 0 4.29201 -1.875 0 3.775
3 15 -1.34099 0 4.36701 -1.875 0 3.775 -1.24099 0 4.29201
4 15 -1.875 0 3.775 -1.34099 0 4.36701 -1.41599 0 4.74201 -1.9 0 5.875
4 15 1.80901 0 4.96701 2.6 0 3.7 2.575 0 5.7 2.525 0 5.9
4 15 1.80901 0 4.96701 2.525 0 5.9 2.375 0 6.025 1.9 0 6.05
4 15 1.80901 0 4.96701 1.9 0 6.05 1.25 0 5.925 0.15901 0 4.99201
4 15 0.15901 0 4.99201 1.25 0 5.925 0.075 0 5.95 -0.24099 0 4.94201
4 15 -0.59099 0 4.96701 -0.24099 0 4.94201 0.075 0 5.95 -0.86599 0 5.06701
4 15 -0.86599 0 5.79201 -0.86599 0 5.06701 0.075 0 5.95 0.025 0 6.2
4 15 -1.375 0 1.325 -1.825 0 0.425 -1.475 0 0.325 -0.75 0 1.2
3 15 -0.75 0 1.2 -1.475 0 0.325 -1.075 0 0.25
3 0x296CA3C 3.725 0 12.275 2.15 0 11.4 2.7 0 11.175
4 288 6.20901 0 -4.35799 6.20901 0 -4.15799 5.125 0 -4.15 4.98401 0 -4.25799
4 15 -3.375 0 1.175 -2.825 0 0.85 -2.725 0 1.9 -3.85 0 1.575
4 15 -3.85 0 1.575 -2.725 0 1.9 -3.325 0 2.35 -4.175 0 1.9
4 15 -4.175 0 1.9 -3.325 0 2.35 -3.95 0 3.075 -4.575 0 2.325
4 15 -4.95 0 2.875 -4.575 0 2.325 -3.95 0 3.075 -4.275 0 3.625
4 15 -5.25 0 3.375 -4.95 0 2.875 -4.275 0 3.625 -4.625 0 4.275
4 15 -5.45 0 3.825 -5.25 0 3.375 -4.625 0 4.275 -5.65 0 4.325
4 15 -5.65 0 4.325 -4.625 0 4.275 -4.775 0 4.9 -5.75 0 4.725
4 15 -5.75 0 4.725 -4.775 0 4.9 -4.85 0 5.325 -5.8 0 5.1
4 15 -5.825 0 5.3 -5.8 0 5.1 -4.85 0 5.325 -4.9 0 5.85
4 15 -5.85 0 5.975 -5.825 0 5.3 -4.9 0 5.85 -4.9 0 6.3
4 15 -5.825 0 6.75 -5.85 0 5.975 -4.9 0 6.3 -4.775 0 6.95
4 15 -5.75 0 7.15 -5.825 0 6.75 -4.775 0 6.95 -4.675 0 7.4
4 15 -4.675 0 7.4 -5.5 0 7.975 -5.65 0 7.55 -5.75 0 7.15
4 15 -3.96599 0 7.34201 -4.675 0 7.4 -4.5 0 7.075 -3.96599 0 6.76701
4 15 -3.96599 0 6.76701 -4.5 0 7.075 -4.5 0 6.325 -3.86599 0 6.64201
4 15 -3.86599 0 6.64201 -4.5 0 6.325 -4.425 0 6.175 -4.25 0 6.1
4 15 -3.86599 0 6.64201 -4.25 0 6.1 -3.8 0 6.175 -2.625 0 6.65
4 15 -2.625 0 6.65 -3.8 0 6.175 -1.95 0 6.175 -2.36599 0 6.69201
4 15 -1.56599 0 6.69201 -2.36599 0 6.69201 -1.95 0 6.175 -1.49099 0 6.59201
4 15 -1.49099 0 6.59201 -1.95 0 6.175 -1.9 0 5.875 -1.41599 0 4.74201
3 15 -3.49099 0 9.59201 -3.39099 0 8.36701 -2.625 0 8.325
4 15 -2.625 0 8.325 -3.39099 0 8.36701 -3.36599 0 7.44201 -3.29099 0 7.26701
4 15 -2.625 0 8.325 -3.29099 0 7.26701 -2.36599 0 7.26701 -1.76599 0 7.39201
4 15 -0.975 0 8.3 -2.625 0 8.325 -1.76599 0 7.39201 -1.01599 0 7.39201
4 15 -0.575 0 8.35 -0.975 0 8.3 -1.01599 0 7.39201 -0.89099 0 7.21701
4 15 -0.1 0 8.35 -0.575 0 8.35 -0.89099 0 7.21701 -0.05 0 8.15
4 15 -0.025 0 7.5 -0.05 0 8.15 -0.89099 0 7.21701 -0.86599 0 5.79201
3 15 -0.025 0 7.5 -0.86599 0 5.79201 0.025 0 6.2
3 15 7.925 0 3.55 7.7 0 3.475 7.7 0 1.725
3 15 7.7 0 3.475 7.425 0 3.475 7.7 0 1.725
4 15 7.7 0 1.725 7.425 0 3.475 7.25 0 3.525 7.05 0 3.525
4 15 7.7 0 1.725 7.05 0 3.525 6.6 0 3.375 6.1 0 3.2
4 15 6.1 0 3.2 6.6 0 3.375 6.4 0 3.5 5.45 0 3.85
4 15 5.45 0 3.85 6.4 0 3.5 5.65 0 4.225 5.075 0 4.15
4 15 5.075 0 4.15 5.65 0 4.225 5.65 0 4.525 4.525 0 4.65
4 15 4.725 0 4.175 5.075 0 4.15 4.525 0 4.65 4.3 0 4.6
4 15 4.275 0 4.075 4.725 0 4.175 4.3 0 4.6 3.725 0 4.6
4 15 3.625 0 4.075 4.275 0 4.075 3.725 0 4.6 3.25 0 4.1
4 15 3.25 0 4.1 3.725 0 4.6 3.7 0 4.9 3.175 0 5.125
4 15 3.175 0 5.125 3.7 0 4.9 3.675 0 5.5 3.175 0 6.225
4 15 3.175 0 6.225 3.675 0 5.5 3.625 0 6.2 3.15 0 6.525
4 15 3.15 0 6.525 3.625 0 6.2 3.6 0 7.175 3.075 0 6.675
4 15 3.075 0 6.675 3.6 0 7.175 2.725 0 7.175 2.45 0 6.625
4 15 2.45 0 6.625 2.725 0 7.175 2.3 0 7.1 0.75 0 6.6
4 15 0.75 0 6.6 2.3 0 7.1 1.15 0 7.075 0.675 0 6.7
4 15 0.675 0 6.7 1.15 0 7.075 1.15 0 7.375 1.125 0 8.05
4 15 0.6 0 8.55 0.675 0 6.7 1.125 0 8.05 1.05 0 8.475
4 15 0.6 0 8.55 1.05 0 8.475 0.975 0 9.05 0.525 0 8.925
4 15 0.525 0 8.925 0.975 0 9.05 0.975 0 9.45 0.425 0 9.05
4 15 0.425 0 9.05 0.975 0 9.45 0.775 0 9.55 0.3 0 9.55
4 15 0.15 0 9 0.425 0 9.05 0.3 0 9.55 -0.025 0 9.5
3 15 -0.025 0 9.5 -0.575 0 9.025 0.15 0 9
4 15 -1 0 8.95 -0.575 0 9.025 -0.025 0 9.5 -1.5 0 9.475
4 15 -1.9 0 8.95 -1 0 8.95 -1.5 0 9.475 -1.975 0 9.2
4 15 4.525 0 4.65 5.65 0 4.525 5.7 0 4.725 4.575 0 4.9
4 15 4.575 0 4.9 5.7 0 4.725 5.8 0 5.025 4.6 0 5.2
4 15 4.6 0 5.2 5.8 0 5.025 5.825 0 5.4 4.625 0 5.5
4 15 4.625 0 5.5 5.825 0 5.4 5.85 0 5.85 4.625 0 6.6
4 15 4.625 0 6.6 5.85 0 5.85 5.85 0 6.625 5.775 0 7.075
4 15 4.525 0 7.175 4.625 0 6.6 5.775 0 7.075 5.625 0 7.625
4 15 4.35 0 7.675 4.525 0 7.175 5.625 0 7.625 5.4 0 8.225
4 15 4.125 0 8.2 4.35 0 7.675 5.4 0 8.225 5.175 0 8.725
4 15 3.8 0 8.7 4.125 0 8.2 5.175 0 8.725 4.875 0 9.225
4 15 3.375 0 9.225 3.8 0 8.7 4.875 0 9.225 4.45 0 9.8
4 15 2.95 0 9.625 3.375 0 9.225 4.45 0 9.8 4 0 10.275
4 15 2.5 0 9.975 2.95 0 9.625 4 0 10.275 3.575 0 10.625
4 15 2.025 0 10.25 2.5 0 9.975 3.575 0 10.625 3.175 0 10.9
4 15 1.525 0 10.475 2.025 0 10.25 3.175 0 10.9 2.7 0 11.175
4 15 1.525 0 10.475 2.7 0 11.175 2.15 0 11.4 0.975 0 10.65
4 15 0.975 0 10.65 2.15 0 11.4 1.775 0 11.55 1.35 0 11.675
4 15 0.525 0 10.725 0.975 0 10.65 1.35 0 11.675 0.95 0 11.75
4 15 0.525 0 10.725 0.95 0 11.75 0.225 0 11.85 -0.8 0 10.725
4 15 -0.8 0 10.725 0.225 0 11.85 -0.425 0 11.85 -0.675 0 11.825
4 15 -0.8 0 10.725 -0.675 0 11.825 -1.025 0 11.725 -1.075 0 10.65
4 15 -1.075 0 10.65 -1.025 0 11.725 -1.55 0 11.725 -1.325 0 10.55
4 15 -1.325 0 10.55 -1.55 0 11.725 -2.05 0 11.25 -1.5 0 10.375
4 15 -1.5 0 10.375 -2.05 0 11.25 -2.05 0 10.15 -1.5 0 9.475
3 15 -2.05 0 10.15 -1.975 0 9.2 -1.5 0 9.475
4 15 -4.35 0 12.8 -5.25 0 13.325 -5.775 0 12.375 -4.75 0 11.45
4 15 -4.35 0 12.8 -4.75 0 11.45 -4.15 0 11.45 -3.875 0 11.525
4 15 -3 0 12.075 -4.35 0 12.8 -3.875 0 11.525 -2.1 0 11.525
4 15 -3 0 12.075 -2.1 0 11.525 -1.7 0 12.05 -2.925 0 12.5
4 15 -2.925 0 12.5 -1.7 0 12.05 -1.7 0 12.575 -2.9 0 13.125
4 15 -2.1 0 11.525 -2.05 0 11.25 -1.55 0 11.725 -1.7 0 12.05
4 15 -2.9 0 13.125 -1.7 0 12.575 -1.575 0 12.625 -0.8 0 13.125
3 15 -0.8 0 13.125 -1.575 0 12.625 -1.3 0 12.65
4 15 -0.8 0 13.125 -1.3 0 12.65 -0.2 0 12.65 -0.525 0 13.175
4 15 -0.525 0 13.175 -0.2 0 12.65 -0.05 0 12.675 0.225 0 12.725
3 15 -0.525 0 13.175 0.225 0 12.725 0.125 0 13
4 15 -0.525 0 13.175 0.125 0 13 -0.175 0 13.925 -0.55 0 13.45
4 15 -0.625 0 13.7 -0.55 0 13.45 -0.175 0 13.925 -0.2 0 14.1
4 15 -0.9 0 14.3 -0.625 0 13.7 -0.2 0 14.1 -0.15 0 14.25
4 15 -0.9 0 14.3 -0.15 0 14.25 0 0 14.4 0.05 0 15.725
4 15 0.05 0 15.725 0 0 14.4 0.175 0 14.5 0.275 0 15.675
4 15 0.275 0 15.675 0.175 0 14.5 0.575 0 14.5 0.525 0 15.625
4 15 0.8 0 15.575 0.525 0 15.625 0.575 0 14.5 0.8 0 14.45
4 15 1 0 15.525 0.8 0 15.575 0.8 0 14.45 1.225 0 15.325
4 15 1.325 0 15.15 1.225 0 15.325 0.8 0 14.45 0.975 0 14.3
4 15 1.375 0 14.975 1.325 0 15.15 0.975 0 14.3 1.375 0 14.375
4 15 1.375 0 14.375 0.975 0 14.3 1.075 0 14.1 1.425 0 14.1
4 15 1.425 0 14.1 1.075 0 14.1 1.1 0 13.9 1.525 0 13.875
4 15 1.525 0 13.875 1.1 0 13.9 1.15 0 13.35 1.275 0 13.2
4 15 1.775 0 13.65 1.525 0 13.875 1.275 0 13.2 1.55 0 13.075
4 15 1.775 0 13.65 1.55 0 13.075 1.85 0 13 2.075 0 13.6
4 15 2.075 0 13.6 1.85 0 13 2.025 0 12.95 2.15 0 13
4 15 2.075 0 13.6 2.15 0 13 2.35 0 13.2 2.25 0 13.675
4 15 2.25 0 13.675 2.35 0 13.2 2.75 0 13.7 2.425 0 13.85
4 15 2.425 0 13.85 2.75 0 13.7 3 0 13.875 2.6 0 14.075
4 15 7.25 0 5.15 7.425 0 5 9.6 0 6.2 7.275 0 5.75
4 15 7.45 0 6.075 7.275 0 5.75 9.6 0 6.2 7.925 0 6.25
3 15 8.425 0 6.475 7.925 0 6.25 9.6 0 6.2
4 15 8.425 0 7.15 8.425 0 6.475 9.6 0 6.2 9.6 0 8.6
3 15 9.6 0 8.6 8.325 0 7.4 8.425 0 7.15
3 15 9.6 0 8.6 8.175 0 7.475 8.325 0 7.4
4 15 7.5 0 7.5 8.175 0 7.475 9.6 0 8.6 7.3 0 8.9
3 15 7.6 0 9.15 7.3 0 8.9 9.6 0 8.6
3 15 7.75 0 9.35 7.6 0 9.15 9.6 0 8.6
3 15 7.75 0 9.55 7.75 0 9.35 9.6 0 8.6
3 15 7.45 0 6.075 7.325 0 5.925 7.275 0 5.75
4 15 6.975 0 8.25 7.025 0 7.7 7.5 0 7.5 7.3 0 8.9
3 15 7.3 0 8.9 6.975 0 8.6 6.975 0 8.25
4 15 7.2 0 10.3 7.75 0 9.55 9.6 0 8.6 9.6 0 11
3 15 6.2 0 11.8 7.2 0 10.3 9.6 0 11
4 15 7.075 0 10.225 7.2 0 10.3 6.2 0 11.8 5.875 0 11.175
4 15 6.75 0 10.125 7.075 0 10.225 5.875 0 11.175 5.6 0 10.7
4 15 6.375 0 10.025 6.75 0 10.125 5.6 0 10.7 6.1 0 10
4 15 5.375 0 12.5 6.2 0 11.8 9.6 0 11 9.6 0 13.4
4 15 4.875 0 14.775 5.375 0 12.5 9.6 0 13.4 5.075 0 15
4 15 5.15 0 15.225 5.075 0 15 9.6 0 13.4 9.6 0 15.8
4 15 5.375 0 12.5 4.875 0 14.775 4.7 0 14.65 4.85 0 12.125
4 15 4.85 0 12.125 4.7 0 14.65 4.425 0 14.675 4.575 0 11.925
4 15 4.575 0 11.925 4.425 0 14.675 4.175 0 14.75 3.8 0 13.225
4 15 4.3 0 11.925 4.575 0 11.925 3.8 0 13.225 3.725 0 12.75
4 15 3.975 0 12.05 4.3 0 11.925 3.725 0 12.75 3.725 0 12.275
4 15 3.775 0 13.55 3.8 0 13.225 4.175 0 14.75 3.9 0 14.825
4 15 3.5 0 13.75 3.775 0 13.55 3.9 0 14.825 3.75 0 14.85
4 15 3.5 0 13.75 3.75 0 14.85 3.475 0 14.85 3.125 0 14.725
4 15 3.15 0 13.875 3.5 0 13.75 3.125 0 14.725 2.9 0 14.6
4 15 3 0 13.875 3.15 0 13.875 2.9 0 14.6 2.725 0 14.375
3 15 2.725 0 14.375 2.6 0 14.075 3 0 13.875
4 15 9.6 0 18.2 9.6 0 20.6 7.2 0 20.6 6.3 0 16.725
4 15 9.6 0 15.8 9.6 0 18.2 6.3 0 16.725 5.15 0 15.225
3 15 6.3 0 16.725 4.975 0 15.55 5.15 0 15.225
3 15 6.3 0 16.725 4.8 0 15.8 4.975 0 15.55
3 15 6.3 0 16.725 4.575 0 16.025 4.8 0 15.8
4 15 4.4 0 16.175 4.575 0 16.025 6.3 0 16.725 4.4 0 16.925
4 15 4.625 0 17.325 4.4 0 16.925 6.3 0 16.725 4.85 0 17.65
3 15 4.95 0 17.875 4.85 0 17.65 6.3 0 16.725
4 15 4.95 0 18.075 4.95 0 17.875 6.3 0 16.725 7.2 0 20.6
4 15 4.8 0 20.6 4.625 0 18.425 4.95 0 18.075 7.2 0 20.6
3 15 4.8 0 20.6 4.375 0 18.475 4.625 0 18.425
3 15 4.8 0 20.6 4.1 0 18.4 4.375 0 18.475
3 15 4.8 0 20.6 3.8 0 18.275 4.1 0 18.4
4 15 3.5 0 18.15 3.8 0 18.275 4.8 0 20.6 2.4 0 20.6
4 15 2.975 0 18.15 3.5 0 18.15 2.4 0 20.6 2.6 0 18.225
3 15 2.4 0 20.6 2.5 0 18.425 2.6 0 18.225
3 15 2.4 0 20.6 2.325 0 18.675 2.5 0 18.425
3 15 2.4 0 20.6 2.1 0 18.95 2.325 0 18.675
3 15 2.4 0 20.6 1.85 0 19.15 2.1 0 18.95
4 15 1.625 0 19.15 1.85 0 19.15 2.4 0 20.6 0 0 20.6
3 15 0 0 20.6 1.2 0 18.925 1.625 0 19.15
4 15 1.15 0 18.7 1.2 0 18.925 0 0 20.6 -0.1 0 18.575
4 15 -0.1 0 18.575 0 0 20.6 -2.4 0 20.6 -2.325 0 18.4
4 15 -0.1 0 18.575 -2.325 0 18.4 -3.175 0 17.225 -0.075 0 16.75
4 15 -0.1 0 18.575 -0.075 0 16.75 0.125 0 16.825 0.35 0 16.925
4 15 -0.1 0 18.575 0.35 0 16.925 0.625 0 16.975 0.85 0 17.025
4 15 -0.1 0 18.575 0.85 0 17.025 1.025 0 17.225 1.15 0 17.475
4 15 -0.1 0 18.575 1.15 0 17.475 1.225 0 17.725 1.175 0 17.975
3 15 -0.1 0 18.575 1.175 0 17.975 1.15 0 18.25
3 15 1.15 0 18.7 -0.1 0 18.575 1.15 0 18.25
4 15 -0.075 0 16.75 -3.175 0 17.225 -3.075 0 16.85 -0.3 0 16.55
4 15 -0.3 0 16.55 -3.075 0 16.85 -3.075 0 16.025 -0.3 0 16.1
4 15 -0.3 0 16.1 -3.075 0 16.025 -3 0 15.725 -0.225 0 15.9
4 15 -0.225 0 15.9 -3 0 15.725 -2.975 0 14.225 -2.15 0 14.3
4 15 -0.225 0 15.9 -2.15 0 14.3 -0.9 0 14.3 -0.075 0 15.8
3 15 -0.075 0 15.8 -0.9 0 14.3 0.05 0 15.725
3 15 -2.325 0 18.4 -3.325 0 17.55 -3.175 0 17.225
3 15 -2.325 0 18.4 -3.475 0 17.825 -3.325 0 17.55
3 15 -2.325 0 18.4 -3.65 0 18.025 -3.475 0 17.825
4 15 -3.85 0 18.2 -3.65 0 18.025 -2.325 0 18.4 -3.7 0 19.45
4 15 -3.7 0 19.45 -2.325 0 18.4 -2.4 0 20.6 -4.8 0 20.6
4 15 -5.35 0 18.625 -3.7 0 19.45 -4.8 0 20.6 -5.875 0 19.2
3 15 -4.8 0 20.6 -6.325 0 19.675 -5.875 0 19.2
3 15 -4.8 0 20.6 -7.2 0 20.6 -6.325 0 19.675
3 15 -7.2 0 20.6 -9.6 0 20.6 -6.325 0 19.675
3 15 -3.7 0 19.45 -5.35 0 18.625 -4.7 0 18.625
3 15 -3.7 0 19.45 -4.7 0 18.625 -4.4 0 18.525
3 15 -3.7 0 19.45 -4.4 0 18.525 -4.1 0 18.35
3 15 -3.7 0 19.45 -4.1 0 18.35 -3.85 0 18.2
