0 Tile  3 x  2 with Angled End with Nexo Power Shield Pattern - Mechanical Griffin
0 Name: 22385p145.dat
0 Author: Johann Eisner [technicbasics]
0 !LDRAW_ORG Unofficial_Part
0 !LICENSE Redistributable under CCAL version 2.0 : see CAreadme.txt

0 BFC CERTIFY CCW

1 16 0 0 0 1 0 0 0 1 0 0 0 1 s\22385s01.dat
4 0x296CA3C 0 0 -19.6 -13.2 0 -5.8 -15.6 0 -7.1 0 0 -22.8
4 288 -9.6 0 -5.8 -12 0 -5.8 0 0 -19.6 0 0 -15.6
3 288 -12 0 -5.8 -13.2 0 -5.8 0 0 -19.6
3 0x296CA3C -15.6 0 26.4 -13.2 0 24.2 -9.6 0 24.2
3 0x296CA3C -15.6 0 26.4 -9.6 0 24.2 -7.2 0 24.2
4 0x296CA3C -15.6 0 26.4 -7.2 0 24.2 -4.8 0 24.2 0 0 26.4
3 0x296CA3C 0 0 26.4 -4.8 0 24.2 -2.4 0 24.2
3 0x296CA3C 0 0 26.4 -2.4 0 24.2 0 0 24.2
4 288 0 0 23 0 0 24.2 -2.4 0 24.2 -2.4 0 23
4 288 -2.4 0 23 -2.4 0 24.2 -4.8 0 24.2 -4.8 0 23
4 288 -4.8 0 23 -4.8 0 24.2 -7.2 0 24.2 -7.2 0 23
4 288 -7.2 0 23 -7.2 0 24.2 -9.6 0 24.2 -9.6 0 23
4 288 -12 0 23 -9.6 0 23 -9.6 0 24.2 -13.2 0 24.2
4 288 -12 0 23 -13.2 0 24.2 -13.2 0 20.6 -12 0 20.6
3 0x296CA3C -15.6 0 26.4 -13.2 0 20.6 -13.2 0 24.2
3 0x296CA3C -15.6 0 26.4 -13.2 0 18.2 -13.2 0 20.6
3 0x296CA3C -15.6 0 26.4 -13.2 0 15.8 -13.2 0 18.2
3 0x296CA3C -15.6 0 26.4 -13.2 0 13.4 -13.2 0 15.8
4 0x296CA3C -13.2 0 11 -13.2 0 13.4 -15.6 0 26.4 -15.6 0 -7.1
3 0x296CA3C -13.2 0 11 -15.6 0 -7.1 -13.2 0 8.6
3 0x296CA3C -13.2 0 8.6 -15.6 0 -7.1 -13.2 0 6.2
3 0x296CA3C -13.2 0 6.2 -15.6 0 -7.1 -13.2 0 3.8
3 0x296CA3C -13.2 0 3.8 -15.6 0 -7.1 -13.2 0 1.4
4 288 -12 0 1.4 -9.6 0 1.4 -9.6 0 3.8 -12 0 3.8
4 288 -13.2 0 1.4 -12 0 1.4 -12 0 3.8 -13.2 0 3.8
4 288 -13.2 0 6.2 -13.2 0 3.8 -12 0 3.8 -12 0 6.2
4 288 -12 0 6.2 -12 0 3.8 -9.6 0 3.8 -9.6 0 6.2
4 0x296CA3C -12 0 6.2 -9.6 0 6.2 -9.6 0 8.6 -12 0 8.6
4 288 -13.2 0 6.2 -12 0 6.2 -12 0 8.6 -13.2 0 8.6
4 288 -13.2 0 11 -13.2 0 8.6 -12 0 8.6 -12 0 11
4 0x296CA3C -12 0 11 -12 0 8.6 -9.6 0 8.6 -9.6 0 11
4 0x296CA3C -12 0 11 -9.6 0 11 -9.6 0 13.4 -12 0 13.4
4 288 -13.2 0 11 -12 0 11 -12 0 13.4 -13.2 0 13.4
4 288 -13.2 0 15.8 -13.2 0 13.4 -12 0 13.4 -12 0 15.8
4 288 -12 0 15.8 -12 0 13.4 -9.6 0 13.4 -9.6 0 15.8
4 288 -13.2 0 18.2 -13.2 0 15.8 -12 0 15.8 -12 0 18.2
4 288 -12 0 18.2 -12 0 15.8 -9.6 0 15.8 -9.6 0 18.2
4 288 -12 0 18.2 -9.6 0 18.2 -9.6 0 20.6 -12 0 20.6
4 288 -13.2 0 18.2 -12 0 18.2 -12 0 20.6 -13.2 0 20.6
4 0x296CA3C -9.6 0 23 -12 0 23 -12 0 20.6 -9.6 0 20.6
4 0x296CA3C -7.2 0 23 -9.6 0 23 -9.6 0 20.6 -7.2 0 20.6
4 0x296CA3C -4.8 0 23 -7.2 0 23 -7.2 0 20.6 -4.8 0 20.6
4 288 -2.4 0 23 -4.8 0 23 -4.8 0 20.6 -2.4 0 20.6
4 0x296CA3C 0 0 23 -2.4 0 23 -2.4 0 20.6 0 0 20.6
4 0x296CA3C 15.6 0 -7.1 13.2 0 -5.8 0 0 -19.6 0 0 -22.8
4 288 0 0 -19.6 12 0 -5.8 9.6 0 -5.8 0 0 -15.6
3 288 13.2 0 -5.8 12 0 -5.8 0 0 -19.6
3 0x296CA3C 15.6 0 26.4 9.6 0 24.2 13.2 0 24.2
3 0x296CA3C 15.6 0 26.4 7.2 0 24.2 9.6 0 24.2
4 0x296CA3C 4.8 0 24.2 7.2 0 24.2 15.6 0 26.4 0 0 26.4
3 0x296CA3C 0 0 26.4 2.4 0 24.2 4.8 0 24.2
3 0x296CA3C 0 0 26.4 0 0 24.2 2.4 0 24.2
4 288 2.4 0 24.2 0 0 24.2 0 0 23 2.4 0 23
4 288 4.8 0 24.2 2.4 0 24.2 2.4 0 23 4.8 0 23
4 288 7.2 0 24.2 4.8 0 24.2 4.8 0 23 7.2 0 23
4 288 9.6 0 24.2 7.2 0 24.2 7.2 0 23 9.6 0 23
4 288 9.6 0 24.2 9.6 0 23 12 0 23 13.2 0 24.2
4 288 13.2 0 20.6 13.2 0 24.2 12 0 23 12 0 20.6
3 0x296CA3C 15.6 0 26.4 13.2 0 24.2 13.2 0 20.6
3 0x296CA3C 15.6 0 26.4 13.2 0 20.6 13.2 0 18.2
3 0x296CA3C 15.6 0 26.4 13.2 0 18.2 13.2 0 15.8
3 0x296CA3C 15.6 0 26.4 13.2 0 15.8 13.2 0 13.4
4 0x296CA3C 15.6 0 26.4 13.2 0 13.4 13.2 0 11 15.6 0 -7.1
3 0x296CA3C 13.2 0 11 13.2 0 8.6 15.6 0 -7.1
3 0x296CA3C 13.2 0 8.6 13.2 0 6.2 15.6 0 -7.1
3 0x296CA3C 13.2 0 6.2 13.2 0 3.8 15.6 0 -7.1
3 0x296CA3C 13.2 0 3.8 13.2 0 1.4 15.6 0 -7.1
4 0x296CA3C 9.6 0 3.8 9.6 0 1.4 12 0 1.4 12 0 3.8
4 288 12 0 3.8 12 0 1.4 13.2 0 1.4 13.2 0 3.8
4 288 12 0 3.8 13.2 0 3.8 13.2 0 6.2 12 0 6.2
4 0x296CA3C 9.6 0 3.8 12 0 3.8 12 0 6.2 9.6 0 6.2
4 288 9.6 0 8.6 9.6 0 6.2 12 0 6.2 12 0 8.6
4 288 12 0 8.6 12 0 6.2 13.2 0 6.2 13.2 0 8.6
4 288 12 0 8.6 13.2 0 8.6 13.2 0 11 12 0 11
4 0x296CA3C 9.6 0 8.6 12 0 8.6 12 0 11 9.6 0 11
4 288 9.6 0 13.4 9.6 0 11 12 0 11 12 0 13.4
4 288 12 0 13.4 12 0 11 13.2 0 11 13.2 0 13.4
4 288 12 0 13.4 13.2 0 13.4 13.2 0 15.8 12 0 15.8
4 288 9.6 0 13.4 12 0 13.4 12 0 15.8 9.6 0 15.8
4 288 12 0 15.8 13.2 0 15.8 13.2 0 18.2 12 0 18.2
4 288 9.6 0 15.8 12 0 15.8 12 0 18.2 9.6 0 18.2
4 0x296CA3C 9.6 0 20.6 9.6 0 18.2 12 0 18.2 12 0 20.6
4 288 12 0 20.6 12 0 18.2 13.2 0 18.2 13.2 0 20.6
4 0x296CA3C 12 0 20.6 12 0 23 9.6 0 23 9.6 0 20.6
4 288 9.6 0 20.6 9.6 0 23 7.2 0 23 7.2 0 20.6
4 288 7.2 0 20.6 7.2 0 23 4.8 0 23 4.8 0 20.6
4 0x296CA3C 4.8 0 20.6 4.8 0 23 2.4 0 23 2.4 0 20.6
4 288 2.4 0 20.6 2.4 0 23 0 0 23 0 0 20.6
4 288 -12 0 1.4 -13.2 0 1.4 -13.2 0 -1 -12 0 -1
4 0x296CA3C -9.6 0 1.4 -12 0 1.4 -12 0 -1 -9.6 0 -1
4 0x296CA3C -9.6 0 -3.4 -9.6 0 -1 -12 0 -1 -12 0 -3.4
4 288 -12 0 -3.4 -12 0 -1 -13.2 0 -1 -13.2 0 -3.4
4 288 -12 0 -3.4 -13.2 0 -3.4 -13.2 0 -5.8 -12 0 -5.8
4 288 -9.6 0 -3.4 -12 0 -3.4 -12 0 -5.8 -9.6 0 -5.8
3 0x296CA3C -13.2 0 -3.4 -15.6 0 -7.1 -13.2 0 -5.8
3 0x296CA3C -13.2 0 -1 -15.6 0 -7.1 -13.2 0 -3.4
3 0x296CA3C -13.2 0 1.4 -15.6 0 -7.1 -13.2 0 -1
4 288 13.2 0 -3.4 13.2 0 -1 12 0 -1 12 0 -3.4
4 288 12 0 -3.4 12 0 -1 9.6 0 -1 9.6 0 -3.4
4 288 12 0 1.4 9.6 0 1.4 9.6 0 -1 12 0 -1
4 288 13.2 0 1.4 12 0 1.4 12 0 -1 13.2 0 -1
3 0x296CA3C 13.2 0 1.4 13.2 0 -1 15.6 0 -7.1
3 0x296CA3C 13.2 0 -1 13.2 0 -3.4 15.6 0 -7.1
3 0x296CA3C 13.2 0 -3.4 13.2 0 -5.8 15.6 0 -7.1
4 288 13.2 0 -5.8 13.2 0 -3.4 12 0 -3.4 12 0 -5.8
4 0x296CA3C 12 0 -5.8 12 0 -3.4 9.6 0 -3.4 9.6 0 -5.8
4 16 -16 0 30 -15.6 0 26.4 0 0 26.4 16 0 30
3 16 16 0 30 0 0 26.4 15.6 0 26.4
4 16 16 0 30 15.6 0 26.4 15.6 0 -7.1 16 0 -8.34
4 16 -15.6 0 -7.1 -15.6 0 26.4 -16 0 30 -16 0 -8.34
4 16 0 0 -22.8 -15.6 0 -7.1 -16 0 -8.34 0 0 -24.353
4 16 0 0 -22.8 0 0 -24.353 16 0 -8.34 15.6 0 -7.1
4 0x296CA3C -7.2 0 20.6 -9.6 0 20.6 -9.6 0 18.2 -5.56 0 15.93
4 0x296CA3C 9.6 0 18.2 9.6 0 20.6 7.2 0 20.6 4.26703 0 13.6492
4 15 -0.16 0 15.07 -0.49771 0 15.2099 -0.52553 0 15.07 -0.49771 0 14.9301
4 15 -0.16 0 15.07 -0.49771 0 14.9301 -0.41847 0 14.8115 -0.29988 0 14.7323
4 15 -0.16 0 15.07 -0.29988 0 14.7323 -0.16 0 14.7045 -0.02012 0 14.7323
4 15 -0.16 0 15.07 -0.02012 0 14.7323 0.09847 0 14.8115 0.17771 0 14.9301
4 15 -0.16 0 15.07 0.17771 0 14.9301 0.20553 0 15.07 0.17771 0 15.2099
4 15 -0.16 0 15.07 0.17771 0 15.2099 0.09847 0 15.3285 -0.02012 0 15.4077
4 15 -0.16 0 15.07 -0.02012 0 15.4077 -0.16 0 15.4355 -0.29988 0 15.4077
4 15 -0.16 0 15.07 -0.29988 0 15.4077 -0.41847 0 15.3285 -0.49771 0 15.2099
4 0 0 0 9.41 -0.43835 0 9.59157 -0.47447 0 9.41 -0.43835 0 9.22843
4 0 0 0 9.41 -0.43835 0 9.22843 -0.3355 0 9.0745 -0.18157 0 8.97165
4 0 0 0 9.41 -0.18157 0 8.97165 0 0 8.93553 0.18157 0 8.97165
4 0 0 0 9.41 0.18157 0 8.97165 0.3355 0 9.0745 0.43835 0 9.22843
4 0 0 0 9.41 0.43835 0 9.22843 0.47447 0 9.41 0.43835 0 9.59157
4 0 0 0 9.41 0.43835 0 9.59157 0.3355 0 9.7455 0.18157 0 9.84835
4 0 0 0 9.41 0.18157 0 9.84835 0 0 9.88447 -0.18157 0 9.84835
4 0 0 0 9.41 -0.18157 0 9.84835 -0.3355 0 9.7455 -0.43835 0 9.59157
4 15 -0.47447 0 9.41 -0.43835 0 9.59157 -0.68737 0 9.69472 -0.744 0 9.41
4 15 -0.43835 0 9.22843 -0.47447 0 9.41 -0.744 0 9.41 -0.68737 0 9.12528
4 15 -0.3355 0 9.0745 -0.43835 0 9.22843 -0.68737 0 9.12528 -0.52609 0 8.88391
4 15 -0.18157 0 8.97165 -0.3355 0 9.0745 -0.52609 0 8.88391 -0.28472 0 8.72263
4 15 0 0 8.93553 -0.18157 0 8.97165 -0.28472 0 8.72263 0 0 8.666
4 15 0.18157 0 8.97165 0 0 8.93553 0 0 8.666 0.28472 0 8.72263
4 15 0.3355 0 9.0745 0.18157 0 8.97165 0.28472 0 8.72263 0.52609 0 8.88391
4 15 0.43835 0 9.22843 0.3355 0 9.0745 0.52609 0 8.88391 0.68737 0 9.12528
4 15 0.47447 0 9.41 0.43835 0 9.22843 0.68737 0 9.12528 0.744 0 9.41
4 15 0.43835 0 9.59157 0.47447 0 9.41 0.744 0 9.41 0.68737 0 9.69472
4 15 0.3355 0 9.7455 0.43835 0 9.59157 0.68737 0 9.69472 0.52609 0 9.93609
4 15 0.18157 0 9.84835 0.3355 0 9.7455 0.52609 0 9.93609 0.28472 0 10.0974
4 15 0 0 9.88447 0.18157 0 9.84835 0.28472 0 10.0974 0.18 0 10.134
4 15 -0.18157 0 9.84835 0 0 9.88447 0.18 0 10.134 -0.28472 0 10.0974
4 15 -0.3355 0 9.7455 -0.18157 0 9.84835 -0.28472 0 10.0974 -0.52609 0 9.93609
4 15 -0.43835 0 9.59157 -0.3355 0 9.7455 -0.52609 0 9.93609 -0.68737 0 9.69472
4 0 -4.09 0 3.63 -4.58061 0 3.83322 -4.62104 0 3.63 -4.58061 0 3.42678
4 0 -4.09 0 3.63 -4.58061 0 3.42678 -4.4655 0 3.2545 -4.29322 0 3.13939
4 0 -4.09 0 3.63 -4.29322 0 3.13939 -4.09 0 3.09896 -3.88678 0 3.13939
4 0 -4.09 0 3.63 -3.88678 0 3.13939 -3.7145 0 3.2545 -3.59939 0 3.42678
4 0 -4.09 0 3.63 -3.59939 0 3.42678 -3.55896 0 3.63 -3.59939 0 3.83322
4 0 -4.09 0 3.63 -3.59939 0 3.83322 -3.7145 0 4.0055 -3.88678 0 4.12061
4 0 -4.09 0 3.63 -3.88678 0 4.12061 -4.09 0 4.16104 -4.29322 0 4.12061
4 0 -4.09 0 3.63 -4.29322 0 4.12061 -4.4655 0 4.0055 -4.58061 0 3.83322
4 15 -4.09 0 3.09896 -4.29322 0 3.13939 -4.41528 0 2.8447 -4.09 0 2.78
4 15 -3.88678 0 3.13939 -4.09 0 3.09896 -4.09 0 2.78 -3.61208 0 2.9467
4 15 -3.59939 0 3.42678 -3.7145 0 3.2545 -3.48896 0 3.02896 -3.3047 0 3.30472
4 15 -3.55896 0 3.63 -3.59939 0 3.42678 -3.3047 0 3.30472 -3.24 0 3.63
4 15 -3.59939 0 3.83322 -3.55896 0 3.63 -3.24 0 3.63 -3.3047 0 3.95528
4 15 -3.7145 0 4.0055 -3.59939 0 3.83322 -3.3047 0 3.95528 -3.42813 0 4.14
4 0 -2.43 0 0.86 -2.92061 0 1.06322 -2.96104 0 0.86 -2.92061 0 0.65678
4 0 -2.43 0 0.86 -2.92061 0 0.65678 -2.8055 0 0.4845 -2.63322 0 0.36939
4 0 -2.43 0 0.86 -2.63322 0 0.36939 -2.43 0 0.32896 -2.22678 0 0.36939
4 0 -2.43 0 0.86 -2.22678 0 0.36939 -2.0545 0 0.4845 -1.93939 0 0.65678
4 0 -2.43 0 0.86 -1.93939 0 0.65678 -1.89896 0 0.86 -1.93939 0 1.06322
4 0 -2.43 0 0.86 -1.93939 0 1.06322 -2.0545 0 1.2355 -2.22678 0 1.35061
4 0 -2.43 0 0.86 -2.22678 0 1.35061 -2.43 0 1.39104 -2.63322 0 1.35061
4 0 -2.43 0 0.86 -2.63322 0 1.35061 -2.8055 0 1.2355 -2.92061 0 1.06322
4 15 -2.0545 0 0.4845 -2.22678 0 0.36939 -2.10472 0 0.0747 -1.82896 0 0.25896
4 15 -1.93939 0 0.65678 -2.0545 0 0.4845 -1.82896 0 0.25896 -1.58 0 0.86
4 15 -1.93939 0 1.06322 -1.89896 0 0.86 -1.58 0 0.86 -1.6447 0 1.18528
4 15 -2.0545 0 1.2355 -1.93939 0 1.06322 -1.6447 0 1.18528 -1.82896 0 1.46104
4 15 -2.22678 0 1.35061 -2.0545 0 1.2355 -1.82896 0 1.46104 -2.10472 0 1.6453
4 15 -2.43 0 1.39104 -2.22678 0 1.35061 -2.10472 0 1.6453 -2.43 0 1.71
4 15 -2.63322 0 1.35061 -2.43 0 1.39104 -2.43 0 1.71 -3.25 0 2.46
4 0 3.82 0 12.57 2.74078 0 13.017 2.65186 0 12.57 2.74078 0 12.123
4 0 3.82 0 12.57 2.74078 0 12.123 2.994 0 11.744 3.37297 0 11.4908
4 0 3.82 0 12.57 3.37297 0 11.4908 3.82 0 11.4019 4.26703 0 11.4908
4 0 3.82 0 12.57 4.26703 0 11.4908 4.646 0 11.744 4.69253 0 11.8136
4 0 3.82 0 12.57 4.89922 0 12.123 4.98814 0 12.57 4.89922 0 13.017
4 0 3.82 0 12.57 4.89922 0 13.017 4.646 0 13.396 4.26703 0 13.6492
4 0 3.82 0 12.57 4.26703 0 13.6492 3.82 0 13.7381 3.39877 0 13.6544
4 0 3.82 0 12.57 3.37297 0 13.6492 2.994 0 13.396 2.74078 0 13.017
4 15 2.74078 0 12.123 2.65186 0 12.57 2.372 0 12.68 2.73 0 11.5232
4 15 3.37297 0 11.4908 2.994 0 11.744 2.73 0 11.5232 3.3897 0 11.2015
4 15 3.82 0 11.4019 3.37297 0 11.4908 3.3897 0 11.2015 3.82 0 11.132
4 15 4.26703 0 11.4908 3.82 0 11.4019 3.82 0 11.132 4.3703 0 11.2415
4 15 4.646 0 11.744 4.26703 0 11.4908 4.3703 0 11.2415 4.83682 0 11.5532
4 0x296CA3C 4.98814 0 12.57 4.89922 0 12.123 5.14854 0 12.0197 5.258 0 12.57
4 0x296CA3C 4.89922 0 13.017 4.98814 0 12.57 5.258 0 12.57 9.6 0 13.4
4 0 -2.04 0 16.33 -2.88 0 15.58 -2.63 0 15.59 -2.37 0 15.66
4 0 -1.59 0 16.22 -2.04 0 16.33 -2.37 0 15.66 -2.07 0 15.55
4 0 -0.64 0 15.92 -1.59 0 16.22 -2.07 0 15.55 -1.09 0 14.91
4 0 -0.64 0 15.92 -1.09 0 14.91 -0.49771 0 15.2099 -0.41847 0 15.3285
4 0 -0.64 0 15.92 -0.41847 0 15.3285 -0.29988 0 15.4077 -0.44 0 15.99
4 0 -0.44 0 15.99 -0.29988 0 15.4077 -0.16 0 15.4355 -0.16 0 16.05
4 0 -0.16 0 16.05 -0.16 0 15.4355 -0.02012 0 15.4077 0.1 0 16.03
4 0 0.1 0 16.03 -0.02012 0 15.4077 0.09847 0 15.3285 0.32 0 15.91
4 0 0.32 0 15.91 0.09847 0 15.3285 0.17771 0 15.2099 0.59 0 15.66
4 0 0.59 0 15.66 0.17771 0 15.2099 0.20553 0 15.07 0.84 0 15.55
4 0 0.84 0 15.55 0.20553 0 15.07 1.44 0 14.76 1.97 0 15.36
4 0 -0.52553 0 15.07 -0.49771 0 15.2099 -1.09 0 14.91 -1.09 0 14.7
4 0 -0.49771 0 14.9301 -0.52553 0 15.07 -1.09 0 14.7 -0.9 0 14.19
4 0 -2.31 0 14.19 -0.9 0 14.19 -1.09 0 14.7 -2.66383 0 14.7
4 0 2.26 0 13.02 1.44 0 14.76 0.09847 0 14.8115 -0.02012 0 14.7323
4 0 2.26 0 13.02 -0.02012 0 14.7323 -0.16 0 14.7045 -0.9 0 14.19
3 0 -0.29988 0 14.7323 -0.9 0 14.19 -0.16 0 14.7045
3 0 -0.41847 0 14.8115 -0.9 0 14.19 -0.29988 0 14.7323
3 0 -0.49771 0 14.9301 -0.9 0 14.19 -0.41847 0 14.8115
3 0 0.17771 0 14.9301 0.09847 0 14.8115 1.44 0 14.76
3 0 0.20553 0 15.07 0.17771 0 14.9301 1.44 0 14.76
4 0 2.26 0 13.02 -0.9 0 14.19 -0.9 0 11.84 -0.28472 0 10.0974
4 0 -0.28472 0 10.0974 -0.9 0 11.84 -2.34 0 11.84 -0.52609 0 9.93609
4 0 -0.68737 0 9.69472 -0.52609 0 9.93609 -2.34 0 11.84 -4.8 0 9.4
3 0 -0.68737 0 9.69472 -4.8 0 9.4 -0.744 0 9.41
3 0 -0.744 0 9.41 -4.8 0 9.4 -0.68737 0 9.12528
4 0 -0.52609 0 8.88391 -0.68737 0 9.12528 -4.8 0 9.4 -4.8 0 7.89
4 0 -0.52609 0 8.88391 -4.8 0 7.89 -3.92 0 7 -1.2 0 6.68
3 0 -0.52609 0 8.88391 -1.2 0 6.68 -0.28472 0 8.72263
3 0 -0.28472 0 8.72263 -1.2 0 6.68 0 0 8.666
4 0 0.28472 0 8.72263 0 0 8.666 -1.2 0 6.68 0.8 0 8.7
4 0 -2.99 0 6.03 -1.2 0 6.68 -3.92 0 7 -5.34 0 5.54
3 0 0.68737 0 9.12528 0.52609 0 8.88391 2.42 0 8.8
3 0 0.744 0 9.41 0.68737 0 9.12528 2.42 0 8.8
4 0 0.68737 0 9.69472 2.42 0 8.8 2.372 0 12.68 0.52609 0 9.93609
3 0 2.372 0 12.68 0.28472 0 10.0974 0.52609 0 9.93609
3 0 2.372 0 12.68 0.18 0 10.134 0.28472 0 10.0974
3 0 0.68737 0 9.69472 0.744 0 9.41 2.42 0 8.8
3 0 2.73 0 11.5232 2.73 0 4.1 4.83 0 4.98
4 0 8.48 0 8.89 4.83682 0 11.5532 4.3703 0 11.2415 7.66565 0 4.90848
3 0 5.258 0 12.57 5.14854 0 12.0197 8.48 0 8.89
4 15 4.83682 0 11.5532 4.85572 0 11.5815 4.69253 0 11.8136 4.646 0 11.744
3 15 2.73 0 11.5232 3.27 0 10.82 3.3897 0 11.2015
4 0 0.02 0 3.4 -1.15133 0 3.88518 -1.24784 0 3.4 -1.15133 0 2.91482
4 0 0.02 0 3.4 -1.15133 0 2.91482 -0.8765 0 2.5035 -0.46518 0 2.22867
4 0 0.02 0 3.4 -0.46518 0 2.22867 0.02 0 2.13216 3.07 0 2.15
4 0 0.02 0 3.4 0.9565 0 4.2965 0.50518 0 4.57133 0.02 0 4.66784
4 0 0.02 0 3.4 0.02 0 4.66784 -0.46518 0 4.57133 -0.8765 0 4.2965
3 0 -0.8765 0 4.2965 -1.15133 0 3.88518 0.02 0 3.4
4 15 -1.24784 0 3.4 -1.15133 0 3.88518 -1.40647 0 3.99086 -1.524 0 3.4
4 15 -1.15133 0 2.91482 -1.24784 0 3.4 -1.524 0 3.4 -1.40647 0 2.80914
4 15 -0.8765 0 2.5035 -1.15133 0 2.91482 -1.40647 0 2.80914 -1.07177 0 2.30823
4 15 -0.46518 0 2.22867 -0.8765 0 2.5035 -1.07177 0 2.30823 -0.57086 0 1.97353
4 15 0.02 0 2.13216 -0.46518 0 2.22867 -0.57086 0 1.97353 0.02 0 1.856
4 15 0.02 0 4.66784 0.50518 0 4.57133 0.61086 0 4.82647 0.02 0 4.944
4 15 -0.46518 0 4.57133 0.02 0 4.66784 0.02 0 4.944 -0.57086 0 4.82647
4 15 -0.8765 0 4.2965 -0.46518 0 4.57133 -0.57086 0 4.82647 -1.07177 0 4.49177
4 15 -1.15133 0 3.88518 -0.8765 0 4.2965 -1.07177 0 4.49177 -1.20855 0 4.28707
4 0 -4.30541 0 12.3644 -4.32 0 10.3 -3.19 0 11.43 -3.72078 0 13.1962
4 0 -4.32 0 13.05 -4.30541 0 12.3644 -3.72078 0 13.1962 -4.27 0 14.33
4 0 -4.49 0 13.14 -4.32 0 13.05 -4.27 0 14.33 -4.88 0 13.73
4 0 -4.7 0 13.08 -4.49 0 13.14 -4.88 0 13.73 -4.88 0 13.21
4 0 -4.7 0 13.08 -4.88 0 13.21 -4.96 0 13.15 -5.56 0 12.28
3 0 -4.96 0 13.15 -6.38 0 13.15 -5.56 0 12.28
4 0 -5.57 0 14.4 -4.88 0 13.73 -4.27 0 14.33 -5.1 0 14.57
3 0 -4.9 0 14.59 -5.1 0 14.57 -4.27 0 14.33
4 0 -4.9 0 14.59 -4.27 0 14.33 -4.35 0 15.93 -4.89 0 15.37
3 0 -4.35 0 15.93 -5.56 0 15.93 -4.89 0 15.37
4 0 -5.57 0 14.4 -5.1 0 14.57 -5.75 0 15.37 -6.65 0 14.41
4 0 -4.85 0 5.17 -2.99 0 6.03 -5.34 0 5.54 -6.1 0 5.21
4 0 -6.53 0 5.58 -6.1 0 5.21 -5.34 0 5.54 -6.4 0 5.75
4 0 -6.53 0 5.58 -6.4 0 5.75 -6.99 0 5.75 -6.97 0 5.19
3 0 -6.28 0 5.92 -6.4 0 5.75 -5.34 0 5.54
4 0 -6.28 0 5.92 -5.34 0 5.54 -6.72 0 6.9 -6.94 0 6.46
4 0 -6.94 0 6.46 -6.72 0 6.9 -7.44 0 6.9 -7.45 0 6
3 0 -6.1 0 5.21 -6.1 0 4.24 -4.85 0 5.17
3 0 -4.85 0 5.17 -6.1 0 4.24 -6.26 0 3.72
3 0 -6.1 0 4.24 -6.24 0 4.14 -6.26 0 3.72
3 0 -6.61 0 4.16 -6.26 0 3.72 -6.24 0 4.14
4 0 -2.99 0 6.03 -1.20855 0 4.28707 -1.07177 0 4.49177 -1.2 0 6.68
3 0 -1.2 0 6.68 -1.07177 0 4.49177 -0.57086 0 4.82647
3 0 -1.2 0 6.68 -0.57086 0 4.82647 0.02 0 4.944
3 0 -1.2 0 6.68 0.02 0 4.944 0.61086 0 4.82647
4 0 -1.30682 0 4.14 -3.42813 0 4.14 -3.3047 0 3.95528 -1.40647 0 3.99086
4 0 -1.40647 0 3.99086 -3.3047 0 3.95528 -3.24 0 3.63 -2.38 0 2.48
3 0 -3.24 0 3.63 -3.3047 0 3.30472 -2.38 0 2.48
3 0 -3.3047 0 3.30472 -3.48896 0 3.02896 -2.38 0 2.48
3 0 -3.48896 0 3.02896 -3.61208 0 2.9467 -2.38 0 2.48
3 0 -4.49928 0 2.90083 -4.5 0 0.44495 -4.41528 0 2.8447
4 0 -3.25 0 2.46 -4.09 0 2.78 -4.5 0 0.44495 -4.23088 0 0.06549
4 0 -4.23088 0 0.06549 -4.5 0 0.44495 -4.5 0 -0.04 -4.27 0 -0.03
4 0 -4.13 0 -0.5 -3 0 -0.5 -3.4 0 -0.04 -4.27 0 -0.03
4 0 -4.34 0 -0.8 -4.13 0 -0.5 -4.27 0 -0.03 -4.5 0 -0.04
4 0 -5.4 0 -0.8 -4.34 0 -0.8 -4.5 0 -0.04 -5.74 0 -0.52
4 0 -5.74 0 -0.52 -4.5 0 -0.04 -6.29 0 -0.04 -6.27 0 -0.51
3 0 -6.29 0 -0.04 -7.03 0 -0.78 -6.27 0 -0.51
4 0 -5.4 0 -0.8 -5.74 0 -0.52 -6.11 0 -1.02 -6.11 0 -1.57
4 0 -1.40647 0 2.80914 -1.524 0 3.4 -2.43 0 1.71 -2.10472 0 1.6453
4 0 -1.07177 0 2.30823 -1.40647 0 2.80914 -2.10472 0 1.6453 -1.82896 0 1.46104
4 0 -0.57086 0 1.97353 -1.07177 0 2.30823 -1.82896 0 1.46104 -1.6447 0 1.18528
4 0 0.02 0 1.856 -0.57086 0 1.97353 -1.6447 0 1.18528 -1.58 0 0.86
4 0 1.26 0 -1.84 -0.74 0 1.02 -1.82896 0 0.25896 0.37 0 -1.74
3 0 -1.82896 0 0.25896 -2.10472 0 0.0747 0.37 0 -1.74
4 0 1.26 0 -1.84 0.37 0 -1.74 0.37 0 -1.85 1.11 0 -2.32
4 0 1.86 0 -1.84 1.26 0 -1.84 1.11 0 -2.32 2.22 0 -2.31
4 0 0.88 0 -2.59 1.11 0 -2.32 0.37 0 -1.85 -0.12 0 -2.6
4 0 -0.12 0 -2.6 0.37 0 -1.85 -0.51 0 -2.33 -0.51 0 -2.5
4 0 -0.12 0 -2.6 -0.51 0 -2.5 -0.88 0 -2.82 -0.88 0 -3.39
4 0 -0.51 0 -2.33 0.37 0 -1.85 -1.08 0 -1.85 -1.01 0 -2.32
3 0 -1.08 0 -1.85 -1.76 0 -2.61 -1.01 0 -2.32
3 0 0.9565 0 4.2965 0.02 0 3.4 3.07 0 2.15
4 0 3.62 0 1.2 2.95 0 1.87 0.75 0 1.86 1.49 0 1.18
4 0 4.11 0 0.24 3.46 0 0.91 1.82 0 0.91 2.5 0 0.24
4 0 4.09 0 -0.14 3.27 0 -0.14 3.74773 0 -0.61575 6.24 0 -2.25
3 0 3.74773 0 -0.61575 5.68 0 -2.54 6.24 0 -2.25
4 0 6.23 0 -5.47 6.24 0 -2.25 5.68 0 -2.54 5.68 0 -5.14
4 0 2.34 0 -9.37 6.23 0 -5.47 5.68 0 -5.14 2.31 0 -8.46
4 0 2.34 0 -9.37 2.31 0 -8.46 -0.01 0 -6.16 0.03 0 -7.04
4 0 0.03 0 -7.04 -0.01 0 -6.16 -2.7 0 -8.93 -1.92 0 -8.9
4 0 -1.92 0 -8.9 -2.7 0 -8.93 0.01 0 -11.62 -0.01 0 -10.74
4 0 -0.01 0 -10.74 0.01 0 -11.62 1.84 0 -9.74 -0.01 0 -9.73
4 0x296CA3C 7.66565 0 4.90848 7.47909 0 4.64543 7.81 0 4.16 8.48 0 3.71
4 0x296CA3C 8.48 0 3.71 7.81 0 4.16 6.15 0 1.75 6.24 0 -2.25
4 0x296CA3C 4.09 0 -0.14 6.24 0 -2.25 6.15 0 1.75 5.92597 0 2.45555
4 0x296CA3C 5.68 0 -2.54 3.74773 0 -0.61575 0 0 -5.9 -0.01 0 -6.16
4 0x296CA3C 5.68 0 -5.14 5.68 0 -2.54 -0.01 0 -6.16 2.31 0 -8.46
4 0x296CA3C 0.03 0 -7.04 -1.92 0 -8.9 -0.01 0 -9.73 1.84 0 -9.74
3 0x296CA3C 0.03 0 -7.04 1.84 0 -9.74 2.34 0 -9.37
4 0x296CA3C 0 0 -15.6 2.34 0 -9.37 1.84 0 -9.74 0.01 0 -11.62
4 0x296CA3C 0 0 -15.6 0.01 0 -11.62 -2.7 0 -8.93 -9.6 0 -5.8
4 0x296CA3C -9.6 0 -5.8 -2.7 0 -8.93 -0.01 0 -6.16 0 0 -5.9
4 0x296CA3C -9.6 0 -3.4 -9.6 0 -5.8 0 0 -5.9 -6.11 0 -1.57
4 0x296CA3C -6.11 0 -1.57 0 0 -5.9 -4.34 0 -0.8 -5.4 0 -0.8
3 0x296CA3C -1.92 0 -8.9 -0.01 0 -10.74 -0.01 0 -9.73
4 0x296CA3C 2.34 0 -9.37 0 0 -15.6 9.6 0 -5.8 6.23 0 -5.47
4 0x296CA3C 6.23 0 -5.47 9.6 0 -5.8 9.6 0 -3.4 6.24 0 -2.25
3 0x296CA3C 9.6 0 -1 6.24 0 -2.25 9.6 0 -3.4
3 0x296CA3C -4.13 0 -0.5 -4.34 0 -0.8 0 0 -5.9
4 0x296CA3C -9.6 0 -3.4 -6.11 0 -1.57 -7.03 0 -0.78 -9.6 0 -1
4 0x296CA3C -9.6 0 -1 -7.03 0 -0.78 -6.29 0 -0.04 -9.6 0 1.4
4 0x296CA3C -9.6 0 1.4 -6.29 0 -0.04 -4.5 0 -0.04 -4.5 0 0.44495
4 0x296CA3C -9.6 0 3.8 -9.6 0 1.4 -4.5 0 0.44495 -8.61 0 6.24
3 0x296CA3C -8.61 0 6.24 -9.6 0 6.2 -9.6 0 3.8
4 0x296CA3C -6.11 0 -1.02 -5.74 0 -0.52 -6.27 0 -0.51 -7.03 0 -0.78
3 0x296CA3C -7.03 0 -0.78 -6.11 0 -1.57 -6.11 0 -1.02
4 0x296CA3C 6.24 0 -2.25 9.6 0 -1 9.6 0 1.4 8.48 0 3.71
3 0x296CA3C 9.6 0 3.8 8.48 0 3.71 9.6 0 1.4
4 0x296CA3C 8.48 0 3.71 9.6 0 3.8 9.6 0 6.2 8.48 0 8.89
3 0x296CA3C 8.48 0 8.89 9.6 0 6.2 9.6 0 8.6
4 0x296CA3C 8.48 0 8.89 9.6 0 8.6 9.6 0 11 5.258 0 12.57
3 0x296CA3C 9.6 0 13.4 5.258 0 12.57 9.6 0 11
4 0x296CA3C 4.89922 0 13.017 9.6 0 13.4 9.6 0 15.8 4.646 0 13.396
4 0x296CA3C 4.646 0 13.396 9.6 0 15.8 9.6 0 18.2 4.26703 0 13.6492
4 0x296CA3C 3.82 0 13.7381 4.26703 0 13.6492 7.2 0 20.6 4.8 0 20.6
4 0x296CA3C 2.4 0 20.6 0 0 20.6 0 0 18.49 3.39877 0 13.6544
4 0x296CA3C -1.59 0 16.22 0 0 18.49 0 0 20.6 -2.4 0 20.6
4 0x296CA3C -2.04 0 16.33 -1.59 0 16.22 -2.4 0 20.6 -4.8 0 20.6
4 0x296CA3C -4.35 0 15.93 -2.04 0 16.33 -4.8 0 20.6 -7.2 0 20.6
3 0x296CA3C -7.2 0 20.6 -5.56 0 15.93 -4.35 0 15.93
4 0x296CA3C -5.75 0 15.37 -5.56 0 15.93 -9.6 0 18.2 -9.6 0 15.8
4 0x296CA3C -6.65 0 14.41 -5.75 0 15.37 -9.6 0 15.8 -9.6 0 13.4
4 0x296CA3C -6.38 0 13.15 -6.65 0 14.41 -9.6 0 13.4 -9.6 0 11
4 0x296CA3C -5.56 0 12.28 -6.38 0 13.15 -9.6 0 11 -9.6 0 8.6
4 0x296CA3C -8.61 0 6.24 -5.56 0 12.28 -9.6 0 8.6 -9.6 0 6.2
4 0x296CA3C -5.56 0 12.28 -8.61 0 6.24 -4.30541 0 12.3644 -4.32 0 13.05
4 0x296CA3C -4.7 0 13.08 -5.56 0 12.28 -4.32 0 13.05 -4.49 0 13.14
4 0x296CA3C -4.96 0 13.15 -4.88 0 13.21 -4.88 0 13.73 -5.57 0 14.4
4 0x296CA3C -6.38 0 13.15 -4.96 0 13.15 -5.57 0 14.4 -6.65 0 14.41
4 0x296CA3C -5.1 0 14.57 -4.9 0 14.59 -4.89 0 15.37 -5.75 0 15.37
3 0x296CA3C -5.56 0 15.93 -5.75 0 15.37 -4.89 0 15.37
3 0x296CA3C -2.04 0 16.33 -4.35 0 15.93 -2.88 0 15.58
4 0x296CA3C -2.88 0 15.58 -4.35 0 15.93 -4.27 0 14.33 -2.87 0 14.7
4 0x296CA3C -2.87 0 14.7 -4.27 0 14.33 -3.72078 0 13.1962 -2.74429 0 14.5855
4 0x296CA3C -2.88 0 15.58 -2.87 0 14.7 -2.66383 0 14.7 -2.63 0 15.59
4 0x296CA3C -2.37 0 15.66 -2.63 0 15.59 -2.66383 0 14.7 -2.07 0 15.55
4 15 -2.07 0 15.55 -2.66383 0 14.7 -1.09 0 14.7 -1.09 0 14.91
4 15 -2.34 0 11.84 -0.9 0 11.84 -0.9 0 14.19 -2.31 0 14.19
4 15 -3.72078 0 13.1962 -2.34 0 11.84 -2.31 0 14.19 -2.74429 0 14.5855
3 15 -3.72078 0 13.1962 -3.19 0 11.43 -2.34 0 11.84
4 15 -2.34 0 11.84 -3.19 0 11.43 -4.32 0 10.3 -4.8 0 9.4
4 15 -4.8 0 9.4 -4.32 0 10.3 -4.30541 0 12.3644 -6.72 0 6.9
3 15 -4.30541 0 12.3644 -7.44 0 6.9 -6.72 0 6.9
3 15 -4.30541 0 12.3644 -8.61 0 6.24 -7.44 0 6.9
4 15 -4.8 0 7.89 -4.8 0 9.4 -6.72 0 6.9 -5.34 0 5.54
3 15 -4.8 0 7.89 -5.34 0 5.54 -3.92 0 7
4 15 -6.4 0 5.75 -6.28 0 5.92 -6.94 0 6.46 -6.99 0 5.75
3 15 -6.94 0 6.46 -7.45 0 6 -6.99 0 5.75
4 15 -6.97 0 5.19 -6.99 0 5.75 -7.45 0 6 -8.61 0 6.24
3 15 -7.44 0 6.9 -8.61 0 6.24 -7.45 0 6
4 15 -6.1 0 5.21 -6.53 0 5.58 -6.97 0 5.19 -6.1 0 4.24
4 15 -6.61 0 4.16 -6.24 0 4.14 -6.97 0 5.19 -8.61 0 6.24
4 15 -6.26 0 3.72 -6.61 0 4.16 -8.61 0 6.24 -4.5 0 0.44495
3 15 -6.26 0 3.72 -4.5 0 0.44495 -4.49928 0 2.90083
4 15 -6.26 0 3.72 -4.49928 0 2.90083 -4.4655 0 3.2545 -4.58061 0 3.42678
3 15 -6.26 0 3.72 -4.58061 0 3.42678 -4.62104 0 3.63
3 15 -4.58061 0 3.83322 -6.26 0 3.72 -4.62104 0 3.63
4 15 -6.26 0 3.72 -4.58061 0 3.83322 -4.4655 0 4.0055 -4.85 0 5.17
3 15 -4.85 0 5.17 -4.4655 0 4.0055 -4.29322 0 4.12061
3 15 -4.85 0 5.17 -4.29322 0 4.12061 -4.09 0 4.16104
4 15 -4.85 0 5.17 -4.09 0 4.16104 -3.88678 0 4.12061 -2.99 0 6.03
4 15 -3.42813 0 4.14 -2.99 0 6.03 -3.88678 0 4.12061 -3.7145 0 4.0055
4 15 -2.99 0 6.03 -3.42813 0 4.14 -1.30682 0 4.14 -1.20855 0 4.28707
4 15 -4.41528 0 2.8447 -4.29322 0 3.13939 -4.4655 0 3.2545 -4.49928 0 2.90083
4 15 -3.61208 0 2.9467 -3.48896 0 3.02896 -3.7145 0 3.2545 -3.88678 0 3.13939
4 15 -3.61208 0 2.9467 -4.09 0 2.78 -3.25 0 2.46 -2.38 0 2.48
4 15 -1.524 0 3.4 -1.40647 0 3.99086 -2.38 0 2.48 -2.43 0 1.71
3 15 -2.38 0 2.48 -3.25 0 2.46 -2.43 0 1.71
3 15 -3.25 0 2.46 -2.8055 0 1.2355 -2.63322 0 1.35061
3 15 -3.25 0 2.46 -2.92061 0 1.06322 -2.8055 0 1.2355
4 15 -2.96104 0 0.86 -2.92061 0 1.06322 -3.25 0 2.46 -4.23088 0 0.06549
4 15 -2.92061 0 0.65678 -2.96104 0 0.86 -4.23088 0 0.06549 -4.27 0 -0.03
4 15 -2.8055 0 0.4845 -2.92061 0 0.65678 -4.27 0 -0.03 -3.4 0 -0.04
4 15 -2.63322 0 0.36939 -2.8055 0 0.4845 -3.4 0 -0.04 -3 0 -0.5
4 15 -2.43 0 0.32896 -2.63322 0 0.36939 -3 0 -0.5 -2.10472 0 0.0747
3 15 -2.22678 0 0.36939 -2.43 0 0.32896 -2.10472 0 0.0747
4 15 -2.10472 0 0.0747 -3 0 -0.5 -1.08 0 -1.85 0.37 0 -1.74
3 15 0.37 0 -1.74 -1.08 0 -1.85 0.37 0 -1.85
4 15 -1.08 0 -1.85 -3 0 -0.5 -4.13 0 -0.5 -1.76 0 -2.61
3 15 -4.13 0 -0.5 0 0 -5.9 -1.76 0 -2.61
3 15 -1.76 0 -2.61 0 0 -5.9 -0.88 0 -3.39
4 15 -0.51 0 -2.5 -0.51 0 -2.33 -1.01 0 -2.32 -0.88 0 -2.82
4 15 -0.88 0 -2.82 -1.01 0 -2.32 -1.76 0 -2.61 -0.88 0 -3.39
4 15 -0.12 0 -2.6 -0.88 0 -3.39 0 0 -5.9 0.88 0 -2.59
4 15 0.88 0 -2.59 0 0 -5.9 2.22 0 -2.31 1.11 0 -2.32
3 15 3.74773 0 -0.61575 2.22 0 -2.31 0 0 -5.9
4 15 1.86 0 -1.84 2.22 0 -2.31 3.74773 0 -0.61575 3.27 0 -0.14
4 15 1.26 0 -1.84 1.86 0 -1.84 3.27 0 -0.14 2.5 0 0.24
4 15 4.11 0 0.24 2.5 0 0.24 3.27 0 -0.14 4.09 0 -0.14
3 15 5.92597 0 2.45555 4.11 0 0.24 4.09 0 -0.14
4 15 3.46 0 0.91 4.11 0 0.24 5.92597 0 2.45555 3.62 0 1.2
4 15 2.95 0 1.87 3.62 0 1.2 5.92597 0 2.45555 3.07 0 2.15
4 15 3.07 0 2.15 5.92597 0 2.45555 4.83 0 4.98 2.73 0 4.1
4 15 0.9565 0 4.2965 3.07 0 2.15 2.73 0 4.1 0.61086 0 4.82647
4 15 0.75 0 1.86 2.95 0 1.87 3.07 0 2.15 0.02 0 2.13216
3 15 0.02 0 2.13216 0.02 0 1.856 0.75 0 1.86
4 15 0.75 0 1.86 0.02 0 1.856 -0.74 0 1.02 1.49 0 1.18
4 15 1.82 0 0.91 1.49 0 1.18 -0.74 0 1.02 1.26 0 -1.84
3 15 1.82 0 0.91 1.26 0 -1.84 2.5 0 0.24
4 15 1.82 0 0.91 3.46 0 0.91 3.62 0 1.2 1.49 0 1.18
4 15 -0.74 0 1.02 0.02 0 1.856 -1.58 0 0.86 -1.82896 0 0.25896
3 15 -1.58 0 0.86 -1.89896 0 0.86 -1.93939 0 0.65678
3 15 -1.30682 0 4.14 -1.40647 0 3.99086 -1.15133 0 3.88518
3 15 -1.20855 0 4.28707 -1.30682 0 4.14 -1.15133 0 3.88518
3 15 0.61086 0 4.82647 0.50518 0 4.57133 0.9565 0 4.2965
4 15 0.61086 0 4.82647 2.73 0 4.1 2.42 0 8.8 -1.2 0 6.68
3 15 2.42 0 8.8 0.8 0 8.7 -1.2 0 6.68
4 15 0.8 0 8.7 2.42 0 8.8 0.52609 0 8.88391 0.28472 0 8.72263
4 15 2.42 0 8.8 2.73 0 4.1 2.73 0 11.5232 2.372 0 12.68
3 15 2.74078 0 12.123 2.73 0 11.5232 2.994 0 11.744
4 15 2.26 0 13.02 -0.28472 0 10.0974 0.18 0 10.134 2.372 0 12.68
4 15 7.66565 0 4.90848 3.3897 0 11.2015 3.27 0 10.82 7.47909 0 4.64543
4 15 3.27 0 10.82 2.73 0 11.5232 4.83 0 4.98 5.92597 0 2.45555
4 15 2.372 0 12.68 2.65186 0 12.57 2.74078 0 13.017 2.26 0 13.02
4 15 2.26 0 13.02 2.74078 0 13.017 2.994 0 13.396 1.44 0 14.76
4 15 0.84 0 15.55 1.97 0 15.36 0 0 18.49 0.59 0 15.66
3 15 0 0 18.49 0.32 0 15.91 0.59 0 15.66
3 15 0 0 18.49 0.1 0 16.03 0.32 0 15.91
3 15 0 0 18.49 -0.16 0 16.05 0.1 0 16.03
3 15 0 0 18.49 -0.44 0 15.99 -0.16 0 16.05
4 15 -0.64 0 15.92 -0.44 0 15.99 0 0 18.49 -1.59 0 16.22
4 0x296CA3C 4.85572 0 11.5815 5.14854 0 12.0197 4.89922 0 12.123 4.69253 0 11.8136
4 0 5.92597 0 2.45555 6.15 0 1.75 7.81 0 4.16 7.47909 0 4.64543
3 0 3.27 0 10.82 5.92597 0 2.45555 7.47909 0 4.64543
3 0 8.48 0 8.89 7.66565 0 4.90848 8.48 0 3.71
3 0 4.3703 0 11.2415 3.82 0 11.132 7.66565 0 4.90848
3 0 3.3897 0 11.2015 7.66565 0 4.90848 3.82 0 11.132
3 0 5.14854 0 12.0197 4.85572 0 11.5815 8.48 0 8.89
3 0 4.85572 0 11.5815 4.83682 0 11.5532 8.48 0 8.89
3 0 3.82 0 12.57 4.69253 0 11.8136 4.89922 0 12.123
4 0x296CA3C 3.39877 0 13.6544 3.82 0 13.7381 4.8 0 20.6 2.4 0 20.6
3 0 -2.66383 0 14.7 -2.87 0 14.7 -2.74429 0 14.5855
3 0 -2.66383 0 14.7 -2.74429 0 14.5855 -2.31 0 14.19
4 15 3.39877 0 13.6544 0 0 18.49 1.97 0 15.36 3.37297 0 13.6492
4 15 3.37297 0 13.6492 1.97 0 15.36 1.44 0 14.76 2.994 0 13.396
3 0 3.39877 0 13.6544 3.37297 0 13.6492 3.82 0 12.57
3 15 -6.97 0 5.19 -6.24 0 4.14 -6.1 0 4.24
3 0 -4.41528 0 2.8447 -4.5 0 0.44495 -4.09 0 2.78
