0 Sticker  3.4 x  3.8 with "TINE" Logo
0 Name: 22587a.dat
0 Author: J.C. Tchang [tchang]
0 !LICENSE Licensed under CC BY 4.0 : see CAreadme.txt
0 BFC CERTIFY CCW
0 !KEYWORDS Milk, set 1029
1 16 0 -0.25 0 38 0 0 0 0.25 0 0 0 34 box5-12.dat
1 15 0 -0.25 -2.32 3.2 0 0 0 1 0 0 0 3.2 s\22587s01.dat
4 15 -38 -0.25 -34 38 -0.25 -34 37.44 -0.25 -25.84 -37.44 -0.25 -25.84
4 15 -37.44 -0.25 -25.84 -37.44 -0.25 21.2 -38 -0.25 34 -38 -0.25 -34
4 15 38 -0.25 -34 38 -0.25 34 37.44 -0.25 21.2 37.44 -0.25 -25.84
4 15 -37.44 -0.25 21.2 37.44 -0.25 21.2 38 -0.25 34 -38 -0.25 34
