0 Duplo Baseplate 16 x 24 with 93 Stud Irregular Gap with Blue Pond Pattern
0 Name: 2296p01.dat
0 Author: Steffen [Steffen]
0 !LDRAW_ORG Unofficial_Part
0 !LICENSE Redistributable under CCAL version 2.0 : see CAreadme.txt

0 BFC CERTIFY CCW

0 !CATEGORY Baseplate

0 !KEYWORDS lake, water, set 9059
0 !CMDLINE -c2

0 !HISTORY 2019-05-25 [Steffen] created in Billund

1 16 0 0 0 1 0 0 0 1 0 0 0 1 s\6475s01.dat
3 1 352.2 0 -243.8 366.5 0 -236.5 294.8 0 -174.5
4 1 294.8 0 -174.5 366.5 0 -236.5 379.8 0 -230.2 393.5 0 -221.5
3 1 340.5 0 -251.2 352.2 0 -243.8 294.8 0 -174.5
4 1 322.2 0 -264.2 334.2 0 -255.5 294.8 0 -174.5 315.2 0 -268.2
3 1 294.5 0 -268.2 304.5 0 -268.2 294.8 0 -174.5
3 1 283.5 0 -268.2 294.5 0 -268.2 294.8 0 -174.5
3 1 268.8 0 -269.8 283.5 0 -268.2 294.8 0 -174.5
4 1 252.2 0 -271.8 268.8 0 -269.8 294.8 0 -174.5 224.8 0 -271.8
3 1 304.5 0 -268.2 315.2 0 -268.2 294.8 0 -174.5
3 1 334.2 0 -255.5 340.5 0 -251.2 294.8 0 -174.5
4 1 294.8 0 -174.5 393.5 0 -221.5 394.8 0 -200.8 394.2 0 -181.8
4 1 294.8 0 -174.5 168.2 0 -179.8 172.5 0 -205.2 177.8 0 -225.5
4 1 218.5 0 -270.8 224.8 0 -271.8 294.8 0 -174.5 211.8 0 -262.5
4 1 197.2 0 -246.8 211.8 0 -262.5 294.8 0 -174.5 189.8 0 -236.5
3 1 189.8 0 -236.5 294.8 0 -174.5 177.8 0 -225.5
4 1 294.8 0 -174.5 394.2 0 -181.8 392.2 0 -165.2 168.2 0 -86.8
4 1 294.8 0 -174.5 168.2 0 -86.8 161.2 0 -110.2 160.8 0 -134.8
4 1 164.2 0 -159.5 168.2 0 -179.8 294.8 0 -174.5 160.8 0 -134.8
3 1 392.2 0 -165.2 390.2 0 -137.5 168.2 0 -86.8
3 1 390.2 0 -137.5 388.8 0 -113.5 168.2 0 -86.8
3 1 388.8 0 -113.5 390.5 0 -91.2 168.2 0 -86.8
4 1 397.5 0 -75.5 171.8 0 -66.8 168.2 0 -86.8 390.5 0 -91.2
4 1 397.5 0 -75.5 399.5 0 -54.8 173.5 0 -48.8 171.8 0 -66.8
4 1 399.2 0 -33.5 169.2 0 -28.8 173.5 0 -48.8 399.5 0 -54.8
4 1 166.2 0 -14.5 169.2 0 -28.8 399.2 0 -33.5 397.8 0 -7.2
4 1 229.2 0 93.5 164.2 0 -1.2 166.2 0 -14.5 397.8 0 -7.2
3 1 397.8 0 -7.2 393.5 0 15.5 229.2 0 93.5
3 1 393.5 0 15.5 392.5 0 48.5 229.2 0 93.5
4 1 229.2 0 93.5 392.5 0 48.5 399.8 0 87.2 401.8 0 129.2
4 1 229.2 0 93.5 401.8 0 129.2 405.2 0 166.2 401.8 0 182.2
4 1 229.2 0 93.5 401.8 0 182.2 397.2 0 186.2 354.2 0 217.8
4 1 229.2 0 93.5 296.2 0 265.2 264.5 0 267.2 243.5 0 266.8
4 1 229.2 0 93.5 243.5 0 266.8 186.5 0 244.8 102.8 0 208.5
3 1 229.2 0 93.5 339.8 0 227.8 332.8 0 234.2
4 1 229.2 0 93.5 332.8 0 234.2 320.5 0 252.8 310.5 0 263.5
3 1 229.2 0 93.5 310.5 0 263.5 296.2 0 265.2
3 1 229.2 0 93.5 354.2 0 217.8 339.8 0 227.8
4 1 229.2 0 93.5 102.8 0 208.5 93.8 0 201.2 74.8 0 180.2
3 1 164.2 0 -1.2 229.2 0 93.5 162.8 0 2.2
3 1 162.8 0 2.2 229.2 0 93.5 156.8 0 3.8
4 1 143.5 0 6.5 156.8 0 3.8 229.2 0 93.5 132.8 0 10.5
4 1 123.5 0 21.8 132.8 0 10.5 229.2 0 93.5 113.2 0 37.8
4 1 101.2 0 52.5 113.2 0 37.8 229.2 0 93.5 89.2 0 68.2
3 1 89.2 0 68.2 229.2 0 93.5 80.5 0 74.2
4 1 64.5 0 83.2 80.5 0 74.2 229.2 0 93.5 61.5 0 152.5
4 1 49.5 0 101.8 48.8 0 93.8 52.8 0 89.8 61.5 0 152.5
3 1 64.5 0 83.2 61.5 0 152.5 52.8 0 89.8
3 1 229.2 0 93.5 74.8 0 180.2 61.5 0 152.5
3 16 397.2 0 186.2 408 0 248 354.2 0 217.8
3 16 401.8 0 182.2 408 0 248 397.2 0 186.2
4 16 408 0 248 401.8 0 182.2 405.2 0 166.2 480 0 248
4 16 339.8 0 227.8 354.2 0 217.8 408 0 248 408 0 320
4 16 332.8 0 234.2 339.8 0 227.8 408 0 320 320.5 0 252.8
3 16 320.5 0 252.8 408 0 320 310.5 0 263.5
4 16 177.8 0 -225.5 -193.3 0 -119.8 -408 0 -248 181 0 -294.1
4 16 393.5 0 -221.5 379.8 0 -230.2 408 0 -248 480 0 -248
4 16 408 0 -248 379.8 0 -230.2 366.5 0 -236.5 352.2 0 -243.8
3 16 408 0 -320 322.2 0 -264.2 315.2 0 -268.2
4 16 408 0 -320 352.2 0 -243.8 340.5 0 -251.2 334.2 0 -255.5
3 16 408 0 -320 334.2 0 -255.5 322.2 0 -264.2
3 16 408 0 -320 408 0 -248 352.2 0 -243.8
4 16 408 0 -320 252.2 0 -271.8 224.8 0 -271.8 181 0 -294.1
3 16 408 0 -320 315.2 0 -268.2 304.5 0 -268.2
3 16 480 0 -248 399.2 0 -33.5 399.5 0 -54.8
4 16 397.8 0 -7.2 399.2 0 -33.5 480 0 -248 480 0 248
3 16 480 0 -248 399.5 0 -54.8 397.5 0 -75.5
3 16 480 0 -248 394.8 0 -200.8 393.5 0 -221.5
3 16 480 0 -248 394.2 0 -181.8 394.8 0 -200.8
4 16 392.2 0 -165.2 394.2 0 -181.8 480 0 -248 390.2 0 -137.5
4 16 388.8 0 -113.5 390.2 0 -137.5 480 0 -248 390.5 0 -91.2
3 16 480 0 -248 397.5 0 -75.5 390.5 0 -91.2
4 16 393.5 0 15.5 397.8 0 -7.2 480 0 248 392.5 0 48.5
3 16 392.5 0 48.5 480 0 248 399.8 0 87.2
4 16 401.8 0 129.2 399.8 0 87.2 480 0 248 405.2 0 166.2
3 16 -193.3 0 -119.8 64.5 0 83.2 52.8 0 89.8
4 16 80.5 0 74.2 64.5 0 83.2 -193.3 0 -119.8 89.2 0 68.2
3 16 -193.3 0 -119.8 101.2 0 52.5 89.2 0 68.2
4 16 113.2 0 37.8 101.2 0 52.5 -193.3 0 -119.8 123.5 0 21.8
4 16 132.8 0 10.5 123.5 0 21.8 -193.3 0 -119.8 173.5 0 -48.8
4 16 171.8 0 -66.8 173.5 0 -48.8 -193.3 0 -119.8 168.2 0 -86.8
4 16 169.2 0 -28.8 143.5 0 6.5 132.8 0 10.5 173.5 0 -48.8
4 16 166.2 0 -14.5 156.8 0 3.8 143.5 0 6.5 169.2 0 -28.8
4 16 156.8 0 3.8 166.2 0 -14.5 164.2 0 -1.2 162.8 0 2.2
3 16 160.8 0 -134.8 161.2 0 -110.2 -193.3 0 -119.8
3 16 -193.3 0 -119.8 161.2 0 -110.2 168.2 0 -86.8
4 16 -193.3 0 -119.8 172.5 0 -205.2 168.2 0 -179.8 164.2 0 -159.5
3 16 164.2 0 -159.5 160.8 0 -134.8 -193.3 0 -119.8
3 16 177.8 0 -225.5 172.5 0 -205.2 -193.3 0 -119.8
3 16 181 0 -294.1 224.8 0 -271.8 218.5 0 -270.8
4 16 181 0 -294.1 218.5 0 -270.8 211.8 0 -262.5 197.2 0 -246.8
4 16 181 0 -294.1 197.2 0 -246.8 189.8 0 -236.5 177.8 0 -225.5
4 16 268.8 0 -269.8 252.2 0 -271.8 408 0 -320 283.5 0 -268.2
3 16 408 0 -320 294.5 0 -268.2 283.5 0 -268.2
3 16 408 0 -320 304.5 0 -268.2 294.5 0 -268.2
3 16 310.5 0 263.5 408 0 320 296.2 0 265.2
3 16 296.2 0 265.2 408 0 320 264.5 0 267.2
3 16 243.5 0 266.8 264.5 0 267.2 408 0 320
4 16 -408 0 248 243.5 0 266.8 408 0 320 -408 0 320
3 16 186.5 0 244.8 243.5 0 266.8 -408 0 248
4 16 181 0 -294.1 -408 0 -248 -408 0 -320 408 0 -320
4 16 -193.3 0 -119.8 52.8 0 89.8 48.8 0 93.8 -408 0 248
3 16 48.8 0 93.8 49.5 0 101.8 -408 0 248
3 16 49.5 0 101.8 61.5 0 152.5 -408 0 248
3 16 61.5 0 152.5 74.8 0 180.2 -408 0 248
3 16 102.8 0 208.5 186.5 0 244.8 -408 0 248
3 16 74.8 0 180.2 93.8 0 201.2 -408 0 248
3 16 93.8 0 201.2 102.8 0 208.5 -408 0 248
4 16 -408 0 -248 -193.3 0 -119.8 -408 0 248 -480 0 -248
3 16 -480 0 -248 -408 0 248 -480 0 248
1 16 408 0 248 72 0 0 0 1 0 0 0 72 48\1-4disc.dat
1 16 -408 0 248 -72 0 0 0 1 0 0 0 72 48\1-4disc.dat
1 16 -408 0 -248 -72 0 0 0 1 0 0 0 -72 48\1-4disc.dat
1 16 408 0 -248 72 0 0 0 1 0 0 0 -72 48\1-4disc.dat
1 16 -300 0 -140 0 0 1 0 1 0 -1 0 0 stug20-7x7.dat
1 16 -300 0 140 0 0 1 0 1 0 -1 0 0 stug20-7x7.dat
1 16 0 0 -160 0 0 1 0 1 0 -1 0 0 stug20-8x8.dat
1 16 -460 0 140 0 0 1 0 1 0 -1 0 0 stug20-1x7.dat
1 16 -460 0 -140 0 0 1 0 1 0 -1 0 0 stug20-1x7.dat
1 16 420 0 -140 0 0 1 0 1 0 -1 0 0 stug20-1x7.dat
1 16 420 0 140 0 0 1 0 1 0 -1 0 0 stug20-1x7.dat
1 16 460 0 140 0 0 1 0 1 0 -1 0 0 stug20-1x7.dat
1 16 460 0 -140 0 0 1 0 1 0 -1 0 0 stug20-1x7.dat
1 16 -60 0 100 0 0 1 0 1 0 -1 0 0 stug20-5x5.dat
1 16 -100 0 260 0 0 1 0 1 0 -1 0 0 stug20-3x3.dat
1 16 20 0 260 0 0 1 0 1 0 -1 0 0 stug20-3x3.dat
1 16 120 0 280 0 0 1 0 1 0 -1 0 0 stug20-2x2.dat
1 16 -300 0 300 0 0 1 0 1 0 -1 0 0 stug20-7x1.dat
1 16 -300 0 -300 0 0 1 0 1 0 -1 0 0 stug20-7x1.dat
1 16 300 0 -300 0 0 1 0 1 0 -1 0 0 stug20-7x1.dat
1 16 300 0 300 0 0 1 0 1 0 -1 0 0 stug20-7x1.dat
1 16 380 0 -260 0 0 1 0 1 0 -1 0 0 stud20.dat
1 16 180 0 -260 0 0 1 0 1 0 -1 0 0 stud20.dat
1 16 60 0 20 0 0 1 0 1 0 -1 0 0 stud20.dat
1 16 100 0 20 0 0 1 0 1 0 -1 0 0 stud20.dat
1 16 60 0 60 0 0 1 0 1 0 -1 0 0 stud20.dat
1 16 380 0 260 0 0 1 0 1 0 -1 0 0 stud20.dat
1 16 380 0 220 0 0 1 0 1 0 -1 0 0 stud20.dat
1 16 340 0 260 0 0 1 0 1 0 -1 0 0 stud20.dat
