0 Panel Wall  3 x  3 x  6 Corner
0 Name: 2345.dat
0 Author: James Jessiman
0 !LICENSE Licensed under CC BY 4.0 : see CAreadme.txt
0 BFC CERTIFY CCW
0 !KEYWORDS Castle Wall
1 16 0 0 0 1 0 0 0 1 0 0 0 1 s\2345s01.dat
4 16 30 120 30 30 24 30 30 24 10 30 120 10
4 16 -10 120 -30 -10 24 -30 -30 24 -30 -30 120 -30
4 16 30 144 10 30 0 10 24.2418 140 4.2424 24.2418 144 4.2424
4 16 15.7566 144 -4.2428 15.7566 140 -4.2428 4.2428 140 -15.7566 4.2428 144 -15.7566
4 16 -10 144 -30 -4.2424 144 -24.2418 -4.2424 140 -24.2418 -10 0 -30
4 16 30 0 10 -10 0 -30 -4.2424 140 -24.2418 24.2418 140 4.2424
2 24 30 24 10 30 120 10
2 24 -10 24 -30 -10 120 -30
