0 Tile  1 x  4 with Gold Dotted Lines and Dark Purple and Reddish Brown Swaths Pattern
0 Name: 2431pz5.dat
0 Author: Ulrich Röder [UR]
0 !LDRAW_ORG Unofficial_Part
0 !LICENSE Redistributable under CCAL version 2.0 : see CAreadme.txt

0 BFC CERTIFY CCW

0 !KEYWORDS BrickLink 2431pb534, Set 41621, Brickheadz, Albus Dumbledore

0 // Main

1 16 0 0 0 1 0 0 0 1 0 0 0 1 s\2431s01.dat
1 16 -33.25 0 -3.75 -6 0 0 0 1 0 0 0 -5.5 1-4ndis.dat
1 16 -37.5 0 3.5 -0.7 0 0 0 1 0 0 0 -0.7 4-4ndis.dat
1 16 -29.75 0 6.5 -0.7 0 0 0 1 0 0 0 -0.7 4-4ndis.dat
1 16 -29.25 0 8.75 -0.7 0 0 0 1 0 0 0 -0.7 4-4ndis.dat
1 16 -30 0 4 -0.7 0 0 0 1 0 0 0 -0.7 4-4ndis.dat
1 16 -24.5 0 4.16 -0.7 0 0 0 1 0 0 0 -0.7 4-4ndis.dat
1 16 -25.25 0 1.95 -0.7 0 0 0 1 0 0 0 0.7 2-4ndis.dat
1 16 -21.25 0 -5.75 -0.7 0 0 0 1 0 0 0 -0.7 4-4ndis.dat
1 16 -21.5 0 -8 -0.7 0 0 0 1 0 0 0 -0.7 4-4ndis.dat
1 16 -12.25 0 3 -0.7 0 0 0 1 0 0 0 0.7 1-4ndis.dat
1 16 -12.5 0 0 0 0 -0.7 0 1 0 0.7 0 0 2-4ndis.dat
1 16 -20.75 0 -3.75 0.7 0 0 0 1 0 0 0 -0.7 3-4ndis.dat
1 16 -3.75 0 -1 -0.7 0 0 0 1 0 0 0 -0.7 4-4ndis.dat
1 16 -4.35 0 -6.75 -0.7 0 0 0 1 0 0 0 -0.7 4-4ndis.dat
1 16 -4 0 5.25 -0.7 0 0 0 1 0 0 0 -0.7 4-4ndis.dat
1 16 4.25 0 2.75 -0.7 0 0 0 1 0 0 0 -0.7 4-4ndis.dat
1 16 6.25 0 3.5 -0.7 0 0 0 1 0 0 0 -0.7 4-4ndis.dat
1 16 8.5 0 3.75 -0.7 0 0 0 1 0 0 0 -0.7 4-4ndis.dat
1 16 10.5 0 3.5 -0.7 0 0 0 1 0 0 0 -0.7 4-4ndis.dat
1 16 12.25 0 2.75 0 0 -0.7 0 1 0 -0.7 0 0 2-4ndis.dat
1 16 18.75 0 -0.75 0 0 0.7 0 1 0 -0.7 0 0 1-4ndis.dat
1 16 20.75 0 -0.25 0 0 -0.7 0 1 0 0.7 0 0 2-4ndis.dat
1 16 20.75 0 -0.25 0 0 0.7 0 1 0 0.7 0 0 1-8ndis.dat
1 16 22.75 0 0.75 0.7 0 0 0 1 0 0 0 0.7 2-4ndis.dat
1 16 24.75 0 1.5 -0.7 0 0 0 1 0 0 0 -0.7 4-4ndis.dat
1 16 27 0 1.75 -0.7 0 0 0 1 0 0 0 -0.7 4-4ndis.dat
1 16 29 0 1.25 -0.7 0 0 0 1 0 0 0 -0.7 4-4ndis.dat
1 16 31 0 0.25 -0.7 0 0 0 1 0 0 0 -0.7 4-4ndis.dat
1 16 35.5 0 -6.75 -0.7 0 0 0 1 0 0 0 -0.7 4-4ndis.dat
1 16 37.5 0 -8 -0.7 0 0 0 1 0 0 0 -0.7 4-4ndis.dat
1 16 37 0 2 -0.7 0 0 0 1 0 0 0 -0.7 4-4ndis.dat
1 16 36.75 0 4.25 -0.7 0 0 0 1 0 0 0 -0.7 4-4ndis.dat
1 16 32.91 0 -0.58 -0.7 0 0 0 1 0 0 0 -0.7 1-8ndis.dat
1 16 32.91 0 -0.58 0 0 0.7 0 1 0 0.7 0 0 1-8ndis.dat
1 16 32.91 0 -0.58 -0.7 0 0 0 1 0 0 0 0.7 1-4ndis.dat
4 16 21.245 0 0.245 21.397 0 0.018 22.05 0 0.75 21.45 0 0.45
3 16 21.397 0 0.018 22.103 0 0.482 22.05 0 0.75
3 16 19.245 0 -0.255 19.4 0 1.7 19.018 0 -0.103
3 16 -3.65 0 -6.75 -3.65 0 -7.45 -3.5 0 -6.75
3 16 -39.25 0 9.6 -40 0 10 -39.25 0 7.54
4 16 -40 0 10 -40 0 -10 -39.25 0 4.6 -39.25 0 7.54
3 16 -39.25 0 1.95 -39.25 0 4.6 -40 0 -10
3 16 -39.25 0 -3.75 -39.25 0 1.95 -40 0 -10
3 16 -17.5 0 9.6 -18.3 0 10 -18.95 0 9.6
4 16 -7 0 10 -18.3 0 10 -17.5 0 9.6 -13.8 0 9.6
4 16 -13.8 0 3.95 -12.95 0 3.7 -12.25 0 3.7 -13.8 0 9.6
4 16 -11.67 0 4.61 -13.8 0 9.6 -12.25 0 3.7 -11.982 0 3.647
3 16 -11.67 0 4.61 -11.04 0 5.49 -13.8 0 9.6
4 16 -11.04 0 5.49 -10.09 0 6.23 -7 0 10 -13.8 0 9.6
3 16 -10.09 0 6.23 -9.1 0 6.79 -7 0 10
3 16 -9.1 0 6.79 -8.2 0 7.19 -7 0 10
3 16 -8.2 0 7.19 -7.2 0 7.5 -7 0 10
3 16 -7.2 0 7.5 -6.2 0 7.7 -7 0 10
3 16 -4.7 0 5.95 -5.05 0 7.8 -5.05 0 4.7
4 16 -3.2 0 7.7 -4.7 0 5.95 -4 0 5.95 -3.2 0 7
4 16 -3.3 0 5.95 -3.2 0 6.3 -3.2 0 7 -4 0 5.95
4 16 -4.7 0 5.95 -3.2 0 7.7 -3.2 0 9.8 -5.05 0 7.8
4 16 -6.2 0 7.7 -5.05 0 7.8 -3.2 0 9.8 -7 0 10
3 16 -12.518 0 2.353 -12.5 0 0.7 -12.25 0 2.3
4 16 -12.518 0 2.353 -12.745 0 2.505 -13.2 0 0.7 -12.5 0 0.7
4 16 -13.8 0 2.55 -13.2 0 0.7 -12.745 0 2.505 -12.897 0 2.732
4 16 -13.8 0 3.25 -13.8 0 2.55 -12.897 0 2.732 -12.95 0 3
4 16 -12.95 0 3 -12.95 0 3.7 -13.8 0 3.95 -13.8 0 3.25
3 16 -13.8 0 2.55 -13.2 0 0 -13.2 0 0.7
4 16 -12.5 0 -9.3 -13.8 0 -3.75 -20.05 0 -3.75 -20.05 0 -4.45
4 16 -13.2 0 -0.7 -13.8 0 -3.75 -12.5 0 -9.3 -12.5 0 -0.7
4 16 -13.8 0 2.55 -13.8 0 -3.75 -13.2 0 -0.7 -13.2 0 0
4 16 -5.05 0 -9.3 -12.5 0 -9.3 -19 0 -10 -2.925 0 -10
4 16 -4.45 0 -1.7 -4.45 0 -1 -5.05 0 -0.95 -5.05 0 -6.05
4 16 -4.45 0 -0.3 -5.05 0 3.3 -5.05 0 -0.95 -4.45 0 -1
3 16 -5.05 0 -9.3 -4.35 0 -7.45 -5.05 0 -7.45
4 16 -3.4 0 -8.2 -3.65 0 -7.45 -4.35 0 -7.45 -5.05 0 -9.3
4 16 -3 0 -8.65 -3.4 0 -8.2 -5.05 0 -9.3 -2.925 0 -10
3 16 -2.4 0 -8.9 -3 0 -8.65 -2.925 0 -10
3 16 -2.925 0 -10 -1.4 0 -9 -2.4 0 -8.9
4 16 -1.4 0 -9 -2.925 0 -10 4.6 0 -9.3 -0.5 0 -8.8
3 16 4.6 0 -9.3 0.6 0 -8.29 -0.5 0 -8.8
3 16 4.6 0 -9.3 1.5 0 -7.7 0.6 0 -8.29
4 16 5.15 0 -8.2 2.4 0 -6.9 1.5 0 -7.7 4.6 0 -9.3
4 16 2.94 0 -6.3 2.4 0 -6.9 5.15 0 -8.2 5.9 0 -7.3
4 16 8 0 -5.4 3.5 0 -5.4 2.94 0 -6.3 5.9 0 -7.3
3 16 8 0 -5.4 3.8 0 -4.2 3.5 0 -5.4
4 16 3.8 0 -4.2 8 0 -5.4 9.3 0 -4.3 3.8 0 -3.1
3 16 3.55 0 2.05 3.8 0 -3.1 4.25 0 2.05
4 16 8.8 0 0.4 4.95 0 2.05 4.25 0 2.05 3.8 0 -3.1
4 16 4.95 0 2.05 8.8 0 0.4 6.25 0 2.8 5.55 0 2.8
3 16 8.8 0 0.4 6.95 0 2.8 6.25 0 2.8
4 16 8.5 0 3.05 7.8 0 3.05 6.95 0 2.8 8.8 0 0.4
4 16 8.5 0 3.05 8.8 0 0.4 9.8 0 2.8 9.2 0 3.05
4 16 8.8 0 0.4 11.55 0 2.05 10.5 0 2.8 9.8 0 2.8
4 16 12.25 0 2.05 11.55 0 2.05 8.8 0 0.4 12.2 0 1.1
4 16 12.2 0 1.1 8.8 0 0.4 11.7 0 -1.1 12.1 0 0.1
4 16 10.4 0 -3.2 11.2 0 -2.2 11.7 0 -1.1 8.8 0 0.4
4 16 10.4 0 -3.2 8.8 0 0.4 3.8 0 -3.1 9.3 0 -4.3
4 16 11.55 0 2.75 11.2 0 2.8 10.5 0 2.8 11.55 0 2.05
4 16 11.55 0 3.45 11.2 0 3.5 11.2 0 2.8 11.55 0 2.75
4 16 3.55 0 3.45 4.25 0 3.45 3.88 0 4.29 3.62 0 3.84
4 16 4.69 0 4.65 4.25 0 4.52 3.88 0 4.29 4.25 0 3.45
3 16 4.25 0 3.45 5.8 0 4.65 4.69 0 4.65
4 16 5.8 0 4.65 4.25 0 3.45 4.95 0 3.45 5.55 0 4.2
4 16 4.95 0 2.75 5.55 0 3.5 5.55 0 4.2 4.95 0 3.45
4 16 4.95 0 2.05 5.55 0 2.8 5.55 0 3.5 4.95 0 2.75
4 16 -40 0 -10 -19 0 -10 -24.2 0 -9.25 -33.25 0 -9.25
4 16 -22.9 0 1.95 -22.9 0 -3.7 -21.45 0 -3.75 -21.45 0 -3.05
4 16 -21.45 0 -3.05 -20.75 0 -3.05 -20.75 0 4.6 -22.9 0 1.95
3 16 -22.9 0 1.95 -24.55 0 2.65 -24.55 0 1.95
3 16 -23.8 0 4.16 -23.8 0 3.46 -22.5 0 4.8
4 16 -22.9 0 1.95 -20.75 0 4.6 -22.5 0 4.8 -23.8 0 3.46
3 16 -22.5 0 4.8 -23.8 0 4.86 -23.8 0 4.16
4 16 -24.7 0 5.56 -24.5 0 4.86 -23.8 0 4.86 -23.85 0 5.1
3 16 -22.5 0 4.8 -23.85 0 5.1 -23.8 0 4.86
4 16 -25.37 0 6.2 -25.2 0 4.86 -24.5 0 4.86 -24.7 0 5.56
4 16 -25.2 0 4.86 -25.37 0 6.2 -29.05 0 5.8 -29.3 0 4.7
4 16 -25.37 0 6.2 -25.93 0 6.9 -29.05 0 6.5 -29.05 0 5.8
4 16 -29.05 0 7.2 -29.05 0 6.5 -25.93 0 6.9 -26.5 0 7.8
4 16 -26.9 0 8.5 -28.55 0 8.05 -29.05 0 7.2 -26.5 0 7.8
4 16 -28.55 0 8.05 -26.9 0 8.5 -27.1 0 9.1 -28.55 0 8.75
4 16 -28.55 0 8.75 -27.1 0 9.1 -27.2 0 9.6 -28.55 0 9.45
4 16 -34.9 0 9 -29.95 0 8.75 -29.95 0 9.45 -35.4 0 9.6
4 16 -29.95 0 8.75 -34.9 0 9 -34.28 0 8.1 -29.95 0 8.05
4 16 -33.7 0 7 -30.45 0 7.2 -29.95 0 8.05 -34.28 0 8.1
4 16 -30.45 0 7.2 -33.7 0 7 -33.42 0 5.93 -30.45 0 6.5
3 16 -33.42 0 5.93 -30.45 0 5.8 -30.45 0 6.5
4 16 -30.7 0 4.7 -30.45 0 5.8 -33.42 0 5.93 -33.33 0 4.6
3 16 -33.33 0 4.6 -30.7 0 4 -30.7 0 4.7
4 16 -36.8 0 4.2 -36.8 0 3.5 -30.7 0 4 -33.33 0 4.6
4 16 -37.5 0 4.2 -36.8 0 4.2 -33.33 0 4.6 -36.8 0 4.6
4 16 -36.8 0 4.6 -39.25 0 4.6 -38.2 0 4.2 -37.5 0 4.2
4 16 -37.5 0 2.8 -38.2 0 2.8 -39.25 0 1.95 -37.95 0 1.95
4 16 -39.25 0 1.95 -38.2 0 2.8 -38.2 0 3.5 -39.25 0 4.6
3 16 -38.2 0 3.5 -38.2 0 4.2 -39.25 0 4.6
4 16 -30.7 0 3.3 -36.55 0 1.95 -25.95 0 1.95 -30 0 3.3
4 16 -21.95 0 -5.05 -21.45 0 -4.45 -21.45 0 -3.75 -22.9 0 -3.7
4 16 -21.95 0 -5.75 -21.95 0 -5.05 -22.9 0 -3.7 -27.61 0 -3.7
4 16 -22.2 0 -7.3 -21.95 0 -6.45 -21.95 0 -5.75 -27.61 0 -3.7
4 16 -29.39 0 -6.56 -24.2 0 -9.25 -22.2 0 -7.3 -27.61 0 -3.7
4 16 -29.39 0 -6.56 -27.61 0 -3.7 -31.16 0 -5.34 -30.43 0 -5.9
4 16 -31.16 0 -5.34 -27.61 0 -3.7 -32.38 0 -3.7 -31.77 0 -4.66
3 16 -22.2 0 -7.3 -24.2 0 -9.25 -22.2 0 -8
3 16 -24.2 0 -9.25 -22.2 0 -8.7 -22.2 0 -8
3 16 -40 0 -10 -39.25 0 -9.25 -39.25 0 -3.75
3 16 -39.25 0 -9.25 -40 0 -10 -33.25 0 -9.25
4 16 -22.9 0 1.95 -23.8 0 3.46 -24.5 0 3.46 -24.55 0 2.65
4 16 -25.25 0 2.65 -24.55 0 2.65 -24.5 0 3.46 -25.2 0 3.46
4 16 -29.3 0 3.3 -25.95 0 2.65 -25.25 0 2.65 -25.2 0 3.46
4 16 -25.2 0 4.86 -29.3 0 4.7 -29.3 0 4 -25.2 0 4.16
4 16 -25.2 0 4.16 -29.3 0 4 -29.3 0 3.3 -25.2 0 3.46
4 16 -30 0 3.3 -25.95 0 1.95 -25.95 0 2.65 -29.3 0 3.3
4 16 -37.95 0 1.95 -37.25 0 1.95 -36.8 0 2.8 -37.5 0 2.8
4 16 -36.8 0 3.5 -36.8 0 2.8 -30.7 0 3.3 -30.7 0 4
4 16 -37.25 0 1.95 -36.55 0 1.95 -30.7 0 3.3 -36.8 0 2.8
4 16 -29.3 0 4.7 -29.05 0 5.8 -29.75 0 5.8 -30 0 4.7
4 16 -29.75 0 5.8 -30.45 0 5.8 -30.7 0 4.7 -30 0 4.7
4 16 -29.75 0 7.2 -29.25 0 8.05 -29.95 0 8.05 -30.45 0 7.2
4 16 -29.05 0 7.2 -28.55 0 8.05 -29.25 0 8.05 -29.75 0 7.2
4 16 -29.25 0 9.45 -28.55 0 9.45 -27.2 0 9.6 -27.3 0 10
4 16 -29.25 0 9.45 -27.3 0 10 -35.4 0 9.6 -29.95 0 9.45
4 16 -37.5 0 9.6 -35.4 0 9.6 -27.3 0 10 -40 0 10
3 16 -40 0 10 -39.25 0 9.6 -37.5 0 9.6
4 16 -18.3 0 10 -27.3 0 10 -27.2 0 9.6 -18.95 0 9.6
4 16 -2.3 0 10 -7 0 10 -3.2 0 9.8 -0.01 0 9.8
4 16 -2.925 0 -10 16.47 0 -10 12.57 0 -9.3 4.6 0 -9.3
4 16 12.57 0 -9.3 16.47 0 -10 22.924 0 -9.191 22.82 0 -8.59
4 16 27 0 -9.19 22.924 0 -9.191 16.47 0 -10 32.94 0 -10
4 16 12.57 0 -9.3 22.82 0 -8.59 14.3 0 -7.68 13.25 0 -8.46
3 16 22.82 0 -8.59 15.84 0 -6.29 14.3 0 -7.68
4 16 15.84 0 -6.29 22.82 0 -8.59 22.629 0 -6.91 16.83 0 -5.17
3 16 22.629 0 -6.91 22.595 0 -5.63 16.83 0 -5.17
4 16 19.49 0 -4.7 16.83 0 -5.17 22.595 0 -5.63 22.66 0 -4.7
4 16 16.83 0 -5.17 19.49 0 -4.7 20.19 0 -3.32 17.72 0 -3.86
4 16 17.72 0 -3.86 20.19 0 -3.32 20.64 0 -1.8 18.49 0 -2.33
4 16 19.45 0 -1.45 18.49 0 -2.33 20.64 0 -1.8 20.75 0 -0.95
3 16 18.49 0 -2.33 19.45 0 -1.45 18.75 0 -1.45
3 16 20.75 0 -0.95 20.05 0 -0.95 19.45 0 -1.45
4 16 19.45 0 -1.45 20.05 0 -0.95 20.05 0 -0.25 19.45 0 -0.75
4 16 20.05 0 0.45 19.397 0 -0.482 19.45 0 -0.75 20.05 0 -0.25
4 16 20.05 0 0.45 19.4 0 1.7 19.245 0 -0.255 19.397 0 -0.482
4 16 19.4 0 1.7 20.05 0 0.45 20.75 0 0.45 20.95 0 1.7
4 16 20.75 0 0.45 21.45 0 0.45 22.05 0 0.75 20.95 0 1.7
3 16 22.05 0 0.75 22.05 0 1.45 20.95 0 1.7
4 16 22.89 0 4.9 22.69 0 5.41 20.95 0 1.7 22.05 0 1.45
4 16 22.89 0 4.9 22.05 0 1.45 22.75 0 1.45 23.55 0 4.4
4 16 24.05 0 2.2 23.55 0 4.4 22.75 0 1.45 23.45 0 1.45
4 16 24.75 0 2.2 24.67 0 4.3 23.55 0 4.4 24.05 0 2.2
4 16 -24.2 0 -9.25 -19 0 -10 -21.5 0 -8.7 -22.2 0 -8.7
3 16 -20.8 0 -8.7 -21.5 0 -8.7 -19 0 -10
4 16 -19 0 -10 -12.5 0 -9.3 -20.8 0 -8 -20.8 0 -8.7
4 16 -20.55 0 -6.45 -20.8 0 -7.3 -20.8 0 -8 -12.5 0 -9.3
4 16 -20.55 0 -6.45 -21.25 0 -6.45 -21.5 0 -7.3 -20.8 0 -7.3
4 16 -21.25 0 -6.45 -21.95 0 -6.45 -22.2 0 -7.3 -21.5 0 -7.3
4 16 -21.95 0 -5.05 -21.25 0 -5.05 -20.75 0 -4.45 -21.45 0 -4.45
4 16 -20.05 0 -4.45 -20.75 0 -4.45 -21.25 0 -5.05 -20.55 0 -5.05
4 16 -20.55 0 -5.75 -12.5 0 -9.3 -20.05 0 -4.45 -20.55 0 -5.05
3 16 -20.55 0 -5.75 -20.55 0 -6.45 -12.5 0 -9.3
4 16 -5.05 0 4.7 -5.05 0 4 -4.7 0 5.25 -4.7 0 5.95
3 16 -4.7 0 4.55 -4.7 0 5.25 -5.05 0 4
4 16 -4 0 4.55 -4.7 0 4.55 -5.05 0 4 -5.05 0 3.3
4 16 -4 0 4.55 -5.05 0 3.3 -3.05 0 -0.3 -3.3 0 4.55
3 16 -5.05 0 3.3 -3.75 0 -0.3 -3.05 0 -0.3
3 16 -5.05 0 3.3 -4.45 0 -0.3 -3.75 0 -0.3
3 16 -3.2 0 -6.45 -3.2 0 -5.75 -3.65 0 -6.05
3 16 -3.2 0 -5.75 -3.2 0 -5.05 -3.65 0 -6.05
4 16 -4.35 0 -6.05 -3.65 0 -6.05 -3.2 0 -5.05 -3.75 0 -1.7
3 16 -3.2 0 -5.05 -3.05 0 -1.7 -3.75 0 -1.7
4 16 -3.75 0 -1.7 -4.45 0 -1.7 -5.05 0 -6.05 -4.35 0 -6.05
3 16 5.55 0 4.2 6.25 0 4.2 5.8 0 4.65
4 16 6.25 0 4.2 6.95 0 4.2 7.8 0 4.65 5.8 0 4.65
3 16 6.95 0 4.2 7.8 0 4.45 7.8 0 4.65
4 16 7.8 0 3.75 7.8 0 4.45 6.95 0 4.2 6.95 0 3.5
4 16 7.8 0 3.05 7.8 0 3.75 6.95 0 3.5 6.95 0 2.8
4 16 9.25 0 4.65 7.8 0 4.65 7.8 0 4.45 8.5 0 4.45
4 16 9.85 0 4.7 9.25 0 4.65 8.5 0 4.45 9.2 0 4.45
4 16 9.2 0 4.45 9.8 0 4.2 10.5 0 4.2 9.85 0 4.7
4 16 11.2 0 4.2 10.2 0 4.79 9.85 0 4.7 10.5 0 4.2
3 16 11.2 0 4.2 10.55 0 5.08 10.2 0 4.79
3 16 12.25 0 7.33 10.68 0 5.58 10.55 0 5.08
4 16 10.68 0 5.58 12.25 0 7.33 12.25 0 9.8 10.73 0 6.25
4 16 11.82 0 10 10.73 0 9.8 10.73 0 6.25 12.25 0 9.8
4 16 9.2 0 4.45 9.2 0 3.75 9.8 0 3.5 9.8 0 4.2
4 16 9.2 0 3.75 9.2 0 3.05 9.8 0 2.8 9.8 0 3.5
4 16 11.2 0 3.5 11.55 0 3.45 12.25 0 3.45 11.2 0 4.2
4 16 10.55 0 5.08 11.2 0 4.2 12.25 0 3.45 12.25 0 7.33
4 16 22.69 0 5.41 19.4 0 5.26 19.4 0 1.7 20.95 0 1.7
4 16 19.4 0 5.26 22.69 0 5.41 22.49 0 6.9 19.4 0 9.95
3 16 22.49 0 6.9 22.6 0 8.22 19.4 0 9.95
4 16 23.11 0 9.57 19.4 0 9.95 22.6 0 8.22 23.03 0 9.19
4 16 24.67 0 4.3 24.75 0 2.2 25.45 0 2.2 26.49 0 4.3
3 16 25.45 0 2.2 26.3 0 2.45 26.49 0 4.3
4 16 28.57 0 4.3 26.49 0 4.3 26.3 0 2.45 27 0 2.45
3 16 27 0 2.45 27.7 0 2.45 28.57 0 4.3
4 16 27.7 0 2.45 28.3 0 1.95 29 0 1.95 28.57 0 4.3
4 16 29 0 1.95 29.7 0 1.95 31.8 0 4.3 28.57 0 4.3
3 16 36.05 0 4.25 36.05 0 4.95 34.2 0 4.55
3 16 36.05 0 4.95 36.75 0 4.95 36.98 0 5.31
4 16 37.82 0 5.97 36.98 0 5.31 36.75 0 4.95 37.45 0 4.95
3 16 37.45 0 4.95 37.45 0 4.25 40 0 0.25
4 16 37.7 0 2.7 40 0 0.25 37.45 0 4.25 37.45 0 3.55
3 16 40 0 0.25 37.7 0 2.7 37.7 0 2
4 16 38.2 0 0.7 40 0 0.25 37.7 0 2 37.7 0 1.3
4 16 37 0 1.3 36.7 0 0.7 38.2 0 0.7 37.7 0 1.3
4 16 36.3 0 1.3 36 0 0.7 36.7 0 0.7 37 0 1.3
4 16 36 0 0.7 36.3 0 1.3 36.3 0 2 35.3 0 0.7
4 16 35.3 0 0.7 36.3 0 2 36.3 0 2.7 34.38 0 0.51
3 16 36.3 0 2.7 36.05 0 3.55 34.38 0 0.51
4 16 34.38 0 0.51 36.05 0 3.55 34.2 0 4.55 33.61 0 0.12
3 16 36.05 0 3.55 36.05 0 4.25 34.2 0 4.55
4 16 37.45 0 4.95 40 0 0.25 38.4 0 6.9 37.82 0 5.97
4 16 40 0 0.25 40 0 10 38.49 0 8.24 38.4 0 6.9
3 16 40 0 10 38.39 0 9.13 38.49 0 8.24
3 16 40 0 10 38.11 0 10 38.39 0 9.13
3 16 38.2 0 -7.3 40 0 0.25 38.2 0 -6.05
3 16 38.2 0 0.7 38.2 0 -6.05 40 0 0.25
3 16 40 0 -10 38.2 0 -8 38.2 0 -8.7
4 16 38.2 0 -8 40 0 -10 40 0 0.25 38.2 0 -7.3
4 16 31.84 0 -1.75 32.21 0 -1.28 32.21 0 -0.58 31.7 0 -0.45
4 16 31.7 0 0.25 31.7 0 -0.45 32.21 0 -0.58 32.21 0 0.12
4 16 31.7 0 0.25 32.21 0 0.12 32.91 0 0.12 31.7 0 0.95
4 16 32.91 0 0.12 33.61 0 0.12 34.2 0 4.55 31.7 0 0.95
3 16 31.7 0 0.95 34.2 0 4.55 31 0 0.95
4 16 31.8 0 4.3 30.3 0 0.95 31 0 0.95 34.2 0 4.55
3 16 24.05 0 2.2 23.45 0 1.45 24.05 0 1.5
4 16 23.45 0 0.75 24.05 0 0.8 24.05 0 1.5 23.45 0 1.45
3 16 27.7 0 1.05 27 0 1.05 28.3 0 0.55
4 16 26.3 0 1.05 25.45 0 0.8 28.3 0 0.55 27 0 1.05
4 16 30.3 0 0.25 30.3 0 0.95 29.7 0 1.25 29.7 0 0.55
4 16 31.8 0 4.3 29.7 0 1.95 29.7 0 1.25 30.3 0 0.95
4 16 27.7 0 1.05 28.3 0 0.55 28.3 0 1.25 27.7 0 1.75
4 16 27.7 0 1.75 28.3 0 1.25 28.3 0 1.95 27.7 0 2.45
4 16 25.45 0 0.8 26.3 0 1.05 26.3 0 1.75 25.45 0 1.5
4 16 25.45 0 1.5 26.3 0 1.75 26.3 0 2.45 25.45 0 2.2
4 16 36.75 0 3.55 36.05 0 3.55 36.3 0 2.7 37 0 2.7
4 16 37.45 0 3.55 36.75 0 3.55 37 0 2.7 37.7 0 2.7
4 16 34.8 0 -6.75 34.8 0 -6.05 30.17 0 -6.05 32.94 0 -10
3 16 32.94 0 -10 34.8 0 -7.45 34.8 0 -6.75
3 16 32.94 0 -10 35.5 0 -7.45 34.8 0 -7.45
3 16 38.2 0 -8.7 37.5 0 -8.7 40 0 -10
4 16 40 0 -10 37.5 0 -8.7 36.8 0 -8.7 32.94 0 -10
3 16 36.8 0 -8.7 36.8 0 -8 32.94 0 -10
4 16 35.5 0 -7.45 32.94 0 -10 36.8 0 -8 36.2 0 -7.45
4 16 36.2 0 -6.75 36.2 0 -7.45 36.8 0 -8 36.8 0 -7.3
4 16 36.8 0 -7.3 37.5 0 -7.3 36.2 0 -6.05 36.2 0 -6.75
4 16 38.2 0 -7.3 38.2 0 -6.05 36.2 0 -6.05 37.5 0 -7.3
3 16 27 0 -9.19 32.94 0 -10 29.44 0 -9.19
3 16 29.88 0 -8.93 29.44 0 -9.19 32.94 0 -10
3 16 32.94 0 -10 30.21 0 -8.54 29.88 0 -8.93
4 16 32.94 0 -10 30.17 0 -6.05 30.07 0 -7.71 30.21 0 -8.54
3 16 30.17 0 -6.05 29.6 0 -6.78 30.07 0 -7.71
3 16 30.17 0 -6.05 29.22 0 -6.04 29.6 0 -6.78
4 16 29.22 0 -6.04 30.17 0 -6.05 30.23 0 -5.34 28.73 0 -5.02
4 16 28.73 0 -5.02 30.23 0 -5.34 30.48 0 -4.36 28.66 0 -4.25
4 16 28.66 0 -4.25 30.48 0 -4.36 30.88 0 -3.28 28.705 0 -3.18
4 16 31.45 0 -2.31 28.83 0 -2.35 28.705 0 -3.18 30.88 0 -3.28
4 16 31.84 0 -1.75 28.87 0 -1.5 28.83 0 -2.35 31.45 0 -2.31
4 16 31.84 0 -1.75 31.7 0 -0.45 31 0 -0.45 28.87 0 -1.5
3 16 31 0 -0.45 30.3 0 -0.45 28.87 0 -1.5
4 16 30.3 0 -0.45 29 0 0.55 28.75 0 0.02 28.87 0 -1.5
3 16 29 0 0.55 28.63 0 0.39 28.75 0 0.02
3 16 28.63 0 0.39 29 0 0.55 28.3 0 0.55
4 16 30.3 0 0.25 29.7 0 0.55 29 0 0.55 30.3 0 -0.45
4 16 23.11 0 9.57 23.11 0 10 19.4 0 10 19.4 0 9.95
4 16 17.95 0 9.95 19.4 0 9.95 19.4 0 10 17.25 0 10
4 16 11.82 0 10 12.25 0 9.8 16.55 0 9.95 16.55 0 10
4 16 17.25 0 10 16.55 0 10 17.25 0 9.95 17.95 0 9.95
3 16 16.55 0 9.95 17.25 0 9.95 16.55 0 10
4 16 -2.3 0 10 -0.01 0 9.8 10.73 0 9.8 11.82 0 10
4 16 -3.65 0 -6.05 -3.65 0 -6.75 -3.5 0 -6.75 -3.2 0 -6.45

0 // Metallic Gold
1 82 .25 0 .75 .7 0 0 0 1 0 0 0 .7 4-4disc.dat
1 82 2 0 1.75 .7 0 0 0 1 0 0 0 .7 4-4disc.dat
1 82 1.75 0 4.25 .7 0 0 0 1 0 0 0 .7 4-4disc.dat
1 82 1 0 8.75 .7 0 0 0 1 0 0 0 .7 4-4disc.dat
1 82 1.5 0 6.5 .7 0 0 0 1 0 0 0 .7 4-4disc.dat
1 82 -2.5 0 7 .7 0 0 0 1 0 0 0 .7 4-4disc.dat
1 82 -1 0 8.75 .7 0 0 0 1 0 0 0 .7 4-4disc.dat
1 82 -1.75 0 -.25 .7 0 0 0 1 0 0 0 .7 4-4disc.dat
1 82 1.75 0 -.5 .7 0 0 0 1 0 0 0 .7 4-4disc.dat
1 82 1 0 -2.75 .7 0 0 0 1 0 0 0 .7 4-4disc.dat
1 82 -.5 0 -4.5 .7 0 0 0 1 0 0 0 .7 4-4disc.dat
1 82 -2.5 0 -5.75 .7 0 0 0 1 0 0 0 .7 4-4disc.dat
1 82 -28 0 -1.25 -.7 0 0 0 1 0 0 0 -.7 4-4disc.dat
1 82 -37.25 0 1.25 -.7 0 0 0 1 0 0 0 -.7 4-4disc.dat
1 82 -36.75 0 -1.25 -.7 0 0 0 1 0 0 0 -.7 4-4disc.dat
1 82 -34.5 0 -5 -.7 0 0 0 1 0 0 0 -.7 4-4disc.dat
1 82 -35.75 0 -3.25 -.7 0 0 0 1 0 0 0 -.7 4-4disc.dat
1 82 -32.75 0 -6.75 -.7 0 0 0 1 0 0 0 -.7 4-4disc.dat
1 82 -31 0 -8 -.7 0 0 0 1 0 0 0 -.7 4-4disc.dat
1 82 -32.25 0 -.25 -.7 0 0 0 1 0 0 0 -.7 4-4disc.dat
1 82 -34.25 0 -1 -.7 0 0 0 1 0 0 0 -.7 4-4disc.dat
1 82 -37.75 0 5.75 -.7 0 0 0 1 0 0 0 -.7 4-4disc.dat
1 82 -30.25 0 -.5 -.7 0 0 0 1 0 0 0 -.7 4-4disc.dat
1 82 -37.5 0 8.25 -.7 0 0 0 1 0 0 0 -.7 4-4disc.dat
1 82 -26 0 -.25 -.7 0 0 0 1 0 0 0 -.7 4-4disc.dat
1 82 34.25 0 8 -.7 0 0 0 1 0 0 0 -.7 4-4disc.dat
1 82 25.25 0 -3.5 -.7 0 0 0 1 0 0 0 -.7 4-4disc.dat
1 82 25.25 0 -1 -.7 0 0 0 1 0 0 0 -.7 4-4disc.dat
1 82 26 0 -5.75 -.7 0 0 0 1 0 0 0 -.7 4-4disc.dat
1 82 27 0 -7.75 -.7 0 0 0 1 0 0 0 -.7 4-4disc.dat
1 82 30 0 9 -.7 0 0 0 1 0 0 0 -.7 4-4disc.dat
1 82 35.75 0 6.25 -.7 0 0 0 1 0 0 0 -.7 4-4disc.dat
1 82 32 0 8.75 -.7 0 0 0 1 0 0 0 -.7 4-4disc.dat
1 82 -37.5 0 3.5 -.7 0 0 0 1 0 0 0 -.7 4-4disc.dat
1 82 -29.75 0 6.5 -.7 0 0 0 1 0 0 0 -.7 4-4disc.dat
1 82 -29.25 0 8.75 -.7 0 0 0 1 0 0 0 -.7 4-4disc.dat
1 82 -30 0 4 -.7 0 0 0 1 0 0 0 -.7 4-4disc.dat
1 82 -24.5 0 4.16 -.7 0 0 0 1 0 0 0 -.7 4-4disc.dat
1 82 -25.25 0 1.95 -.7 0 0 0 1 0 0 0 -.7 4-4disc.dat
1 82 -21.25 0 -5.75 -.7 0 0 0 1 0 0 0 -.7 4-4disc.dat
1 82 -21.5 0 -8 -.7 0 0 0 1 0 0 0 -.7 4-4disc.dat
1 82 -12.25 0 3 -.7 0 0 0 1 0 0 0 -.7 4-4disc.dat
1 82 -12.5 0 0 -.7 0 0 0 1 0 0 0 -.7 4-4disc.dat
1 82 -20.75 0 -3.75 0 0 .7 0 1 0 -.7 0 0 4-4disc.dat
1 82 -3.75 0 -1 -.7 0 0 0 1 0 0 0 -.7 4-4disc.dat
1 82 -4.35 0 -6.75 -.7 0 0 0 1 0 0 0 -.7 4-4disc.dat
1 82 -4 0 5.25 -.7 0 0 0 1 0 0 0 -.7 4-4disc.dat
1 82 4.25 0 2.75 -.7 0 0 0 1 0 0 0 -.7 4-4disc.dat
1 82 6.25 0 3.5 -.7 0 0 0 1 0 0 0 -.7 4-4disc.dat
1 82 8.5 0 3.75 -.7 0 0 0 1 0 0 0 -.7 4-4disc.dat
1 82 10.5 0 3.5 -.7 0 0 0 1 0 0 0 -.7 4-4disc.dat
1 82 12.25 0 2.75 0 0 .7 0 1 0 -.7 0 0 4-4disc.dat
1 82 18.75 0 -.75 0 0 -.7 0 1 0 .7 0 0 4-4disc.dat
1 82 20.75 0 -.25 -.7 0 0 0 1 0 0 0 -.7 4-4disc.dat
1 82 22.75 0 .75 -.7 0 0 0 1 0 0 0 -.7 4-4disc.dat
1 82 24.75 0 1.5 -.7 0 0 0 1 0 0 0 -.7 4-4disc.dat
1 82 27 0 1.75 -.7 0 0 0 1 0 0 0 -.7 4-4disc.dat
1 82 29 0 1.25 -.7 0 0 0 1 0 0 0 -.7 4-4disc.dat
1 82 31 0 .25 -.7 0 0 0 1 0 0 0 -.7 4-4disc.dat
1 82 35.5 0 -6.75 -.7 0 0 0 1 0 0 0 -.7 4-4disc.dat
1 82 37.5 0 -8 -.7 0 0 0 1 0 0 0 -.7 4-4disc.dat
1 82 37 0 2 -.7 0 0 0 1 0 0 0 -.7 4-4disc.dat
1 82 36.75 0 4.25 -.7 0 0 0 1 0 0 0 -.7 4-4disc.dat
1 82 32.91 0 -.58 .7 0 0 0 1 0 0 0 .7 4-4disc.dat
1 82 34.75 0 -4.5 -.7 0 0 0 1 0 0 0 -.7 4-4disc.dat
1 82 35 0 -2.25 -.7 0 0 0 1 0 0 0 -.7 4-4disc.dat
1 82 36 0 0 -.7 0 0 0 1 0 0 0 -.7 4-4disc.dat
1 82 16.25 0 -.25 -.7 0 0 0 1 0 0 0 -.7 4-4disc.dat
1 82 17.25 0 9.25 -.7 0 0 0 1 0 0 0 -.7 4-4disc.dat
1 82 18 0 7 -.7 0 0 0 1 0 0 0 -.7 4-4disc.dat
1 82 17.5 0 4.75 -.7 0 0 0 1 0 0 0 -.7 4-4disc.dat
1 82 16.25 0 2.75 -.7 0 0 0 1 0 0 0 -.7 4-4disc.dat
1 82 14.5 0 1.25 -.7 0 0 0 1 0 0 0 -.7 4-4disc.dat
1 82 14.25 0 -.5 -.7 0 0 0 1 0 0 0 -.7 4-4disc.dat
1 82 14.5 0 -2.75 -.7 0 0 0 1 0 0 0 -.7 4-4disc.dat
1 82 13.5 0 -5 -.7 0 0 0 1 0 0 0 -.7 4-4disc.dat
1 82 12 0 -6.75 -.7 0 0 0 1 0 0 0 -.7 4-4disc.dat
1 82 10.25 0 -8 -.7 0 0 0 1 0 0 0 -.7 4-4disc.dat
1 82 -6.25 0 -8 -.7 0 0 0 1 0 0 0 -.7 4-4disc.dat
1 82 -6.25 0 -1.25 -.7 0 0 0 1 0 0 0 -.7 4-4disc.dat
1 82 -8.5 0 -1 -.7 0 0 0 1 0 0 0 -.7 4-4disc.dat
1 82 -10.5 0 -.5 -.7 0 0 0 1 0 0 0 -.7 4-4disc.dat
1 82 -10 0 3 -.7 0 0 0 1 0 0 0 -.7 4-4disc.dat
1 82 -8 0 3.25 -.7 0 0 0 1 0 0 0 -.7 4-4disc.dat
1 82 -5.75 0 4 -.7 0 0 0 1 0 0 0 -.7 4-4disc.dat
1 82 -18.25 0 8.75 -.7 0 0 0 1 0 0 0 -.7 4-4disc.dat
1 82 -21.5 0 7.25 -.7 0 0 0 1 0 0 0 -.7 4-4disc.dat
1 82 -23.25 0 6 -.7 0 0 0 1 0 0 0 -.7 4-4disc.dat
1 82 -17.25 0 6.75 -.7 0 0 0 1 0 0 0 -.7 4-4disc.dat
1 82 -16.25 0 4.5 -.7 0 0 0 1 0 0 0 -.7 4-4disc.dat
1 82 -14.5 0 3.25 -.7 0 0 0 1 0 0 0 -.7 4-4disc.dat
1 82 -15 0 -.25 -.7 0 0 0 1 0 0 0 -.7 4-4disc.dat
1 82 -17 0 -.75 -.7 0 0 0 1 0 0 0 -.7 4-4disc.dat
1 82 -19 0 -1.75 -.7 0 0 0 1 0 0 0 -.7 4-4disc.dat

0 // Medium Lilac / Dark Purple
1 85 -12.25 0 3 0.7 0 0 0 1 0 0 0 -0.7 1-4ndis.dat
1 85 -12.5 0 0 0 0 0.7 0 1 0 0.7 0 0 2-4ndis.dat
1 85 -20.75 0 -3.75 0 0 0.7 0 1 0 0.7 0 0 1-4ndis.dat
1 85 12.25 0 2.75 0 0 0.7 0 1 0 -0.7 0 0 2-4ndis.dat
1 85 18.75 0 -0.75 0 0 -0.7 0 1 0 0.7 0 0 2-4ndis.dat
1 85 32.91 0 -0.58 0 0 -0.7 0 1 0 -0.7 0 0 1-8ndis.dat
1 85 32.91 0 -0.58 0.7 0 0 0 1 0 0 0 0.7 1-8ndis.dat
1 85 32.91 0 -0.58 0 0 0.7 0 1 0 -0.7 0 0 1-4ndis.dat
1 85 34.75 0 -4.5 -0.7 0 0 0 1 0 0 0 -0.7 4-4ndis.dat
1 85 35 0 -2.25 -0.7 0 0 0 1 0 0 0 -0.7 4-4ndis.dat
1 85 36 0 0 -0.7 0 0 0 1 0 0 0 -0.7 4-4ndis.dat
1 85 16.25 0 -0.25 -0.7 0 0 0 1 0 0 0 -0.7 4-4ndis.dat
1 85 17.25 0 9.25 -0.7 0 0 0 1 0 0 0 -0.7 4-4ndis.dat
1 85 18 0 7 -0.7 0 0 0 1 0 0 0 -0.7 4-4ndis.dat
1 85 17.5 0 4.75 -0.7 0 0 0 1 0 0 0 -0.7 4-4ndis.dat
1 85 16.25 0 2.75 -0.7 0 0 0 1 0 0 0 -0.7 4-4ndis.dat
1 85 14.5 0 1.25 -0.7 0 0 0 1 0 0 0 -0.7 4-4ndis.dat
1 85 14.25 0 -0.5 -0.7 0 0 0 1 0 0 0 -0.7 4-4ndis.dat
1 85 14.5 0 -2.75 -0.7 0 0 0 1 0 0 0 -0.7 4-4ndis.dat
1 85 13.5 0 -5 -0.7 0 0 0 1 0 0 0 -0.7 4-4ndis.dat
1 85 12 0 -6.75 -0.7 0 0 0 1 0 0 0 -0.7 4-4ndis.dat
1 85 10.25 0 -8 -0.7 0 0 0 1 0 0 0 -0.7 4-4ndis.dat
1 85 -6.25 0 -8 -0.7 0 0 0 1 0 0 0 -0.7 4-4ndis.dat
1 85 -6.25 0 -1.25 -0.7 0 0 0 1 0 0 0 -0.7 4-4ndis.dat
1 85 -8.5 0 -1 -0.7 0 0 0 1 0 0 0 -0.7 4-4ndis.dat
1 85 -10.5 0 -0.5 -0.7 0 0 0 1 0 0 0 -0.7 4-4ndis.dat
1 85 -10 0 3 -0.7 0 0 0 1 0 0 0 -0.7 4-4ndis.dat
1 85 -8 0 3.25 -0.7 0 0 0 1 0 0 0 -0.7 4-4ndis.dat
1 85 -5.75 0 4 -0.7 0 0 0 1 0 0 0 -0.7 4-4ndis.dat
1 85 -18.25 0 8.75 -0.7 0 0 0 1 0 0 0 -0.7 4-4ndis.dat
1 85 -21.5 0 7.25 -0.7 0 0 0 1 0 0 0 -0.7 4-4ndis.dat
1 85 -23.25 0 6 -0.7 0 0 0 1 0 0 0 -0.7 4-4ndis.dat
1 85 -17.25 0 6.75 -0.7 0 0 0 1 0 0 0 -0.7 4-4ndis.dat
1 85 -16.25 0 4.5 -0.7 0 0 0 1 0 0 0 -0.7 4-4ndis.dat
1 85 -14.5 0 3.25 -0.7 0 0 0 1 0 0 0 -0.7 4-4ndis.dat
1 85 -15 0 -0.25 -0.7 0 0 0 1 0 0 0 -0.7 4-4ndis.dat
1 85 -17 0 -0.75 -0.7 0 0 0 1 0 0 0 -0.7 4-4ndis.dat
1 85 -19 0 -1.75 -0.7 0 0 0 1 0 0 0 -0.7 4-4ndis.dat
4 85 -12.5 0 0.7 -11.8 0 0.7 -11.55 0 2.3 -12.25 0 2.3
4 85 -11.8 0 0.7 -11.2 0 0.2 -10.7 0 2.3 -11.55 0 2.3
4 85 -10.7 0 3 -11.55 0 3 -11.55 0 2.3 -10.7 0 2.3
3 85 -11.603 0 3.268 -11.55 0 3 -10.7 0 3
4 85 -10.7 0 3 -10.7 0 3.7 -11.755 0 3.495 -11.603 0 3.268
4 85 -21.5 0 6.55 -22.55 0 5.3 -22.5 0 4.8 -20.75 0 4.6
4 85 -22.5 0 4.8 -22.55 0 5.3 -23.25 0 5.3 -23.85 0 5.1
3 85 -23.85 0 5.1 -23.25 0 5.3 -23.95 0 5.3
3 85 -23.85 0 5.1 -23.95 0 5.3 -24.7 0 5.56
4 85 -23.95 0 5.3 -23.95 0 6 -25.37 0 6.2 -24.7 0 5.56
4 85 -23.95 0 6 -23.95 0 6.7 -25.93 0 6.9 -25.37 0 6.2
4 85 -26.5 0 7.8 -25.93 0 6.9 -23.95 0 6.7 -22.2 0 7.95
4 85 -23.25 0 6.7 -22.2 0 7.25 -22.2 0 7.95 -23.95 0 6.7
3 85 -22.2 0 7.25 -23.25 0 6.7 -22.55 0 6.7
4 85 -22.55 0 6 -22.2 0 6.55 -22.2 0 7.25 -22.55 0 6.7
4 85 -22.55 0 6 -22.55 0 5.3 -21.5 0 6.55 -22.2 0 6.55
4 85 -17.95 0 6.05 -20.8 0 6.55 -21.5 0 6.55 -20.75 0 4.6
3 85 -17.95 0 6.05 -17.95 0 6.75 -20.8 0 6.55
3 85 -20.8 0 6.55 -17.95 0 6.75 -17.95 0 7.45
4 85 -18.95 0 8.05 -17.95 0 7.45 -17.25 0 7.45 -18.25 0 8.05
4 85 -17.95 0 7.45 -18.95 0 8.05 -20.8 0 7.25 -20.8 0 6.55
4 85 -18.95 0 8.75 -20.8 0 7.95 -20.8 0 7.25 -18.95 0 8.05
4 85 -18.95 0 8.75 -18.95 0 9.45 -21.5 0 7.95 -20.8 0 7.95
4 85 -27.2 0 9.6 -21.5 0 7.95 -18.95 0 9.45 -18.95 0 9.6
4 85 -18.95 0 9.45 -18.25 0 9.45 -17.5 0 9.6 -18.95 0 9.6
4 85 -13.8 0 9.6 -17.5 0 9.6 -18.25 0 9.45 -17.55 0 9.45
3 85 -13.8 0 9.6 -17.55 0 9.45 -17.55 0 8.75
4 85 -16.55 0 7.45 -13.8 0 9.6 -17.55 0 8.75 -17.55 0 8.05
4 85 -18.25 0 8.05 -17.25 0 7.45 -16.55 0 7.45 -17.55 0 8.05
4 85 -13.8 0 3.95 -13.8 0 9.6 -15.55 0 5.2 -14.5 0 3.95
4 85 -14.5 0 3.95 -15.55 0 5.2 -15.55 0 4.5 -15.2 0 3.95
4 85 -15.2 0 3.95 -15.55 0 4.5 -15.55 0 3.8 -15.2 0 3.25
4 85 -16.25 0 3.8 -15.2 0 2.55 -15.2 0 3.25 -15.55 0 3.8
4 85 -15.7 0 0.45 -15.2 0 2.55 -16.25 0 3.8 -16.95 0 3.8
4 85 -14.5 0 2.55 -15.2 0 2.55 -15.7 0 0.45 -15 0 0.45
4 85 -15 0 0.45 -14.3 0 0.45 -13.8 0 2.55 -14.5 0 2.55
3 85 -13.8 0 2.55 -14.3 0 0.45 -14.3 0 -0.25
4 85 -13.8 0 2.55 -14.3 0 -0.25 -14.3 0 -0.95 -13.8 0 -3.75
4 85 -27.1 0 9.1 -22.2 0 7.95 -21.5 0 7.95 -27.2 0 9.6
4 85 -27.1 0 9.1 -26.9 0 8.5 -26.5 0 7.8 -22.2 0 7.95
4 85 -17.95 0 6.05 -20.75 0 4.6 -16.95 0 4.5 -16.95 0 5.2
3 85 -16.95 0 4.5 -20.75 0 4.6 -16.95 0 3.8
4 85 -20.75 0 4.6 -17.7 0 -0.05 -17 0 -0.05 -16.95 0 3.8
4 85 -17 0 -0.05 -16.3 0 -0.05 -15.7 0 0.45 -16.95 0 3.8
4 85 -17.95 0 6.05 -16.95 0 5.2 -16.25 0 5.2 -17.25 0 6.05
4 85 -15.55 0 5.2 -16.55 0 6.05 -17.25 0 6.05 -16.25 0 5.2
4 85 -13.8 0 9.6 -16.55 0 6.75 -16.55 0 6.05 -15.55 0 5.2
3 85 -16.55 0 6.75 -13.8 0 9.6 -16.55 0 7.45
4 85 -19.7 0 -2.45 -20.05 0 -3.05 -20.05 0 -3.75 -19 0 -2.45
4 85 -13.8 0 -3.75 -18.3 0 -2.45 -19 0 -2.45 -20.05 0 -3.75
4 85 -18.3 0 -1.75 -18.3 0 -2.45 -13.8 0 -3.75 -17.7 0 -1.45
3 85 -17.7 0 -1.45 -13.8 0 -3.75 -17 0 -1.45
3 85 -13.8 0 -3.75 -14.3 0 -0.95 -15 0 -0.95
4 85 -16.3 0 -1.45 -13.8 0 -3.75 -15 0 -0.95 -15.7 0 -0.95
4 85 -15.7 0 -0.25 -16.3 0 -0.75 -16.3 0 -1.45 -15.7 0 -0.95
4 85 -15.7 0 0.45 -16.3 0 -0.05 -16.3 0 -0.75 -15.7 0 -0.25
3 85 -13.8 0 -3.75 -16.3 0 -1.45 -17 0 -1.45
4 85 -17.7 0 -0.75 -18.3 0 -1.05 -18.3 0 -1.75 -17.7 0 -1.45
4 85 -19 0 -1.05 -18.3 0 -1.05 -17.7 0 -0.75 -17.7 0 -0.05
4 85 -19.7 0 -1.05 -19 0 -1.05 -17.7 0 -0.05 -20.75 0 4.6
4 85 -20.75 0 4.6 -20.75 0 -3.05 -19.7 0 -1.75 -19.7 0 -1.05
4 85 -20.05 0 -3.05 -19.7 0 -2.45 -19.7 0 -1.75 -20.75 0 -3.05
4 85 -11.755 0 3.495 -10.7 0 3.7 -11.67 0 4.61 -11.982 0 3.647
4 85 -10 0 3.7 -11.04 0 5.49 -11.67 0 4.61 -10.7 0 3.7
4 85 -10 0 3.7 -9.3 0 3.7 -10.09 0 6.23 -11.04 0 5.49
4 85 -9.1 0 6.79 -10.09 0 6.23 -9.3 0 3.7 -8.7 0 3.95
4 85 -8.7 0 3.95 -8 0 3.95 -8.2 0 7.19 -9.1 0 6.79
4 85 -6.45 0 4.7 -8.2 0 7.19 -8 0 3.95 -7.3 0 3.95
4 85 -8.2 0 7.19 -6.45 0 4.7 -6.2 0 7.7 -7.2 0 7.5
4 85 -6.45 0 4.7 -5.75 0 4.7 -5.05 0 7.8 -6.2 0 7.7
3 85 -5.05 0 7.8 -5.75 0 4.7 -5.05 0 4.7
4 85 -6.45 0 4 -6.45 0 4.7 -7.3 0 3.95 -7.3 0 3.25
4 85 -6.45 0 3.3 -6.45 0 4 -7.3 0 3.25 -7.3 0 2.55
4 85 -7.3 0 2.55 -6.25 0 -0.55 -5.75 0 3.3 -6.45 0 3.3
3 85 -5.75 0 3.3 -6.25 0 -0.55 -5.55 0 -0.55
4 85 -5.55 0 -0.55 -5.05 0 -0.95 -5.05 0 3.3 -5.75 0 3.3
3 85 -5.05 0 -0.95 -5.55 0 -0.55 -5.55 0 -1.25
4 85 -5.55 0 -1.25 -5.55 0 -1.95 -5.05 0 -6.05 -5.05 0 -0.95
4 85 -5.05 0 -6.75 -5.05 0 -6.05 -5.55 0 -1.95 -5.55 0 -7.3
4 85 -5.55 0 -7.3 -5.55 0 -8 -5.05 0 -7.45 -5.05 0 -6.75
4 85 -5.55 0 -8.7 -5.05 0 -9.3 -5.05 0 -7.45 -5.55 0 -8
3 85 -5.05 0 -9.3 -5.55 0 -8.7 -6.25 0 -8.7
4 85 -12.5 0 -9.3 -5.05 0 -9.3 -6.25 0 -8.7 -6.95 0 -8.7
3 85 -12.5 0 -9.3 -6.95 0 -8.7 -6.95 0 -8
3 85 -12.5 0 -9.3 -6.95 0 -8 -6.95 0 -7.3
3 85 -12.5 0 -9.3 -6.95 0 -7.3 -6.95 0 -1.95
4 85 -8.5 0 -1.7 -12.5 0 -9.3 -6.95 0 -1.95 -7.8 0 -1.7
3 85 -12.5 0 -9.3 -8.5 0 -1.7 -9.2 0 -1.7
4 85 -9.2 0 -1.7 -10.5 0 -1.2 -11.2 0 -1.2 -12.5 0 -9.3
4 85 -6.95 0 -7.3 -6.25 0 -7.3 -6.25 0 -1.95 -6.95 0 -1.95
4 85 -5.55 0 -1.95 -6.25 0 -1.95 -6.25 0 -7.3 -5.55 0 -7.3
4 85 -6.95 0 -1.25 -7.8 0 -1 -7.8 0 -1.7 -6.95 0 -1.95
4 85 -6.95 0 -1.25 -6.95 0 -0.55 -7.8 0 -0.3 -7.8 0 -1
3 85 -8.7 0 2.55 -6.95 0 -0.55 -8 0 2.55
4 85 -8 0 2.55 -6.95 0 -0.55 -6.25 0 -0.55 -7.3 0 2.55
4 85 -6.95 0 -0.55 -8.7 0 2.55 -9.3 0 2.3 -7.8 0 -0.3
4 85 -10 0 2.3 -8.5 0 -0.3 -7.8 0 -0.3 -9.3 0 2.3
4 85 -8.5 0 -0.3 -10 0 2.3 -9.8 0 0.2 -9.2 0 -0.3
4 85 -10.5 0 0.2 -9.8 0 0.2 -10 0 2.3 -10.7 0 2.3
3 85 -10.5 0 0.2 -10.7 0 2.3 -11.2 0 0.2
3 85 -9.2 0 -0.3 -9.8 0 0.2 -9.8 0 -0.5
4 85 -9.8 0 -1.2 -9.2 0 -1 -9.2 0 -0.3 -9.8 0 -0.5
3 85 -9.2 0 -1 -9.8 0 -1.2 -9.2 0 -1.7
3 85 -9.2 0 -1.7 -9.8 0 -1.2 -10.5 0 -1.2
4 85 -11.2 0 -1.2 -11.8 0 -0.7 -12.5 0 -0.7 -12.5 0 -9.3
4 85 -11.8 0 0 -11.8 0 -0.7 -11.2 0 -1.2 -11.2 0 -0.5
4 85 -11.2 0 -0.5 -11.2 0 0.2 -11.8 0 0.7 -11.8 0 0
4 85 -9.3 0 2.3 -8.7 0 2.55 -8.7 0 3.25 -9.3 0 3
4 85 -8.7 0 3.95 -9.3 0 3.7 -9.3 0 3 -8.7 0 3.25
4 85 4.6 0 -9.3 12.57 0 -9.3 10.25 0 -8.7 9.55 0 -8.7
3 85 10.25 0 -8.7 12.57 0 -9.3 10.95 0 -8.7
4 85 12.57 0 -9.3 12.7 0 -7.45 12 0 -7.45 10.95 0 -8.7
4 85 11.3 0 -7.45 10.95 0 -8 10.95 0 -8.7 12 0 -7.45
4 85 10.95 0 -8 11.3 0 -7.45 11.3 0 -6.75 10.95 0 -7.3
4 85 11.3 0 -6.75 11.3 0 -6.05 10.25 0 -7.3 10.95 0 -7.3
3 85 10.25 0 -7.3 11.3 0 -6.05 9.55 0 -7.3
4 85 5.9 0 -7.3 9.55 0 -7.3 11.3 0 -6.05 8 0 -5.4
4 85 5.15 0 -8.2 9.55 0 -8 9.55 0 -7.3 5.9 0 -7.3
4 85 9.55 0 -8 5.15 0 -8.2 4.6 0 -9.3 9.55 0 -8.7
4 85 15.84 0 -6.29 12.7 0 -6.75 12.7 0 -7.45 14.3 0 -7.68
4 85 13.5 0 -5.7 12.7 0 -6.75 15.84 0 -6.29 14.2 0 -5.7
4 85 12.8 0 -5.7 12.7 0 -6.05 12.7 0 -6.75 13.5 0 -5.7
4 85 12.7 0 -6.05 12.8 0 -5.7 12.8 0 -5 12 0 -6.05
3 85 12 0 -6.05 12.8 0 -5 12.8 0 -4.3
4 85 8 0 -5.4 11.3 0 -6.05 12 0 -6.05 12.8 0 -4.3
3 85 8 0 -5.4 12.8 0 -4.3 9.3 0 -4.3
4 85 13.8 0 -3.45 10.4 0 -3.2 9.3 0 -4.3 12.8 0 -4.3
4 85 10.4 0 -3.2 13.8 0 -3.45 13.8 0 -2.75 11.2 0 -2.2
4 85 13.8 0 -2.05 11.7 0 -1.1 11.2 0 -2.2 13.8 0 -2.75
4 85 14.5 0 -2.05 13.55 0 -1.2 11.7 0 -1.1 13.8 0 -2.05
4 85 13.55 0 -1.2 14.5 0 -2.05 15.2 0 -2.05 14.25 0 -1.2
3 85 14.25 0 -1.2 15.2 0 -2.05 14.95 0 -1.2
4 85 14.95 0 -0.5 14.95 0 -1.2 15.2 0 -2.05 15.55 0 -0.95
3 85 17.72 0 -3.86 15.2 0 -2.05 15.2 0 -2.75
3 85 17.72 0 -3.86 15.2 0 -2.75 15.2 0 -3.45
4 85 14.2 0 -4.3 16.83 0 -5.17 17.72 0 -3.86 15.2 0 -3.45
4 85 14.2 0 -5 15.84 0 -6.29 16.83 0 -5.17 14.2 0 -4.3
3 85 15.84 0 -6.29 14.2 0 -5 14.2 0 -5.7
4 85 14.5 0 -3.45 13.5 0 -4.3 14.2 0 -4.3 15.2 0 -3.45
4 85 12.8 0 -4.3 13.5 0 -4.3 14.5 0 -3.45 13.8 0 -3.45
4 85 15.2 0 -2.05 17.72 0 -3.86 16.25 0 -0.95 15.55 0 -0.95
4 85 16.25 0 -0.95 17.72 0 -3.86 18.49 0 -2.33 16.95 0 -0.95
3 85 16.95 0 -0.95 18.49 0 -2.33 18.05 0 -1.45
3 85 18.05 0 -1.45 18.49 0 -2.33 18.75 0 -1.45
4 85 18.05 0 -1.45 18.05 0 -0.75 16.95 0 -0.25 16.95 0 -0.95
4 85 18.05 0 -0.75 18.05 0 -0.05 16.95 0 0.45 16.95 0 -0.25
4 85 16.95 0 2.05 16.95 0 0.45 18.05 0 -0.05 19.4 0 1.7
3 85 19.4 0 1.7 18.05 0 -0.05 18.75 0 -0.05
3 85 19.4 0 1.7 18.75 0 -0.05 19.018 0 -0.103
4 85 16.25 0 0.45 16.95 0 0.45 16.95 0 2.05 16.25 0 2.05
4 85 16.25 0 2.05 15.55 0 2.05 15.55 0 0.45 16.25 0 0.45
4 85 15.2 0 1.25 15.55 0 2.05 15.55 0 2.75 15.2 0 1.95
4 85 15.55 0 3.45 14.5 0 1.95 15.2 0 1.95 15.55 0 2.75
4 85 15.55 0 3.45 12.95 0 3.45 12.95 0 2.75 14.5 0 1.95
4 85 14.5 0 1.95 12.95 0 2.75 12.95 0 2.05 13.8 0 1.95
4 85 13.8 0 1.95 12.95 0 2.05 12.25 0 2.05 13.8 0 1.25
4 85 13.8 0 0.55 13.8 0 1.25 12.25 0 2.05 12.2 0 1.1
4 85 13.55 0 0.2 13.8 0 0.55 12.2 0 1.1 12.1 0 0.1
3 85 13.55 0 0.2 12.1 0 0.1 13.55 0 -0.5
4 85 13.55 0 -1.2 13.55 0 -0.5 12.1 0 0.1 11.7 0 -1.1
4 85 14.5 0 0.55 13.8 0 0.55 13.55 0 0.2 14.25 0 0.2
4 85 14.25 0 0.2 14.95 0 0.2 15.2 0 0.55 14.5 0 0.55
3 85 15.2 0 0.55 14.95 0 0.2 15.55 0 0.45
4 85 15.55 0 2.05 15.2 0 1.25 15.2 0 0.55 15.55 0 0.45
4 85 15.55 0 0.45 14.95 0 0.2 14.95 0 -0.5 15.55 0 -0.25
3 85 15.55 0 -0.25 14.95 0 -0.5 15.55 0 -0.95
3 85 16.55 0 9.25 16.55 0 9.95 12.25 0 9.8
4 85 12.25 0 9.8 12.25 0 7.33 16.55 0 8.55 16.55 0 9.25
4 85 18 0 7.7 17.25 0 8.55 16.55 0 8.55 17.3 0 7.7
4 85 17.25 0 8.55 18 0 7.7 18.7 0 7.7 17.95 0 8.55
4 85 17.95 0 9.25 17.95 0 8.55 18.7 0 7.7 19.4 0 9.95
3 85 17.95 0 9.25 19.4 0 9.95 17.95 0 9.95
4 85 19.4 0 9.95 18.7 0 7.7 18.7 0 7 19.4 0 5.26
3 85 19.4 0 5.26 18.7 0 7 18.7 0 6.3
4 85 18.2 0 4.75 19.4 0 5.26 18.7 0 6.3 18.2 0 5.45
4 85 18.7 0 6.3 18 0 6.3 17.5 0 5.45 18.2 0 5.45
4 85 18 0 6.3 17.3 0 6.3 16.8 0 5.45 17.5 0 5.45
4 85 16.8 0 5.45 17.3 0 6.3 17.3 0 7 12.25 0 7.33
4 85 16.55 0 8.55 12.25 0 7.33 17.3 0 7 17.3 0 7.7
4 85 18.2 0 4.75 18.2 0 4.05 19.4 0 1.7 19.4 0 5.26
4 85 17.5 0 4.05 16.95 0 3.45 19.4 0 1.7 18.2 0 4.05
3 85 19.4 0 1.7 16.95 0 3.45 16.95 0 2.75
3 85 19.4 0 1.7 16.95 0 2.75 16.95 0 2.05
4 85 17.5 0 4.05 16.8 0 4.05 16.25 0 3.45 16.95 0 3.45
4 85 16.8 0 4.75 15.55 0 3.45 16.25 0 3.45 16.8 0 4.05
4 85 16.8 0 4.75 16.8 0 5.45 12.95 0 3.45 15.55 0 3.45
4 85 12.25 0 3.45 12.95 0 3.45 16.8 0 5.45 12.25 0 7.33
4 85 30.17 0 -6.05 34.8 0 -6.05 34.05 0 -5.2 30.23 0 -5.34
4 85 35.5 0 -6.05 34.75 0 -5.2 34.05 0 -5.2 34.8 0 -6.05
4 85 34.75 0 -5.2 35.5 0 -6.05 36.2 0 -6.05 35.45 0 -5.2
4 85 36.2 0 -6.05 38.2 0 -6.05 35.45 0 -4.5 35.45 0 -5.2
4 85 35.45 0 -4.5 38.2 0 -6.05 35.7 0 -2.95 35.45 0 -3.8
4 85 35.7 0 -2.25 35.7 0 -2.95 38.2 0 -6.05 36.7 0 -0.7
4 85 35.7 0 -2.25 36.7 0 -0.7 36 0 -0.7 35.7 0 -1.55
4 85 36 0 -0.7 35.3 0 -0.7 35 0 -1.55 35.7 0 -1.55
4 85 33.61 0 -1.28 34.3 0 -1.55 35 0 -1.55 35.3 0 -0.7
4 85 33.61 0 -1.28 35.3 0 -0.7 35.3 0 0 33.61 0 -0.58
3 85 34.38 0 0.51 35.3 0 0 35.3 0 0.7
4 85 35.3 0 0 34.38 0 0.51 33.61 0 0.12 33.61 0 -0.58
4 85 35.7 0 -2.95 35 0 -2.95 34.75 0 -3.8 35.45 0 -3.8
4 85 34.05 0 -3.8 34.75 0 -3.8 35 0 -2.95 34.3 0 -2.95
4 85 31.45 0 -2.31 30.88 0 -3.28 34.05 0 -3.8 34.3 0 -2.95
4 85 34.05 0 -3.8 30.88 0 -3.28 30.48 0 -4.36 34.05 0 -4.5
4 85 30.23 0 -5.34 34.05 0 -5.2 34.05 0 -4.5 30.48 0 -4.36
4 85 34.3 0 -2.95 34.3 0 -2.25 31.84 0 -1.75 31.45 0 -2.31
3 85 31.84 0 -1.75 34.3 0 -2.25 34.3 0 -1.55
4 85 34.3 0 -1.55 33.61 0 -1.28 32.91 0 -1.28 31.84 0 -1.75
3 85 31.84 0 -1.75 32.91 0 -1.28 32.21 0 -1.28
3 85 38.2 0 0.7 36.7 0 0.7 36.7 0 0
4 85 36.7 0 0 36.7 0 -0.7 38.2 0 -6.05 38.2 0 0.7
3 85 14.3 0 -7.68 12.7 0 -7.45 13.25 0 -8.46
3 85 13.25 0 -8.46 12.7 0 -7.45 12.57 0 -9.3

0 // Reddish Brown
1 70 -33.25 0 -3.75 -6 0 0 0 1 0 0 0 -5.5 1-4chrd.dat
1 70 0.25 0 0.75 0.7 0 0 0 1 0 0 0 0.7 4-4ndis.dat
1 70 2 0 1.75 0.7 0 0 0 1 0 0 0 0.7 4-4ndis.dat
1 70 1.75 0 4.25 0.7 0 0 0 1 0 0 0 0.7 4-4ndis.dat
1 70 1 0 8.75 0.7 0 0 0 1 0 0 0 0.7 4-4ndis.dat
1 70 1.5 0 6.5 0.7 0 0 0 1 0 0 0 0.7 4-4ndis.dat
1 70 -2.5 0 7 0.7 0 0 0 1 0 0 0 0.7 4-4ndis.dat
1 70 -1 0 8.75 0.7 0 0 0 1 0 0 0 0.7 4-4ndis.dat
1 70 -1.75 0 -0.25 0.7 0 0 0 1 0 0 0 0.7 4-4ndis.dat
1 70 1.75 0 -0.5 0.7 0 0 0 1 0 0 0 0.7 4-4ndis.dat
1 70 1 0 -2.75 0.7 0 0 0 1 0 0 0 0.7 4-4ndis.dat
1 70 -0.5 0 -4.5 0.7 0 0 0 1 0 0 0 0.7 4-4ndis.dat
1 70 -2.5 0 -5.75 0.7 0 0 0 1 0 0 0 0.7 4-4ndis.dat
1 70 -28 0 -1.25 -0.7 0 0 0 1 0 0 0 -0.7 4-4ndis.dat
1 70 -37.25 0 1.25 -0.7 0 0 0 1 0 0 0 -0.7 4-4ndis.dat
1 70 -36.75 0 -1.25 -0.7 0 0 0 1 0 0 0 -0.7 4-4ndis.dat
1 70 -34.5 0 -5 -0.7 0 0 0 1 0 0 0 -0.7 4-4ndis.dat
1 70 -35.75 0 -3.25 -0.7 0 0 0 1 0 0 0 -0.7 4-4ndis.dat
1 70 -32.75 0 -6.75 -0.7 0 0 0 1 0 0 0 -0.7 4-4ndis.dat
1 70 -31 0 -8 -0.7 0 0 0 1 0 0 0 -0.7 4-4ndis.dat
1 70 -32.25 0 -0.25 -0.7 0 0 0 1 0 0 0 -0.7 4-4ndis.dat
1 70 -34.25 0 -1 -0.7 0 0 0 1 0 0 0 -0.7 4-4ndis.dat
1 70 -37.75 0 5.75 -0.7 0 0 0 1 0 0 0 -0.7 4-4ndis.dat
1 70 -30.25 0 -0.5 -0.7 0 0 0 1 0 0 0 -0.7 4-4ndis.dat
1 70 -37.5 0 8.25 -0.7 0 0 0 1 0 0 0 -0.7 4-4ndis.dat
1 70 -26 0 -0.25 -0.7 0 0 0 1 0 0 0 -0.7 4-4ndis.dat
1 70 34.25 0 8 -0.7 0 0 0 1 0 0 0 -0.7 4-4ndis.dat
1 70 25.25 0 -3.5 -0.7 0 0 0 1 0 0 0 -0.7 4-4ndis.dat
1 70 25.25 0 -1 -0.7 0 0 0 1 0 0 0 -0.7 4-4ndis.dat
1 70 26 0 -5.75 -0.7 0 0 0 1 0 0 0 -0.7 4-4ndis.dat
1 70 27 0 -7.75 -0.7 0 0 0 1 0 0 0 -0.7 4-4ndis.dat
1 70 30 0 9 -0.7 0 0 0 1 0 0 0 -0.7 4-4ndis.dat
1 70 35.75 0 6.25 -0.7 0 0 0 1 0 0 0 -0.7 4-4ndis.dat
1 70 32 0 8.75 -0.7 0 0 0 1 0 0 0 -0.7 4-4ndis.dat
1 70 -25.25 0 1.95 -0.7 0 0 0 1 0 0 0 -0.7 2-4ndis.dat
1 70 20.75 0 -0.25 0.7 0 0 0 1 0 0 0 -0.7 1-4ndis.dat
1 70 22.75 0 0.75 0.7 0 0 0 1 0 0 0 -0.7 1-4ndis.dat
1 70 22.75 0 0.75 0 0 -0.7 0 1 0 -0.7 0 0 1-8ndis.dat
4 70 27 0 -8.45 26.3 0 -8.45 22.924 0 -9.191 27 0 -9.19
4 70 22.924 0 -9.191 26.3 0 -8.45 26.3 0 -7.75 22.82 0 -8.59
4 70 26.3 0 -7.75 26.3 0 -7.05 26 0 -6.45 22.82 0 -8.59
4 70 26 0 -6.45 25.3 0 -6.45 22.629 0 -6.91 22.82 0 -8.59
4 70 22.629 0 -6.91 25.3 0 -6.45 25.3 0 -5.75 22.595 0 -5.63
4 70 22.66 0 -4.7 22.595 0 -5.63 25.3 0 -5.75 25.3 0 -5.05
4 70 26 0 -5.05 24.55 0 -4.2 22.66 0 -4.7 25.3 0 -5.05
4 70 24.55 0 -4.2 26 0 -5.05 26.7 0 -5.05 25.25 0 -4.2
4 70 -37.5 0 8.95 -37.5 0 9.6 -39.25 0 9.6 -38.2 0 8.95
4 70 -35.4 0 9.6 -37.5 0 9.6 -37.5 0 8.95 -36.8 0 8.95
4 70 -36.8 0 8.25 -34.9 0 9 -35.4 0 9.6 -36.8 0 8.95
4 70 -34.9 0 9 -36.8 0 8.25 -36.8 0 7.55 -34.28 0 8.1
3 70 -34.28 0 8.1 -36.8 0 7.55 -33.7 0 7
4 70 -33.7 0 7 -36.8 0 7.55 -37.5 0 7.55 -37.05 0 6.45
4 70 -37.05 0 6.45 -37.5 0 7.55 -38.2 0 7.55 -37.75 0 6.45
4 70 -37.75 0 6.45 -38.2 0 7.55 -39.25 0 7.54 -38.45 0 6.45
4 70 -38.2 0 7.55 -38.2 0 8.25 -39.25 0 9.6 -39.25 0 7.54
3 70 -39.25 0 9.6 -38.2 0 8.25 -38.2 0 8.95
4 70 -38.45 0 6.45 -39.25 0 7.54 -39.25 0 4.6 -38.45 0 5.75
3 70 -38.45 0 5.75 -39.25 0 4.6 -38.45 0 5.05
4 70 -39.25 0 4.6 -36.8 0 4.6 -37.75 0 5.05 -38.45 0 5.05
4 70 -37.75 0 5.05 -36.8 0 4.6 -33.33 0 4.6 -37.05 0 5.05
4 70 -33.33 0 4.6 -33.42 0 5.93 -37.05 0 5.75 -37.05 0 5.05
4 70 -37.05 0 6.45 -37.05 0 5.75 -33.42 0 5.93 -33.7 0 7
3 70 -37.95 0 1.25 -37.95 0 1.95 -39.25 0 1.95
4 70 -37.95 0 0.55 -37.95 0 1.25 -39.25 0 1.95 -39.25 0 -3.75
4 70 -36.75 0 -0.55 -37.25 0 0.55 -37.95 0 0.55 -37.45 0 -0.55
4 70 -37.25 0 0.55 -36.75 0 -0.55 -36.05 0 -0.55 -36.55 0 0.55
4 70 -36.55 0 1.25 -36.55 0 0.55 -36.05 0 -0.55 -34.95 0 -0.3
4 70 -34.95 0 -1 -34.95 0 -0.3 -36.05 0 -0.55 -36.05 0 -1.25
4 70 -34.95 0 -1.7 -34.95 0 -1 -36.05 0 -1.25 -36.05 0 -1.95
4 70 -36.05 0 -1.95 -35.75 0 -2.55 -35.05 0 -2.55 -34.95 0 -1.7
4 70 -34.95 0 -1.7 -35.05 0 -2.55 -35.05 0 -3.25 -34.25 0 -1.7
4 70 -35.05 0 -3.95 -34.5 0 -4.3 -33.8 0 -4.3 -35.05 0 -3.25
4 70 -35.75 0 -3.95 -35.2 0 -4.3 -34.5 0 -4.3 -35.05 0 -3.95
3 70 -35.2 0 -4.3 -35.75 0 -3.95 -36.45 0 -3.95
4 70 -37.95 0 0.55 -39.25 0 -3.75 -37.45 0 -1.25 -37.45 0 -0.55
3 70 -37.45 0 -1.25 -39.25 0 -3.75 -37.45 0 -1.95
4 70 -36.45 0 -3.25 -37.45 0 -1.95 -39.25 0 -3.75 -36.45 0 -3.95
4 70 -36.75 0 -1.95 -37.45 0 -1.95 -36.45 0 -3.25 -36.45 0 -2.55
4 70 -36.45 0 -2.55 -35.75 0 -2.55 -36.05 0 -1.95 -36.75 0 -1.95
4 70 -36.45 0 -3.95 -39.25 0 -3.75 -35.2 0 -5 -35.2 0 -4.3
3 70 -35.2 0 -5 -39.25 0 -3.75 -35.2 0 -5.7
4 70 -39.25 0 -3.75 -33.25 0 -9.25 -33.45 0 -7.45 -35.2 0 -5.7
4 70 -33.45 0 -6.75 -34.5 0 -5.7 -35.2 0 -5.7 -33.45 0 -7.45
4 70 -34.5 0 -5.7 -33.45 0 -6.75 -33.45 0 -6.05 -33.8 0 -5.7
4 70 -31.77 0 -4.66 -32.38 0 -3.7 -33.8 0 -5.7 -33.45 0 -6.05
3 70 -33.8 0 -5.7 -32.38 0 -3.7 -33.8 0 -5
3 70 -33.8 0 -5 -32.38 0 -3.7 -33.8 0 -4.3
4 70 -35.05 0 -3.25 -33.8 0 -4.3 -32.38 0 -3.7 -34.25 0 -1.7
3 70 -34.25 0 -1.7 -32.38 0 -3.7 -33.55 0 -1.7
4 70 -32.25 0 0.45 -31.55 0 0.45 -25.95 0 1.95 -36.55 0 1.95
3 70 -25.95 0 1.95 -31.55 0 0.45 -25.95 0 1.25
4 70 -31.55 0 0.45 -30.95 0 0.2 -30.25 0 0.2 -25.95 0 1.25
3 70 -25.95 0 1.25 -30.25 0 0.2 -29.55 0 0.2
4 70 -28 0 -0.55 -26.7 0 0.45 -25.95 0 1.25 -28.7 0 -0.55
4 70 -28 0 -0.55 -27.3 0 -0.55 -26.7 0 -0.25 -26.7 0 0.45
4 70 -27.3 0 -1.25 -26.7 0 -0.95 -26.7 0 -0.25 -27.3 0 -0.55
4 70 -31.55 0 0.45 -31.55 0 -0.25 -30.95 0 -0.5 -30.95 0 0.2
4 70 -30.95 0 -1.2 -30.95 0 -0.5 -31.55 0 -0.25 -31.55 0 -0.95
3 70 -30.95 0 -1.2 -31.55 0 -0.95 -32.25 0 -0.95
4 70 -30.25 0 -1.2 -30.95 0 -1.2 -32.38 0 -3.7 -27.61 0 -3.7
3 70 -30.25 0 -1.2 -27.61 0 -3.7 -28.7 0 -1.95
4 70 -30.25 0 -1.2 -28.7 0 -1.95 -28.7 0 -1.25 -29.55 0 -1.2
4 70 -28.7 0 -0.55 -29.55 0 -0.5 -29.55 0 -1.2 -28.7 0 -1.25
4 70 -25.95 0 1.25 -29.55 0 0.2 -29.55 0 -0.5 -28.7 0 -0.55
3 70 -32.25 0 0.45 -36.55 0 1.95 -32.95 0 0.45
4 70 -34.25 0 -0.3 -33.55 0 -0.3 -32.95 0 0.45 -36.55 0 1.95
3 70 -32.95 0 0.45 -33.55 0 -0.3 -32.95 0 -0.25
4 70 -32.95 0 -0.95 -32.95 0 -0.25 -33.55 0 -0.3 -33.55 0 -1
4 70 -33.55 0 -1 -33.55 0 -1.7 -32.25 0 -0.95 -32.95 0 -0.95
4 70 -30.95 0 -1.2 -32.25 0 -0.95 -33.55 0 -1.7 -32.38 0 -3.7
4 70 -34.95 0 -0.3 -34.25 0 -0.3 -36.55 0 1.95 -36.55 0 1.25
3 70 -28 0 -1.95 -28.7 0 -1.95 -27.61 0 -3.7
3 70 -28 0 -1.95 -27.61 0 -3.7 -27.3 0 -1.95
4 70 -22.9 0 -3.7 -26 0 -0.95 -27.3 0 -1.95 -27.61 0 -3.7
3 70 -26 0 -0.95 -22.9 0 -3.7 -25.3 0 -0.95
3 70 -25.3 0 -0.95 -22.9 0 -3.7 -22.9 0 1.95
3 70 -24.55 0 1.25 -22.9 0 1.95 -24.55 0 1.95
4 70 -22.9 0 1.95 -24.55 0 1.25 -25.3 0 -0.25 -25.3 0 -0.95
3 70 -25.3 0 -0.25 -24.55 0 1.25 -25.3 0 0.45
4 70 -26 0 0.45 -25.3 0 0.45 -24.55 0 1.25 -25.25 0 1.25
4 70 -26.7 0 0.45 -26 0 0.45 -25.25 0 1.25 -25.95 0 1.25
4 70 -27.3 0 -1.25 -27.3 0 -1.95 -26 0 -0.95 -26.7 0 -0.95
4 70 -24.2 0 -9.25 -30.3 0 -8.7 -31 0 -8.7 -33.25 0 -9.25
3 70 -33.25 0 -9.25 -31 0 -8.7 -31.7 0 -8.7
3 70 -33.25 0 -9.25 -31.7 0 -8.7 -31.7 0 -8
4 70 -32.75 0 -7.45 -33.25 0 -9.25 -31.7 0 -8 -32.05 0 -7.45
3 70 -33.25 0 -9.25 -32.75 0 -7.45 -33.45 0 -7.45
4 70 -31.7 0 -8 -31.7 0 -7.3 -32.05 0 -6.75 -32.05 0 -7.45
4 70 -30.43 0 -5.9 -32.05 0 -6.75 -31.7 0 -7.3 -31 0 -7.3
4 70 -32.05 0 -6.75 -30.43 0 -5.9 -31.16 0 -5.34 -32.05 0 -6.05
3 70 -31.77 0 -4.66 -33.45 0 -6.05 -32.75 0 -6.05
4 70 -32.75 0 -6.05 -32.05 0 -6.05 -31.16 0 -5.34 -31.77 0 -4.66
4 70 -31 0 -7.3 -30.3 0 -7.3 -29.39 0 -6.56 -30.43 0 -5.9
4 70 -29.39 0 -6.56 -30.3 0 -7.3 -30.3 0 -8 -24.2 0 -9.25
3 70 -24.2 0 -9.25 -30.3 0 -8 -30.3 0 -8.7
4 70 -3.65 0 -7.45 -2.5 0 -6.45 -3.2 0 -6.45 -3.5 0 -6.75
3 70 -2.5 0 -6.45 -3.65 0 -7.45 -1.8 0 -6.45
4 70 -3 0 -8.65 -1.8 0 -6.45 -3.65 0 -7.45 -3.4 0 -8.2
4 70 -3 0 -8.65 -2.4 0 -8.9 -1.4 0 -9 -1.8 0 -6.45
4 70 0.6 0 -8.29 -1.8 0 -6.45 -1.4 0 -9 -0.5 0 -8.8
4 70 0.6 0 -8.29 1.5 0 -7.7 -1.8 0 -5.75 -1.8 0 -6.45
4 70 -1.2 0 -5.2 -1.8 0 -5.75 1.5 0 -7.7 -0.5 0 -5.2
4 70 -1.2 0 -4.5 -1.8 0 -5.05 -1.8 0 -5.75 -1.2 0 -5.2
4 70 -2.5 0 -5.05 -1.8 0 -5.05 -1.2 0 -4.5 -1.2 0 -3.8
4 70 -1.2 0 -3.8 -3.05 0 -1.7 -3.2 0 -5.05 -2.5 0 -5.05
4 70 0.3 0 -2.75 -0.5 0 -3.8 0.2 0 -3.8 0.3 0 -3.45
3 70 -0.5 0 -3.8 0.3 0 -2.75 -1.2 0 -3.8
4 70 0.3 0 -2.05 -3.05 0 -1.7 -1.2 0 -3.8 0.3 0 -2.75
4 70 -1.75 0 -0.95 -3.05 0 -1.7 0.3 0 -2.05 -1.05 0 -0.95
4 70 -1.75 0 -0.95 -2.45 0 -0.95 -3.05 0 -1 -3.05 0 -1.7
4 70 -2.45 0 -0.95 -2.45 0 -0.25 -3.05 0 -0.3 -3.05 0 -1
4 70 -3.3 0 4.55 -3.05 0 -0.3 -2.45 0 -0.25 -2.45 0 0.45
4 70 1.05 0 4.25 -3.3 0 4.55 -2.45 0 0.45 1.05 0 3.55
4 70 1.05 0 4.25 1.05 0 4.95 -3.3 0 5.25 -3.3 0 4.55
4 70 -3.3 0 5.95 -3.3 0 5.25 1.05 0 4.95 0.8 0 5.8
3 70 -3.3 0 5.95 -2.5 0 6.3 -3.2 0 6.3
4 70 -2.5 0 6.3 -3.3 0 5.95 0.8 0 5.8 -1.8 0 6.3
4 70 -1.8 0 6.3 0.8 0 5.8 0.8 0 6.5 -1.8 0 7
4 70 -1.8 0 7.7 -1.8 0 7 0.8 0 6.5 0.8 0 7.2
4 70 -1.7 0 8.05 -1.8 0 7.7 0.8 0 7.2 -1 0 8.05
4 70 -1.7 0 8.75 -2.5 0 7.7 -1.8 0 7.7 -1.7 0 8.05
4 70 -2.5 0 7.7 -1.7 0 8.75 -1.7 0 9.45 -3.2 0 7.7
3 70 -1.7 0 9.45 -3.2 0 9.8 -3.2 0 7.7
4 70 -1.7 0 9.45 -1 0 9.45 -0.01 0 9.8 -3.2 0 9.8
3 70 -0.01 0 9.8 -1 0 9.45 -0.3 0 9.45
4 70 -0.3 0 8.75 0.3 0 9.45 -0.01 0 9.8 -0.3 0 9.45
3 70 -0.3 0 8.75 0.3 0 8.75 0.3 0 9.45
4 70 0.3 0 8.05 0.3 0 8.75 -0.3 0 8.75 -0.3 0 8.05
3 70 -0.3 0 8.05 0.8 0 7.2 0.3 0 8.05
3 70 -0.3 0 8.05 -1 0 8.05 0.8 0 7.2
4 70 1.5 0 7.2 1 0 8.05 0.3 0 8.05 0.8 0 7.2
4 70 1 0 8.05 1.5 0 7.2 2.2 0 7.2 1.7 0 8.05
3 70 0.3 0 9.45 1 0 9.45 -0.01 0 9.8
4 70 10.73 0 9.8 -0.01 0 9.8 1 0 9.45 1.7 0 9.45
3 70 1.7 0 9.45 1.7 0 8.75 10.73 0 9.8
4 70 10.73 0 9.8 1.7 0 8.75 1.7 0 8.05 10.73 0 6.25
4 70 1.7 0 8.05 2.2 0 7.2 10.68 0 5.58 10.73 0 6.25
4 70 2.2 0 7.2 2.2 0 6.5 10.55 0 5.08 10.68 0 5.58
4 70 9.85 0 4.7 10.2 0 4.79 10.55 0 5.08 2.2 0 6.5
4 70 9.85 0 4.7 2.2 0 6.5 7.8 0 4.65 9.25 0 4.65
3 70 2.2 0 6.5 5.8 0 4.65 7.8 0 4.65
3 70 2.2 0 6.5 4.69 0 4.65 5.8 0 4.65
4 70 4.69 0 4.65 2.2 0 6.5 2.2 0 5.8 4.25 0 4.52
4 70 4.25 0 4.52 2.2 0 5.8 2.45 0 4.95 3.88 0 4.29
4 70 2.45 0 4.25 3.62 0 3.84 3.88 0 4.29 2.45 0 4.95
4 70 2.45 0 3.55 3.55 0 3.45 3.62 0 3.84 2.45 0 4.25
4 70 3.55 0 3.45 2.45 0 3.55 2.7 0 2.45 3.55 0 2.75
4 70 2.7 0 1.75 3.55 0 2.05 3.55 0 2.75 2.7 0 2.45
4 70 0.8 0 5.8 1.05 0 4.95 1.75 0 4.95 1.5 0 5.8
4 70 2.45 0 4.95 2.2 0 5.8 1.5 0 5.8 1.75 0 4.95
4 70 1.75 0 3.55 2 0 2.45 2.7 0 2.45 2.45 0 3.55
4 70 1.75 0 0.2 2.45 0 0.2 2.7 0 1.05 2 0 1.05
4 70 1.05 0 0.2 1.75 0 0.2 2 0 1.05 1.3 0 1.05
4 70 1.3 0 1.05 0.95 0 0.75 0.95 0 0.05 1.05 0 0.2
3 70 0.95 0 0.05 1.05 0 -0.5 1.05 0 0.2
3 70 0.95 0 0.05 0.25 0 0.05 1.05 0 -0.5
4 70 -0.45 0 0.05 1.05 0 -1.2 1.05 0 -0.5 0.25 0 0.05
3 70 -0.45 0 0.05 -1.05 0 -0.25 1.05 0 -1.2
4 70 -0.45 0 0.75 -1.05 0 0.45 -1.05 0 -0.25 -0.45 0 0.05
4 70 -1.75 0 0.45 -1.05 0 0.45 -0.45 0 0.75 -0.45 0 1.45
4 70 -1.75 0 0.45 -0.45 0 1.45 1.05 0 3.55 -2.45 0 0.45
4 70 -0.45 0 1.45 0.25 0 1.45 1.3 0 2.45 1.05 0 3.55
4 70 0.95 0 1.45 1.3 0 1.75 1.3 0 2.45 0.25 0 1.45
4 70 0.95 0 0.75 1.3 0 1.05 1.3 0 1.75 0.95 0 1.45
4 70 1.75 0 3.55 1.05 0 3.55 1.3 0 2.45 2 0 2.45
4 70 0.2 0 -5.2 -0.5 0 -5.2 1.5 0 -7.7 2.4 0 -6.9
4 70 2.4 0 -6.9 2.94 0 -6.3 3.5 0 -5.4 0.2 0 -5.2
4 70 3.8 0 -4.2 0.2 0 -4.5 0.2 0 -5.2 3.5 0 -5.4
3 70 3.8 0 -4.2 0.2 0 -3.8 0.2 0 -4.5
4 70 0.3 0 -3.45 0.2 0 -3.8 3.8 0 -4.2 1 0 -3.45
3 70 3.8 0 -4.2 1.7 0 -3.45 1 0 -3.45
4 70 3.8 0 -4.2 3.8 0 -3.1 1.7 0 -2.75 1.7 0 -3.45
4 70 1.7 0 -2.75 3.8 0 -3.1 2.45 0 -1.2 1.7 0 -2.05
4 70 2.45 0 -1.2 1.75 0 -1.2 1 0 -2.05 1.7 0 -2.05
4 70 0.3 0 -2.05 1 0 -2.05 1.75 0 -1.2 1.05 0 -1.2
4 70 0.3 0 -2.05 1.05 0 -1.2 -1.05 0 -0.25 -1.05 0 -0.95
3 70 3.8 0 -3.1 2.45 0 -0.5 2.45 0 -1.2
4 70 2.7 0 1.05 2.45 0 0.2 2.45 0 -0.5 3.8 0 -3.1
4 70 2.7 0 1.75 2.7 0 1.05 3.8 0 -3.1 3.55 0 2.05
4 70 19.49 0 -4.7 22.66 0 -4.7 24.55 0 -4.2 20.19 0 -3.32
3 70 24.55 0 -4.2 24.55 0 -3.5 20.19 0 -3.32
4 70 24.55 0 -3.5 24.55 0 -2.8 20.64 0 -1.8 20.19 0 -3.32
4 70 20.64 0 -1.8 24.55 0 -2.8 25.25 0 -2.8 24.55 0 -1.7
4 70 25.95 0 -2.8 25.25 0 -1.7 24.55 0 -1.7 25.25 0 -2.8
4 70 25.25 0 -1.7 25.95 0 -2.8 28.83 0 -2.35 25.95 0 -1.7
3 70 28.83 0 -2.35 28.87 0 -1.5 25.95 0 -1.7
4 70 25.95 0 -1.7 28.87 0 -1.5 28.75 0 0.02 25.95 0 -1
4 70 28.75 0 0.02 28.63 0 0.39 25.95 0 -0.3 25.95 0 -1
4 70 25.45 0 0.8 25.95 0 -0.3 28.63 0 0.39 28.3 0 0.55
4 70 24.75 0 0.8 25.25 0 -0.3 25.95 0 -0.3 25.45 0 0.8
4 70 23.45 0 0.05 24.55 0 -0.3 24.05 0 0.8 23.45 0 0.75
4 70 25.25 0 -0.3 24.75 0 0.8 24.05 0 0.8 24.55 0 -0.3
4 70 24.55 0 -0.3 23.45 0 0.05 22.75 0 0.05 24.55 0 -1
4 70 22.05 0 0.05 24.55 0 -1.7 24.55 0 -1 22.75 0 0.05
4 70 22.05 0 0.05 21.45 0 -0.25 21.45 0 -0.95 24.55 0 -1.7
4 70 20.75 0 -0.95 20.64 0 -1.8 24.55 0 -1.7 21.45 0 -0.95
4 70 25.95 0 -2.8 25.95 0 -3.5 28.705 0 -3.18 28.83 0 -2.35
4 70 25.95 0 -3.5 25.95 0 -4.2 28.66 0 -4.25 28.705 0 -3.18
3 70 25.95 0 -4.2 28.73 0 -5.02 28.66 0 -4.25
4 70 25.25 0 -4.2 26.7 0 -5.05 28.73 0 -5.02 25.95 0 -4.2
4 70 29.22 0 -6.04 28.73 0 -5.02 26.7 0 -5.05 26.7 0 -5.75
3 70 26.7 0 -5.75 26.7 0 -6.45 29.22 0 -6.04
4 70 29.22 0 -6.04 26.7 0 -6.45 27 0 -7.05 27.7 0 -7.05
4 70 26.7 0 -6.45 26 0 -6.45 26.3 0 -7.05 27 0 -7.05
4 70 29.44 0 -9.19 27.7 0 -8.45 27 0 -8.45 27 0 -9.19
4 70 27.7 0 -7.75 27.7 0 -8.45 29.44 0 -9.19 29.88 0 -8.93
3 70 29.88 0 -8.93 30.21 0 -8.54 27.7 0 -7.75
4 70 27.7 0 -7.05 27.7 0 -7.75 30.21 0 -8.54 30.07 0 -7.71
4 70 29.22 0 -6.04 27.7 0 -7.05 30.07 0 -7.71 29.6 0 -6.78
4 70 22.69 0 5.41 22.89 0 4.9 23.55 0 4.4 29.3 0 8.3
4 70 26.49 0 4.3 29.3 0 8.3 23.55 0 4.4 24.67 0 4.3
4 70 26.49 0 4.3 28.57 0 4.3 30 0 8.3 29.3 0 8.3
4 70 31.8 0 4.3 30.7 0 8.3 30 0 8.3 28.57 0 4.3
3 70 31.8 0 4.3 31.3 0 8.05 30.7 0 8.3
3 70 31.8 0 4.3 32 0 8.05 31.3 0 8.05
4 70 34.2 0 4.55 32.7 0 8.05 32 0 8.05 31.8 0 4.3
3 70 32.7 0 8.05 34.2 0 4.55 33.55 0 7.3
4 70 35.05 0 6.25 35.05 0 6.95 34.25 0 7.3 33.55 0 7.3
4 70 35.75 0 6.95 34.95 0 7.3 34.25 0 7.3 35.05 0 6.95
3 70 35.75 0 6.95 34.95 0 8 34.95 0 7.3
4 70 34.95 0 8 35.75 0 6.95 36.45 0 6.95 34.95 0 8.7
4 70 38.49 0 8.24 34.95 0 8.7 36.45 0 6.95 38.4 0 6.9
4 70 38.11 0 10 34.95 0 8.7 38.49 0 8.24 38.39 0 9.13
4 70 34.25 0 8.7 34.95 0 8.7 38.11 0 10 32.7 0 9.45
4 70 32.7 0 8.75 33.55 0 8.7 34.25 0 8.7 32.7 0 9.45
4 70 33.55 0 8.7 32.7 0 8.75 32.7 0 8.05 33.55 0 8
3 70 32.7 0 8.05 33.55 0 7.3 33.55 0 8
4 70 32 0 9.45 32.7 0 9.45 38.11 0 10 30.7 0 9.7
3 70 30.7 0 9.7 31.3 0 9.45 32 0 9.45
4 70 31.3 0 8.75 31.3 0 9.45 30.7 0 9.7 30.7 0 9
4 70 30.7 0 9 30.7 0 8.3 31.3 0 8.05 31.3 0 8.75
4 70 29.3 0 9.7 23.11 0 10 23.11 0 9.57 29.3 0 9
4 70 23.03 0 9.19 29.3 0 8.3 29.3 0 9 23.11 0 9.57
3 70 23.03 0 9.19 22.6 0 8.22 29.3 0 8.3
4 70 22.69 0 5.41 29.3 0 8.3 22.6 0 8.22 22.49 0 6.9
4 70 38.11 0 10 23.11 0 10 30 0 9.7 30.7 0 9.7
3 70 29.3 0 9.7 30 0 9.7 23.11 0 10
4 70 33.55 0 7.3 34.2 0 4.55 35.05 0 5.55 35.05 0 6.25
4 70 35.75 0 5.55 35.05 0 5.55 34.2 0 4.55 36.05 0 4.95
4 70 36.05 0 4.95 36.98 0 5.31 36.45 0 5.55 35.75 0 5.55
4 70 36.45 0 6.25 36.45 0 5.55 36.98 0 5.31 37.82 0 5.97
4 70 37.82 0 5.97 38.4 0 6.9 36.45 0 6.95 36.45 0 6.25
4 70 21.45 0 -0.25 22.05 0 0.05 22.255 0 0.255 21.397 0 0.018
3 70 21.397 0 0.018 22.255 0 0.255 22.103 0 0.482
