0 Windscreen  3 x  4 x  1.333
0 Name: 2437.dat
0 Author: James Jessiman
0 !LICENSE Licensed under CC BY 4.0 : see CAreadme.txt
0 BFC CERTIFY CCW
1 16 0 0 0 1 0 0 0 1 0 0 0 1 s\2437s01.dat
4 16 -30 24 -30 30 24 -30 30 0 -10 -30 0 -10
1 16 30 0 0 0 0 10 0 24 0 -10 -20 0 1-4cyli.dat
1 16 30 24 -20 0 0 10 0 8 0 -10 0 0 1-4cyli.dat
4 16 40 24 -20 40 32 30 40 0 30 40 0 0
3 16 40 32 30 40 24 -20 40 32 -20
1 16 -30 0 0 0 0 -10 0 24 0 -10 -20 0 1-4cyli.dat
1 16 -30 24 -20 0 0 -10 0 8 0 -10 0 0 1-4cyli.dat
4 16 -40 32 30 -40 24 -20 -40 0 0 -40 0 30
3 16 -40 32 -20 -40 24 -20 -40 32 30
