0 Hinge  6 x  3 Radar/Blade/Spoiler/Panel
0 Name: 2440.dat
0 Author: John Van Zwieten [jvan]
0 !LICENSE Licensed under CC BY 2.0 and CC BY 4.0 : see CAreadme.txt
0 BFC CERTIFY CW
1 16 0 0 0 1 0 0 0 1 0 0 0 1 s\2440s01.dat
4 16 -60 -3 -16 -60 -3 16 60 -3 16 60 -3 -16
2 24 -60 -4.50 -17 60 -4.50 -17
2 24 -60 -4.50 17 60 -4.50 17
4 16 60 -3 -16 60 -4.5 -17 -60 -4.5 -17 -60 -3 -16
4 16 -60 -3 16 -60 -4.5 17 60 -4.5 17 60 -3 16
2 24 -60 -3 -16 60 -3 -16
2 24 -60 -3 16 60 -3 16
4 16 -60 -4.5 -17 60 -4.5 -17 60 -7 -30 -60 -7 -30
4 16 -60 -7 30 60 -7 30 60 -4.50 17 -60 -4.50 17
