0 Plant Flower Stem with Bar (needs work)
0 Name: 24855.dat
0 Author: Gerald Lasser [GeraldLasser]
0 !LDRAW_ORG Unofficial_Part
0 !LICENSE Redistributable under CCAL version 2.0 : see CAreadme.txt

0 BFC CERTIFY CCW

0 // Flower on short stalk:1 16 0 -14.6829 19.0279 1 0 0 0 .81915 .57358 0 -.57358 .81915 3742.dat
0 // Flower on long stalk: 1 29 -22.191 -24.1031 -12.812 -.5 .49673 -.70941 0 .81915 .57358 .86603 .28679 -.40958 3742.dat
0 // Flower on medium stalk: 1 5 19.7074 -20.0073 -11.3781 -.5 -.49673 .70941 0 .81915 .57358 -.86603 .28679 -.40958 3742.dat

0 // Base
1 16 0 12 0 2 0 0 0 -1 0 0 0 -2 4-4ring2.dat
1 16 0 12 0 6 0 0 0 1 0 0 0 6 4-4edge.dat
1 16 0 20 0 4 0 0 0 -8 0 0 0 4 4-4cylc.dat
1 16 0 0 0 6 0 0 0 12 0 0 0 6 4-4cyli.dat

0 BFC INVERTNEXT
1 16 0 8 0 4 0 0 0 -8 0 0 0 4 4-4cylc.dat
1 16 0 0 0 6 0 0 0 1 0 0 0 6 3-16edge.dat
1 16 0 0 0 -6 0 0 0 -1 0 0 0 6 3-16edge.dat
1 16 0 0 0 2.2961 0 -5.54328 0 -1 0 -5.54328 0 -2.2961 1-8edge.dat
2 24 -5.696 0 -5.598 -5.657 0 -5.657

1 16 0 0 0 2 0 0 0 1 0 0 0 2 4-4ring2.dat

0 // Stalk at 12 O'Clock Short
1 16 0 -.1617 8.86 2.25 0 0 0 .16129 -1.29056 0 -.11294 -1.84309 2-4cyli.dat
1 16 0 -.1617 8.86 0 0 -2.25 1.29056 .16129 0 1.84309 -.11294 0 1-4cyls.dat
1 16 0 -.1617 8.86 0 0 2.25 1.29056 .16129 0 1.84309 -.11294 0 1-4cyls.dat
1 16 0 -.0004 8.747 0 0 -2.25 1.29056 1.29098 0 1.84309 -.90396 0 1-4cyls2.dat
1 16 0 -.0004 8.747 0 0 2.25 1.29056 1.29098 0 1.84309 -.90396 0 1-4cyls2.dat

0 // Edge Line at
1 16 0 -.0004 8.747 2.25 0 0 0 .81915 1.12926 0 -.57358 1.95603 2-4edge.dat
1 16 0 -.0004 8.747 2.25 0 0 0 .81915 .00043 0 -.57358 -2.74705 2-4edge.dat
1 16 0 -.0004 8.747 2.25 0 0 0 .81915 .00043 0 -.57358 -2.74705 2-4ndis.dat

0 // Slanted Part 10 Deg off
1 16 0 .178 8.6638 2.25 0 0 0 5.85637 .9509 0 -2.7309 2.03919 2-4cyli.dat
1 16 0 .178 8.6638 0 0 -2.25 .9509 -.17845 0 2.03919 .08322 0 1-4cyls.dat
1 16 0 .178 8.6638 0 0 2.25 .9509 -.17845 0 2.03919 .08322 0 1-4cyls.dat
1 16 0 6.0344 5.933 0 0 2.25 .9509 .9509 0 2.03919 -.44342 0 1-4cyls.dat
1 16 0 6.0344 5.933 0 0 -2.25 .9509 .9509 0 2.03919 -.44342 0 1-4cyls.dat
1 16 0 6.9853 5.4896 2.25 0 0 0 -.90631 0 0 .42262 2.48261 2-4disc.dat
1 16 0 6.9853 5.4896 2.25 0 0 0 -.90631 0 0 .42262 2.48261 2-4edge.dat

3 16 2.25 0 6 2.25 .178 8.6638 2.25 -.0004 8.747
3 16 -2.25 .178 8.6638 -2.25 0 6 -2.25 -.0004 8.747

1 16 0 -16.3212 20.1751 2 0 0 0 -1.22873 1.14716 0 .86037 1.6383 4-8sphe.dat
1 16 0 -16.3212 20.1751 2 0 0 0 3.2766 1.14716 0 -2.29432 1.6383 4-4cyli.dat
1 16 0 -13.0446 17.8807 2 0 0 0 -.81915 1.14716 0 .57358 1.6383 4-4edge.dat
1 16 0 -11.4063 16.7336 .25 0 0 0 -1.6383 .1434 0 1.14716 .20479 4-4con8.dat
1 16 0 -11.4063 16.7336 2.25 0 0 0 -.81915 1.29056 0 .57358 1.84309 4-4edge.dat
1 16 0 -11.4063 16.7336 2.25 0 0 0 11.24455 1.29056 0 -7.87359 1.84309 4-4cyli.dat

4 16 -2.25 0 5.5526 -2.25 0 6 -2.25 .178 8.6638 -2.25 6.1233 5.5526
4 16 2.25 .178 8.6638 2.25 0 6 2.25 0 5.5526 2.25 6.1233 5.5526
3 16 -2.25 0 6 -2.25 0 5.5526 0 0 6
3 16 2.25 0 5.5526 2.25 0 6 0 0 6
3 16 2.25 .178 8.6638 2.25 6.1233 5.5526 2.25 6.0344 5.933
3 16 2.25 6.0344 5.933 2.25 6.1233 5.5526 2.25 6.8501 5.5526
3 16 -2.25 6.1233 5.5526 -2.25 6.0344 5.933 -2.25 6.8501 5.5526
3 16 -2.25 6.0344 5.933 -2.25 6.1233 5.5526 -2.25 .178 8.6638
2 24 -2.2962 0 5.5434 -2.25 0 5.5526
2 24 -2.25 0 5.5526 -2.25 0 6
2 24 -2.25 0 6 -2.25 0 8.747
2 24 2.25 0 5.5526 2.2962 0 5.5434
2 24 2.25 0 5.5526 2.25 0 6
2 24 2.25 0 6 2.25 0 8.747
2 24 0 6.9853 6 2.2382 6.9853 5.5549
2 24 -2.2382 6.9853 5.5549 0 6.9853 6
2 24 -2.25 6.8501 5.5526 -2.2382 6.9853 5.5549
2 24 2.25 6.8501 5.5526 2.2382 6.9853 5.5549
2 24 -2.25 6.8501 5.5526 -2.25 6.1233 5.5526
2 24 2.25 6.1233 5.5526 2.25 6.8501 5.5526

0 // Stalk at 4 O'Clock Medium
1 16 7.673 -.1617 -4.43 -1.125 -.09781 -1.59617 0 .16129 -1.29056 -1.94857 .05647 .92156 2-4cyli.dat
1 16 7.673 -.1617 -4.43 1.59617 -.09781 1.125 1.29056 .16129 0 -.92156 .05647 1.94857 1-4cyls.dat
1 16 7.673 -.1617 -4.43 1.59617 -.09781 -1.125 1.29056 .16129 0 -.92156 .05647 -1.94857 1-4cyls.dat
1 16 7.5752 -.0004 -4.3735 1.59617 -.78285 1.125 1.29056 1.29098 0 -.92156 .45198 1.94857 1-4cyls2.dat
1 16 7.5752 -.0004 -4.3735 1.59617 -.78285 -1.125 1.29056 1.29098 0 -.92156 .45198 -1.94857 1-4cyls2.dat

0 // Edge Line at
1 16 7.5752 -.0004 -4.3735 -1.125 -.49673 1.69398 0 .81915 1.12926 -1.94857 .28679 -.97802 2-4edge.dat
1 16 7.5752 -.0004 -4.3735 -1.125 -.49673 -2.37902 0 .81915 .00043 -1.94857 .28679 1.37354 2-4edge.dat
1 16 7.5752 -.0004 -4.3735 -1.125 -.49673 -2.37902 0 .81915 .00043 -1.94857 .28679 1.37354 2-4ndis.dat

0 // Slanted Part 10 Deg off
1 16 7.5032 .178 -4.3319 -1.125 -2.36499 1.766 0 5.85637 .9509 -1.94857 1.36544 -1.01961 2-4cyli.dat
1 16 7.5032 .178 -4.3319 1.766 .07207 1.125 .9509 -.17845 0 -1.01961 -.04161 1.94857 1-4cyls.dat
1 16 7.5032 .178 -4.3319 1.766 .07207 -1.125 .9509 -.17845 0 -1.01961 -.04161 -1.94857 1-4cyls.dat
1 16 5.1382 6.0344 -2.9665 1.766 -.384 -1.125 .9509 .9509 0 -1.01961 .22171 -1.94857 1-4cyls.dat
1 16 5.1382 6.0344 -2.9665 1.766 -.384 1.125 .9509 .9509 0 -1.01961 .22171 1.94857 1-4cyls.dat
1 16 4.7542 6.9853 -2.7448 -1.125 .366 2.15001 0 -.90631 0 -1.94857 -.21131 -1.24131 2-4disc.dat
1 16 4.7542 6.9853 -2.7448 -1.125 .366 2.15001 0 -.90631 0 -1.94857 -.21131 -1.24131 2-4edge.dat

3 16 4.0712 0 -4.9486 6.3782 .178 -6.2805 6.4502 -.0004 -6.3221
3 16 8.6282 .178 -2.3834 6.3212 0 -1.0514 8.7002 -.0004 -2.425

1 16 20.7386 -21.7079 -11.9735 -1 .7451 1.41882 0 -1.22873 1.14716 -1.73206 -.43019 -.81916 4-8sphe.dat
1 16 20.7386 -21.7079 -11.9735 -1 -1.98692 1.41882 0 3.2766 1.14716 -1.73206 1.14716 -.81916 4-4cyli.dat
1 16 18.7516 -18.4313 -10.8263 -1 .49673 1.41882 0 -.81915 1.14716 -1.73206 -.28679 -.81916 4-4edge.dat
1 16 17.7582 -16.793 -10.2527 -.125 .99346 .17735 0 -1.6383 .1434 -.21651 -.57358 -.1024 4-4con8.dat
1 16 17.7582 -16.793 -10.2527 -1.125 .49673 1.59617 0 -.81915 1.29056 -1.94857 -.28679 -.92156 4-4edge.dat
1 16 17.7582 -16.793 -10.2527 -1.125 -10.08516 1.59617 0 16.63128 1.29056 -1.94857 5.82273 -.92156 4-4cyli.dat

4 16 5.8455 0 -.7768 6.3212 0 -1.0514 8.6282 .178 -2.3834 6.2632 6.0344 -1.0179
4 16 5.8455 0 -.7768 6.2632 6.0344 -1.0179 5.8791 6.9853 -.7962 5.8455 6.9853 -.7768
4 16 3.5964 6.9853 -4.6745 3.6291 6.9853 -4.6934 4.0132 6.0344 -4.9151 3.5964 0 -4.6745
4 16 6.3782 .178 -6.2805 4.0712 0 -4.9486 3.5964 0 -4.6745 4.0132 6.0344 -4.9151
3 16 3.5964 0 -4.6745 4.0712 0 -4.9486 4.2426 0 -4.2426
3 16 6.3212 0 -1.0514 5.8455 0 -.7768 5.5434 0 -2.2962
4 16 5.5434 0 -2.2962 4.2426 0 -4.2426 4.0712 0 -4.9486 5.1962 0 -3
3 16 5.5434 0 -2.2962 5.1962 0 -3 6.3212 0 -1.0514
2 24 6.4502 -.0004 -6.3221 4.0712 0 -4.9486
2 24 4.0712 0 -4.9486 3.5964 0 -4.6745
2 24 3.5964 0 -4.6745 2.2962 0 -5.5434
2 24 6 0 0 5.8455 0 -.7768

2 24 5.8455 0 -.7768 6.3212 0 -1.0514
2 24 6.3212 0 -1.0514 8.7002 -.0004 -2.425

3 16 5.822 6.9853 -.8953 5.8455 6.9853 -.7768 5.8791 6.9853 -.7962
3 16 3.6291 6.9853 -4.6934 3.5964 6.9853 -4.6745 3.6676 6.9853 -4.6269
2 24 3.6676 6.9853 -4.6269 3.5964 6.9853 -4.6745
2 24 3.5964 6.9853 -4.6745 3.6291 6.9853 -4.6934
2 24 5.8455 6.9853 -.7768 5.8791 6.9853 -.7962
2 24 5.8455 6.9853 -.7768 5.822 6.9853 -.8953


0 // Stalk at 8 O'Clock Long

1 16 -7.673 -.1617 -4.43 -1.125 .09781 1.59617 0 .16129 -1.29056 1.94857 .05647 .92156 2-4cyli.dat
1 16 -7.673 -.1617 -4.43 -1.59617 .09781 1.125 1.29056 .16129 0 -.92156 .05647 -1.94857 1-4cyls.dat
1 16 -7.673 -.1617 -4.43 -1.59617 .09781 -1.125 1.29056 .16129 0 -.92156 .05647 1.94857 1-4cyls.dat
1 16 -7.5752 -.0004 -4.3735 -1.59617 .78285 1.125 1.29056 1.29098 0 -.92156 .45198 -1.94857 1-4cyls2.dat
1 16 -7.5752 -.0004 -4.3735 -1.59617 .78285 -1.125 1.29056 1.29098 0 -.92156 .45198 1.94857 1-4cyls2.dat

0 // Edge Line at
1 16 -7.5752 -.0004 -4.3735 -1.125 .49673 -1.69398 0 .81915 1.12926 1.94857 .28679 -.97802 2-4edge.dat
1 16 -7.5752 -.0004 -4.3735 -1.125 .49673 2.37902 0 .81915 .00043 1.94857 .28679 1.37354 2-4edge.dat
1 16 -7.5752 -.0004 -4.3735 -1.125 .49673 2.37902 0 .81915 .00043 1.94857 .28679 1.37354 2-4ndis.dat

0 // Slanted Part 10 Deg off
1 16 -7.5031 .178 -4.3319 -1.125 2.36499 -1.766 0 5.85637 .9509 1.94857 1.36544 -1.01961 2-4cyli.dat
1 16 -7.5031 .178 -4.3319 -1.766 -.07207 1.125 .9509 -.17845 0 -1.01961 -.04161 -1.94857 1-4cyls.dat
1 16 -7.5031 .178 -4.3319 -1.766 -.07207 -1.125 .9509 -.17845 0 -1.01961 -.04161 1.94857 1-4cyls.dat
1 16 -5.1382 6.0344 -2.9665 -1.766 .384 -1.125 .9509 .9509 0 -1.01961 .22171 1.94857 1-4cyls.dat
1 16 -5.1382 6.0344 -2.9665 -1.766 .384 1.125 .9509 .9509 0 -1.01961 .22171 -1.94857 1-4cyls.dat
1 16 -4.7542 6.9853 -2.7448 -1.125 -.366 -2.15001 0 -.90631 0 1.94857 -.21131 -1.24131 2-4disc.dat
1 16 -4.7542 6.9853 -2.7448 -1.125 -.366 -2.15001 0 -.90631 0 1.94857 -.21131 -1.24131 2-4edge.dat

3 16 -6.3212 0 -1.0514 -8.6281 .178 -2.3833 -8.7002 -.0004 -2.4249
3 16 -6.3781 .178 -6.2805 -4.0712 0 -4.9485 -6.4502 -.0004 -6.3221

1 16 -23.2222 -25.8037 -13.4074 -1 -.7451 -1.41882 0 -1.22873 1.14716 1.73206 -.43019 -.81916 4-8sphe.dat
1 16 -23.2222 -25.8037 -13.4074 -1 1.98692 -1.41882 0 3.2766 1.14716 1.73206 1.14716 -.81916 4-4cyli.dat
1 16 -21.2353 -22.5271 -12.2603 -1 -.49673 -1.41882 0 -.81915 1.14716 1.73206 -.28679 -.81916 4-4edge.dat
1 16 -20.2418 -20.8888 -11.6867 -.125 -.99346 -.17735 0 -1.6383 .1434 .21651 -.57358 -.1024 4-4con8.dat
1 16 -20.2418 -20.8888 -11.6867 -1.125 -.49673 -1.59617 0 -.81915 1.29056 1.94857 -.28679 -.92156 4-4edge.dat
1 16 -20.2418 -20.8888 -11.6867 -1.125 12.56881 -1.59617 0 20.72703 1.29056 1.94857 7.25668 -.92156 4-4cyli.dat



4 16 -5.8455 6.9853 -.7768 -5.8792 6.9853 -.7962 -6.2632 6.0344 -1.0179 -5.8455 0 -.7768
4 16 -6.3212 0 -1.0514 -5.8455 0 -.7768 -6.2632 6.0344 -1.0179 -8.6282 .178 -2.3834
4 16 -4.0132 6.0344 -4.9151 -3.6292 6.9853 -4.6934 -3.5964 6.9853 -4.6745 -3.5964 0 -4.6745
4 16 -4.0132 6.0344 -4.9151 -3.5964 0 -4.6745 -4.0712 0 -4.9486 -6.3782 .178 -6.2805
2 24 -5.84553 6.9853 -.776818 -5.845537 0 -.776779
2 24 -3.596389 0 -4.67447 -3.596354 6.9853 -4.674493
3 16 -4.2426 0 -4.2426 -4.0712 0 -4.9486 -3.5964 0 -4.6745
4 16 -5.1962 0 -3 -4.0712 0 -4.9486 -4.2426 0 -4.2426 -5.5434 0 -2.2962
3 16 -5.845537 0 -.776779 -6.3212 0 -1.0514 -5.5434 0 -2.2962

3 16 -5.5434 0 -2.2962 -6.3212 0 -1.0514 -5.1962 0 -3
2 24 -6 0 0 -5.8455 0 -.7768
2 24 -3.5964 0 -4.6745 -2.2962 0 -5.5434
2 24 -6.3212 0 -1.0514 -5.8455 0 -.7768
2 24 -6.3212 0 -1.0514 -8.7002 -.0004 -2.425
2 24 -4.0712 0 -4.9486 -3.5964 0 -4.6745
2 24 -4.0712 0 -4.9486 -6.4502 -.0004 -6.3221
2 24 2.25 6.1233 5.5526 2.25 0 5.5526
2 24 -2.25 0 5.5526 -2.25 6.1233 5.5526
2 24 5.8455 0 -.7768 5.8455 6.9853 -.7768
2 24 3.5964 6.9853 -4.6745 3.5964 0 -4.6745
3 16 -3.6292 6.9853 -4.6934 -3.6676 6.9853 -4.6269 -3.5964 6.9853 -4.6745

2 24 5.5434 6.9853 -2.2962 4.2426 6.9853 -4.2426
2 24 -3.6292 6.9853 -4.6934 -3.5964 6.9853 -4.6745
2 24 -3.5964 6.9853 -4.6745 -3.6676 6.9853 -4.6269
2 24 -5.822 6.9853 -.8953 -5.8455 6.9853 -.7768
2 24 -5.8455 6.9853 -.7768 -5.8792 6.9853 -.7962
3 16 -5.8792 6.9853 -.7962 -5.8455 6.9853 -.7768 -5.822 6.9853 -.8953

2 24 -5.5434 6.9853 -2.2962 -4.2426 6.9853 -4.2426
2 24 -5.822 6.9853 -.8953 -5.5434 6.9853 -2.2962
2 24 -3.6676 6.9853 -4.6269 -4.2426 6.9853 -4.2426
