0 Slope Brick 45  2 x  1 with Cutout and without Stud
0 Name: 28192.dat
0 Author: Owen Burgoyne [C3POwen]
0 !LDRAW_ORG Unofficial_Part
0 !LICENSE Redistributable under CCAL version 2.0 : see CAreadme.txt

0 BFC CERTIFY CCW

4 16 -6 8 6 -6 8 -10 -10 8 -10 -10 8 10
4 16 6 8 6 -6 8 6 -10 8 10 10 8 10
4 16 6 8 -10 6 8 6 10 8 10 10 8 -10
0 BFC INVERTNEXT
1 16 0 6 -10 0 0 6 2 0 0 0 16 0 box3u2p.dat
1 16 -3.75 6 -10 0 0 2.25 -2 0 0 0 -1 0 rect1.dat
1 16 0 6 -10 -1.5 0 0 0 0 2 0 4 0 box4-1.dat
1 16 3.75 6 -10 0 0 2.25 -2 0 0 0 -1 0 rect1.dat
4 16 -6 4 6 -1.5 4 -6 -1.5 4 -10 -6 4 -10
4 16 -6 4 6 6 4 6 1.5 4 -6 -1.5 4 -6
4 16 6 4 6 6 4 -10 1.5 4 -10 1.5 4 -6
1 16 0 4. -10. 0 0 10 4 0 0 0 20 0 box3u4a.dat
2 24 -10 8 -10 -6 8 -10
2 24 6 8 -10 10 8 -10
1 16 0 16 -10 10 0 0 0 0 8 0 -1 0 recte3.dat
3 16 -10 24 -10 -10 8 -10 -6 8 -10
3 16 -10 24 -10 -6 8 -10 -1.5 8 -10
4 16 10 24 -10 -10 24 -10 -1.5 8 -10 1.5 8 -10
3 16 1.5 8 -10 6 8 -10 10 24 -10
3 16 6 8 -10 10 8 -10 10 24 -10

1 16 0 24 -20 6 0 0 0 1 0 0 0 6 recte4.dat
1 16 0 16 -14 6 0 0 0 0 -8 0 1 0 rect3.dat
1 16 0 22 -26 -6 0 0 0 0 -2 0 -1 0 rect3.dat
4 16 -6 8 -14 -6 20 -26 -6 24 -26 -6 24 -14
4 16 6 8 -14 6 24 -14 6 24 -26 6 20 -26
2 24 -6 20 -26 -6 8 -14
2 24 6 20 -26 6 8 -14
2 24 -3.1092 19 -25 3.1092 19 -25
2 24 -3.1092 19 -25 -2.2961 19 -25.5434
2 24 -2.2961 19 -25.5434 0 19 -26
2 24 2.2961 19 -25.5434 0 19 -26
2 24 3.1092 19 -25 2.2961 19 -25.5434
2 24 -3.1092 19 -25 -2.2962 19.5434 -25.5434
2 24 -2.2962 19.5434 -25.5434 0 20 -26
2 24 2.2962 19.5434 -25.5434 0 20 -26
2 24 3.1092 19 -25 2.2962 19.5434 -25.5434
4 16 2.2961 19 -25.5434 -2.2961 19 -25.5434 -3.1092 19 -25 3.1092 19 -25
3 16 2.2961 19 -25.5434 0 19 -26 -2.2961 19 -25.5434
3 16 -3.1092 19 -25 -2.2961 19 -25.5434 -2.2962 19.5434 -25.5434
4 16 -2.2961 19 -25.5434 0 19 -26 0 20 -26 -2.2962 19.5434 -25.5434
5 24 0 19 -26 0 20 -26 -2.2961 19 -25.5434 2.2961 19 -25.5434
5 24 2.2962 19.5434 -25.5434 2.2961 19 -25.5434 3.1092 19 -25 0 19 -26
5 24 -2.2962 19.5434 -25.5434 -2.2961 19 -25.5434 -3.1092 19 -25 0 19 -26

4 16 0 19 -26 2.2961 19 -25.5434 2.2962 19.5434 -25.5434 0 20 -26
3 16 3.1092 19 -25 2.2962 19.5434 -25.5434 2.2961 19 -25.5434
4 16 3.1092 19 -25 -3.1092 19 -25 -6 8 -14 6 8 -14
3 16 -3.1092 19 -25 -6 20 -26 -6 8 -14
3 16 6 8 -14 6 20 -26 3.1092 19 -25
3 16 -6 20 -26 -3.1092 19 -25 -2.2962 19.5434 -25.5434
3 16 -2.2962 19.5434 -25.5434 0 20 -26 -6 20 -26
3 16 0 20 -26 2.2962 19.5434 -25.5434 6 20 -26
3 16 6 20 -26 2.2962 19.5434 -25.5434 3.1092 19 -25

4 16 -6 24 -14 -6 24 -26 -10 24 -30 -10 24 -10
4 16 6 24 -14 -6 24 -14 -10 24 -10 10 24 -10
4 16 6 24 -26 6 24 -14 10 24 -10 10 24 -30
4 16 -6 24 -26 6 24 -26 10 24 -30 -10 24 -30
1 16 0 24 -20 10 0 0 0 1 0 0 0 -10 recte3.dat
4 16 -10 24 -10 -10 24 -30 -10 20 -30 -10 8 -10
3 16 -10 0 -10 -10 8 -10 -10 20 -30
1 16 0 22 -30 0 0 10 2 0 0 0 1 0 rect2p.dat
4 16 10 8 -10 10 20 -30 10 24 -30 10 24 -10
3 16 10 20 -30 10 8 -10 10 0 -10
1 16 0 10 -20 10 0 0 0 1 -10 0 0 10 recte4.dat

0 // Top face
4 16 -10 20 -30 10 20 -30 10 0 -10 -10 0 -10
4 16 -10 0 -10 10 0 -10 10 0 10 -10 0 10
