0 Cylinder Sloped 0.1875 Convex
0 Name: 3-16cys2.dat
0 Author: Donald Sutter [technog]
0 !LICENSE Licensed under CC BY 4.0 : see CAreadme.txt
0 BFC CERTIFY CCW
3 16 -0.3827 0.3827 0.9239 -0.3827 0 0.9239 0 0 1
4 16 -0.3827 0.3827 0.9239 -0.7071 0.7071 0.7071 -0.7071 0 0.7071 -0.3827 0 0.9239
4 16 -0.7071 0.7071 0.7071 -0.9239 0.9239 0.3827 -0.9239 0 0.3827 -0.7071 0 0.7071
5 24 -0.3827 0 0.9239 -0.3827 0.3827 0.9239 -0.7071 0 0.7071 0 0 1
5 24 -0.7071 0 0.7071 -0.7071 0.7071 0.7071 -0.9239 0 0.3827 -0.3827 0 0.9239
5 24 -0.9239 0 0.3827 -0.9239 0.9239 0.3827 -1 0 0 -0.7071 0 0.7071
