0 Ring  4 x 0.375
0 Name: 3-8ring4.dat
0 Author: Willy Tschager [Holly-Wood]
0 !LICENSE Licensed under CC BY 4.0 : see CAreadme.txt
0 BFC CERTIFY CCW
4 16 5 0 0 4.6195 0 1.9135 3.6956 0 1.5308 4 0 0
4 16 4.6195 0 1.9135 3.5355 0 3.5355 2.8284 0 2.8284 3.6956 0 1.5308
4 16 3.5355 0 3.5355 1.9135 0 4.6195 1.5308 0 3.6956 2.8284 0 2.8284
4 16 1.9135 0 4.6195 0 0 5 0 0 4 1.5308 0 3.6956
4 16 0 0 5 -1.9135 0 4.6195 -1.5308 0 3.6956 0 0 4
4 16 -1.9135 0 4.6195 -3.5355 0 3.5355 -2.8284 0 2.8284 -1.5308 0 3.6956
