0 Brick  2 x  4 with Three Black Rectangles Pattern
0 Name: 3001p01.dat
0 Author: Damien Roux [Darats]
0 !LICENSE Licensed under CC BY 4.0 : see CAreadme.txt
0 BFC CERTIFY CCW
1 16 0 0 0 1 0 0 0 1 0 0 0 1 s\3001s01.dat
4 16 40 0 20 40 24 20 -40 24 20 -40 0 20
4 0 -32 23 -20 -16 23 -20 -16 1 -20 -32 1 -20
4 0 -8 23 -20 8 23 -20 8 1 -20 -8 1 -20
4 0 16 23 -20 32 23 -20 32 1 -20 16 1 -20
4 16 -16 23 -20 -8 23 -20 -8 1 -20 -16 1 -20
4 16 8 23 -20 16 23 -20 16 1 -20 8 1 -20
3 16 -40 0 -20 -32 1 -20 -16 1 -20
3 16 -40 0 -20 -16 1 -20 -8 1 -20
4 16 -40 0 -20 -8 1 -20 8 1 -20 40 0 -20
3 16 40 0 -20 8 1 -20 16 1 -20
3 16 40 0 -20 16 1 -20 32 1 -20
3 16 -16 23 -20 -32 23 -20 -40 24 -20
3 16 -8 23 -20 -16 23 -20 -40 24 -20
4 16 8 23 -20 -8 23 -20 -40 24 -20 40 24 -20
3 16 16 23 -20 8 23 -20 40 24 -20
3 16 32 23 -20 16 23 -20 40 24 -20
4 16 32 23 -20 40 24 -20 40 0 -20 32 1 -20
4 16 -32 1 -20 -40 0 -20 -40 24 -20 -32 23 -20
