0 Tyre  8/ 40 x  8 Slick Smooth
0 Name: 30028b.dat
0 Author: Magnus Forsberg [MagFors]
0 !LICENSE Licensed under CC BY 4.0 : see CAreadme.txt
0 BFC CERTIFY CCW
1 16 0 0 -8 0 0 18 18 0 0 0 16 0 4-4cyli.dat
0 BFC INVERTNEXT
1 16 0 0 4 0 0 2 2 0 0 0 -2 0 4-4con4.dat
0 BFC INVERTNEXT
1 16 0 0 -4 0 0 2 2 0 0 0 2 0 4-4con4.dat
0 BFC INVERTNEXT
1 16 0 0 -10 0 0 10 10 0 0 0 6 0 4-4cylo.dat
0 BFC INVERTNEXT
1 16 0 0 4 0 0 10 10 0 0 0 6 0 4-4cylo.dat
0 BFC INVERTNEXT
1 16 0 0 -2 0 0 8 8 0 0 0 4 0 4-4cylo.dat
1 16 0 0 -8 16 0 0 0 0 16 0 -16 0 t01o1250.dat
1 16 0 0 8 -16 0 0 0 0 16 0 16 0 t01o1250.dat
1 16 0 0 -10 0 0 -10 10 0 0 0 1 0 4-4ndis.dat
1 16 0 0 -10 0 0 -16 16 0 0 0 1 0 1-8chrd.dat
1 16 0 0 -10 0 0 16 16 0 0 0 1 0 1-8chrd.dat
4 16 0 10 -10 -10 10 -10 -11.3136 11.3136 -10 0 16 -10
4 16 10 10 -10 0 10 -10 0 16 -10 11.3136 11.3136 -10
1 16 0 0 -10 -16 0 0 0 0 -16 0 1 0 1-8chrd.dat
1 16 0 0 -10 -16 0 0 0 0 16 0 1 0 1-8chrd.dat
4 16 -10 0 -10 -10 -10 -10 -11.3136 -11.3136 -10 -16 0 -10
4 16 -10 10 -10 -10 0 -10 -16 0 -10 -11.3136 11.3136 -10
1 16 0 0 -10 0 0 16 -16 0 0 0 1 0 1-8chrd.dat
1 16 0 0 -10 0 0 -16 -16 0 0 0 1 0 1-8chrd.dat
4 16 0 -10 -10 10 -10 -10 11.3136 -11.3136 -10 0 -16 -10
4 16 -10 -10 -10 0 -10 -10 0 -16 -10 -11.3136 -11.3136 -10
1 16 0 0 -10 16 0 0 0 0 16 0 1 0 1-8chrd.dat
1 16 0 0 -10 16 0 0 0 0 -16 0 1 0 1-8chrd.dat
4 16 10 0 -10 10 10 -10 11.3136 11.3136 -10 16 0 -10
4 16 10 -10 -10 10 0 -10 16 0 -10 11.3136 -11.3136 -10
1 16 0 0 10 0 0 10 10 0 0 0 -1 0 4-4ndis.dat
1 16 0 0 10 0 0 16 16 0 0 0 -1 0 1-8chrd.dat
1 16 0 0 10 0 0 -16 16 0 0 0 -1 0 1-8chrd.dat
4 16 0 10 10 10 10 10 11.3136 11.3136 10 0 16 10
4 16 -10 10 10 0 10 10 0 16 10 -11.3136 11.3136 10
1 16 0 0 10 16 0 0 0 0 -16 0 -1 0 1-8chrd.dat
1 16 0 0 10 16 0 0 0 0 16 0 -1 0 1-8chrd.dat
4 16 10 0 10 10 -10 10 11.3136 -11.3136 10 16 0 10
4 16 10 10 10 10 0 10 16 0 10 11.3136 11.3136 10
1 16 0 0 10 0 0 -16 -16 0 0 0 -1 0 1-8chrd.dat
1 16 0 0 10 0 0 16 -16 0 0 0 -1 0 1-8chrd.dat
4 16 0 -10 10 -10 -10 10 -11.3136 -11.3136 10 0 -16 10
4 16 10 -10 10 0 -10 10 0 -16 10 11.3136 -11.3136 10
1 16 0 0 10 -16 0 0 0 0 16 0 -1 0 1-8chrd.dat
1 16 0 0 10 -16 0 0 0 0 -16 0 -1 0 1-8chrd.dat
4 16 -10 0 10 -10 10 10 -11.3136 11.3136 10 -16 0 10
4 16 -10 -10 10 -10 0 10 -16 0 10 -11.3136 -11.3136 10
