0 Brick  1 x  1 with Blue "N" Pattern
0 Name: 3005ptn.dat
0 Author: Tore Eriksson [Tore_Eriksson]
0 !LICENSE Licensed under CC BY 4.0 : see CAreadme.txt
0 BFC CERTIFY CCW
4 1 -6 19 -10 -4 19 -10 -4 9 -10 -6 5 -10
3 1 -4 5 -10 -6 5 -10 -4 9 -10
4 1 4 19 -10 4 15 -10 -4 5 -10 -4 9 -10
4 1 4 15 -10 4 19 -10 6 19 -10 6 5 -10
3 1 6 5 -10 4 5 -10 4 15 -10
3 16 4 5 -10 -4 5 -10 4 15 -10
3 16 -4 9 -10 -4 19 -10 4 19 -10
4 16 -10 24 -10 -6 19 -10 -6 5 -10 -10 0 -10
3 16 -10 0 -10 -6 5 -10 -4 5 -10
4 16 -10 0 -10 -4 5 -10 4 5 -10 10 0 -10
3 16 10 0 -10 4 5 -10 6 5 -10
4 16 10 24 -10 10 0 -10 6 5 -10 6 19 -10
3 16 6 19 -10 4 19 -10 10 24 -10
4 16 10 24 -10 4 19 -10 -4 19 -10 -10 24 -10
3 16 -4 19 -10 -6 19 -10 -10 24 -10
1 16 0 0 0 1 0 0 0 1 0 0 0 1 s\3005s01.dat
