0 Brick  1 x  1 with Lightblue "Ä" (A Dieresis) Pattern
0 Name: 3005pwd.dat
0 Author: Tore Eriksson [Tore_Eriksson]
0 !LICENSE Licensed under CC BY 4.0 : see CAreadme.txt
0 BFC CERTIFY CW
0 !KEYWORDS A, Diaeresis, Trema, Umlaut
1 16 0 0 0 1 0 0 0 1 0 0 0 1 s\3005s01.dat
3 9 -2 6 -10 2 6 -10 0 10.2 -10
3 9 2 6 -10 1.1357 14 -10 0 10.2 -10
3 9 -2 6 -10 0 10.2 -10 -1.1357 14 -10
4 9 2 6 -10 7 20 -10 2.429 17 -10 1.1357 14 -10
4 9 -2 6 -10 -1.1357 14 -10 -2.429 17 -10 -7 20 -10
3 9 7 20 -10 3.5 20 -10 2.429 17 -10
3 9 -7 20 -10 -2.429 17 -10 -3.5 20 -10
4 9 -1.1357 14 -10 1.1357 14 -10 2.429 17 -10 -2.429 17 -10
3 16 0 10.2 -10 1.1357 14 -10 -1.1357 14 -10
4 16 10 24 -10 7 20 -10 4 6 -10 10 0 -10
4 16 -10 24 -10 -7 20 -10 7 20 -10 10 24 -10
4 16 -10 0 -10 -4 6 -10 -7 20 -10 -10 24 -10
4 16 -2.429 17 -10 2.429 17 -10 3.5 20 -10 -3.5 20 -10
3 16 -7 20 -10 -4 6 -10 -2 6 -10
3 16 7 20 -10 2 6 -10 4 6 -10
1 9 -3 4 -10 1 0 0 0 0 1 0 1 0 4-4disc.dat
1 9 3 4 -10 1 0 0 0 0 1 0 1 0 4-4disc.dat
1 16 -3 4 -10 1 0 0 0 0 1 0 1 0 4-4ndis.dat
1 16 3 4 -10 1 0 0 0 0 1 0 1 0 4-4ndis.dat
4 16 -10 0 -10 10 0 -10 4 3 -10 -4 3 -10
3 16 10 0 -10 4 6 -10 4 3 -10
3 16 -4 3 -10 -4 6 -10 -10 0 -10
4 16 -2 3 -10 2 3 -10 2 5 -10 -2 5 -10
4 16 -4 6 -10 -4 5 -10 4 5 -10 4 6 -10
