0 Brick  1 x  1 with Lightblue "Å" (A Ring) Pattern
0 Name: 3005pwc.dat
0 Author: Tore Eriksson [Tore_Eriksson]
0 !LICENSE Licensed under CC BY 4.0 : see CAreadme.txt
0 BFC CERTIFY CW
0 !KEYWORDS A
1 16 0 0 0 1 0 0 0 1 0 0 0 1 s\3005s01.dat
3 9 -2 6 -10 2 6 -10 0 10.2 -10
3 9 2 6 -10 1.1357 14 -10 0 10.2 -10
3 9 -2 6 -10 0 10.2 -10 -1.1357 14 -10
4 9 2 6 -10 7 20 -10 2.429 17 -10 1.1357 14 -10
4 9 -2 6 -10 -1.1357 14 -10 -2.429 17 -10 -7 20 -10
3 9 7 20 -10 3.5 20 -10 2.429 17 -10
3 9 -7 20 -10 -2.429 17 -10 -3.5 20 -10
4 9 -1.1357 14 -10 1.1357 14 -10 2.429 17 -10 -2.429 17 -10
3 16 0 10.2 -10 1.1357 14 -10 -1.1357 14 -10
4 16 10 24 -10 7 20 -10 2 6 -10 10 0 -10
4 16 -10 24 -10 -7 20 -10 7 20 -10 10 24 -10
4 16 -10 0 -10 -2 6 -10 -7 20 -10 -10 24 -10
4 16 -2.429 17 -10 2.429 17 -10 3.5 20 -10 -3.5 20 -10
1 16 0 4 -10 1.2 0 0 0 0 0.6 0 1 0 4-4disc.dat
1 9 0 4 -10 1.2 0 0 0 0 0.6 0 1 0 4-4ring1.dat
1 16 0 4 -10 2.4 0 0 0 0 1.2 0 1 0 4-4ndis.dat
4 16 -2.4 5.2 -10 2.4 5.2 -10 2 6 -10 -2 6 -10
3 16 10 0 -10 2 6 -10 2.4 5.2 -10
3 16 -10 0 -10 -2.4 5.2 -10 -2 6 -10
3 16 10 0 -10 2.4 5.2 -10 2.4 2.8 -10
3 16 -10 0 -10 -2.4 2.8 -10 -2.4 5.2 -10
4 16 -10 0 -10 10 0 -10 2.4 2.8 -10 -2.4 2.8 -10
