0 Brick  1 x  1 with Lightblue "H" Pattern
0 Name: 3005pvh.dat
0 Author: Tore Eriksson [Tore_Eriksson]
0 !LICENSE Licensed under CC BY 4.0 : see CAreadme.txt
0 BFC CERTIFY CW
0 !KEYWORDS letters, numbers
1 16 0 0 0 1 0 0 0 1 0 0 0 1 s\3005s01.dat
4 9 -5.5 6 -10 -2 6 -10 -2 20 -10 -5.5 20 -10
4 9 5.5 20 -10 2 20 -10 2 6 -10 5.5 6 -10
4 9 -2 11.5 -10 2 11.5 -10 2 14.5 -10 -2 14.5 -10
4 16 -2 6 -10 2 6 -10 2 11.5 -10 -2 11.5 -10
4 16 -2 14.5 -10 2 14.5 -10 2 20 -10 -2 20 -10
4 16 10 24 -10 5.5 20 -10 5.5 6 -10 10 0 -10
4 16 -10 24 -10 -5.5 20 -10 5.5 20 -10 10 24 -10
4 16 -10 0 -10 -5.5 6 -10 -5.5 20 -10 -10 24 -10
4 16 -10 0 -10 10 0 -10 5.5 6 -10 -5.5 6 -10
