0 Brick  1 x  4 with Blue Triangles Pattern
0 Name: 3010p02.dat
0 Author: Damien Guichard [BrickCaster]
0 !LICENSE Licensed under CC BY 2.0 and CC BY 4.0 : see CAreadme.txt
0 BFC CERTIFY CCW
1 16 20 4 0 1 0 0 0 -5 0 0 0 1 stud3.dat
1 16 0 4 0 1 0 0 0 -5 0 0 0 1 stud3.dat
1 16 -20 4 0 1 0 0 0 -5 0 0 0 1 stud3.dat
0 BFC INVERTNEXT
1 16 0 24 0 36 0 0 0 -20 0 0 0 6 box5.dat
4 16 40 24 10 36 24 6 -36 24 6 -40 24 10
4 16 -40 24 10 -36 24 6 -36 24 -6 -40 24 -10
4 16 -40 24 -10 -36 24 -6 36 24 -6 40 24 -10
4 16 40 24 -10 36 24 -6 36 24 6 40 24 10
1 16 0 24 0 40 0 0 0 -24 0 0 0 10 box4-1.dat
2 24 40 24 -10 -40 24 -10
1 16 30 0 0 1 0 0 0 1 0 0 0 1 stud.dat
1 16 10 0 0 1 0 0 0 1 0 0 0 1 stud.dat
1 16 -10 0 0 1 0 0 0 1 0 0 0 1 stud.dat
1 16 -30 0 0 1 0 0 0 1 0 0 0 1 stud.dat
3 16 -20 24 -10 -30 0 -10 -40 24 -10
3 16 0 24 -10 -10 0 -10 -20 24 -10
3 16 20 24 -10 10 0 -10 0 24 -10
3 16 40 24 -10 30 0 -10 20 24 -10
3 1 -30 0 -10 -40 0 -10 -40 24 -10
3 1 40 0 -10 30 0 -10 40 24 -10
3 1 -10 0 -10 -30 0 -10 -20 24 -10
3 1 10 0 -10 -10 0 -10 0 24 -10
3 1 30 0 -10 10 0 -10 20 24 -10
