0 Roadsign Clip-on  2 x  2 Square with Black Arrow Pattern
0 Name: 30258p01.dat
0 Author: Franklin W. Cain [fwcain]
0 !LICENSE Licensed under CC BY 4.0 : see CAreadme.txt
0 BFC CERTIFY CCW
1 16 0 0 0 1 0 0 0 1 0 0 0 1 s\30258s01.dat
4 16 20 20 -9 -1 18.75 -9 -18.25 18.75 -9 -20 20 -9
4 16 -18.75 -18.75 -9 -20 -20 -9 -20 20 -9 -18.25 18.75 -9
4 16 -18.75 -18.75 -9 -1 -18.75 -9 20 -20 -9 -20 -20 -9
3 16 0.75 0.5 -9 -18.75 -18.75 -9 -18.25 18.75 -9
3 16 18.25 0.25 -9 -1 18.75 -9 20 20 -9
3 16 20 20 -9 20 -20 -9 18.25 0.25 -9
3 16 20 -20 -9 -1 -18.75 -9 18.25 0.25 -9
4 0 0.75 0.5 -9 -18.25 18.75 -9 -1 18.75 -9 18.25 0.25 -9
4 0 -1 -18.75 -9 -18.75 -18.75 -9 0.75 0.5 -9 18.25 0.25 -9
