0 Glass for Panel  3 x  6 x  6 with Window
0 Name: 30321.dat
0 Author: Tony Hafner [hafhead]
0 !LICENSE Licensed under CC BY 4.0 : see CAreadme.txt
0 BFC CERTIFY CW
1 16 0 0 0 40 0 0 0 1 0 0 0 -2 rect2p.dat
1 16 0 36 0 40 0 0 0 -1 0 0 0 2 rect2p.dat
1 16 -44 18 0 0 1 0 14 0 0 0 0 2 rect2p.dat
1 16 44 18 0 0 -1 0 14 0 0 0 0 -2 rect2p.dat
4 16 -40 4 -2 40 4 -2 40 32 -2 -40 32 -2
4 16 -40 0 -2 40 0 -2 40 4 -2 -40 4 -2
4 16 -40 32 -2 40 32 -2 40 36 -2 -40 36 -2
4 16 -44 4 -2 -40 4 -2 -40 32 -2 -44 32 -2
4 16 44 4 -2 44 32 -2 40 32 -2 40 4 -2
1 16 -40 4 -2 -4 0 0 0 0 -4 0 4 0 1-4cylc.dat
1 16 40 4 -2 4 0 0 0 0 -4 0 4 0 1-4cylc.dat
1 16 -40 32 -2 -4 0 0 0 0 4 0 4 0 1-4cylc.dat
1 16 40 32 -2 4 0 0 0 0 4 0 4 0 1-4cylc.dat
4 16 -40 4 2 -40 32 2 40 32 2 40 4 2
4 16 -40 0 2 -40 4 2 40 4 2 40 0 2
4 16 -40 32 2 -40 36 2 40 36 2 40 32 2
4 16 -44 4 2 -44 32 2 -40 32 2 -40 4 2
4 16 44 4 2 40 4 2 40 32 2 44 32 2
1 16 -40 4 2 -4 0 0 0 0 -4 0 -1 0 1-4disc.dat
1 16 40 4 2 4 0 0 0 0 -4 0 -1 0 1-4disc.dat
1 16 -40 32 2 -4 0 0 0 0 4 0 -1 0 1-4disc.dat
1 16 40 32 2 4 0 0 0 0 4 0 -1 0 1-4disc.dat
