0 Plate  6 x  8
0 Name: 3036.dat
0 Author: James Jessiman
0 !LICENSE Licensed under CC BY 4.0 : see CAreadme.txt
0 BFC CERTIFY CW
1 16 60 4 40 1 0 0 0 -1 0 0 0 1 stud4.dat
1 16 40 4 40 1 0 0 0 -1 0 0 0 1 stud4.dat
1 16 20 4 40 1 0 0 0 -1 0 0 0 1 stud4.dat
1 16 0 4 40 1 0 0 0 -1 0 0 0 1 stud4.dat
1 16 -20 4 40 1 0 0 0 -1 0 0 0 1 stud4.dat
1 16 -40 4 40 1 0 0 0 -1 0 0 0 1 stud4.dat
1 16 -60 4 40 1 0 0 0 -1 0 0 0 1 stud4.dat
1 16 60 4 20 1 0 0 0 -1 0 0 0 1 stud4.dat
1 16 40 4 20 1 0 0 0 -1 0 0 0 1 stud4.dat
1 16 20 4 20 1 0 0 0 -1 0 0 0 1 stud4.dat
1 16 0 4 20 1 0 0 0 -1 0 0 0 1 stud4.dat
1 16 -20 4 20 1 0 0 0 -1 0 0 0 1 stud4.dat
1 16 -40 4 20 1 0 0 0 -1 0 0 0 1 stud4.dat
1 16 -60 4 20 1 0 0 0 -1 0 0 0 1 stud4.dat
1 16 60 4 0 1 0 0 0 -1 0 0 0 1 stud4.dat
1 16 40 4 0 1 0 0 0 -1 0 0 0 1 stud4.dat
1 16 20 4 0 1 0 0 0 -1 0 0 0 1 stud4.dat
1 16 0 4 0 1 0 0 0 -1 0 0 0 1 stud4.dat
1 16 -20 4 0 1 0 0 0 -1 0 0 0 1 stud4.dat
1 16 -40 4 0 1 0 0 0 -1 0 0 0 1 stud4.dat
1 16 -60 4 0 1 0 0 0 -1 0 0 0 1 stud4.dat
1 16 60 4 -20 1 0 0 0 -1 0 0 0 1 stud4.dat
1 16 40 4 -20 1 0 0 0 -1 0 0 0 1 stud4.dat
1 16 20 4 -20 1 0 0 0 -1 0 0 0 1 stud4.dat
1 16 0 4 -20 1 0 0 0 -1 0 0 0 1 stud4.dat
1 16 -20 4 -20 1 0 0 0 -1 0 0 0 1 stud4.dat
1 16 -40 4 -20 1 0 0 0 -1 0 0 0 1 stud4.dat
1 16 -60 4 -20 1 0 0 0 -1 0 0 0 1 stud4.dat
1 16 60 4 -40 1 0 0 0 -1 0 0 0 1 stud4.dat
1 16 40 4 -40 1 0 0 0 -1 0 0 0 1 stud4.dat
1 16 20 4 -40 1 0 0 0 -1 0 0 0 1 stud4.dat
1 16 0 4 -40 1 0 0 0 -1 0 0 0 1 stud4.dat
1 16 -20 4 -40 1 0 0 0 -1 0 0 0 1 stud4.dat
1 16 -40 4 -40 1 0 0 0 -1 0 0 0 1 stud4.dat
1 16 -60 4 -40 1 0 0 0 -1 0 0 0 1 stud4.dat
0 BFC INVERTNEXT
1 16 0 8 0 76 0 0 0 -4 0 0 0 56 box5.dat
4 16 80 8 -60 76 8 -56 -76 8 -56 -80 8 -60
4 16 80 8 60 76 8 56 76 8 -56 80 8 -60
4 16 -76 8 -56 -76 8 56 -80 8 60 -80 8 -60
4 16 -76 8 56 76 8 56 80 8 60 -80 8 60
1 16 0 8 0 80 0 0 0 -8 0 0 0 60 box5.dat
1 16 70 0 50 1 0 0 0 1 0 0 0 1 stud.dat
1 16 50 0 50 1 0 0 0 1 0 0 0 1 stud.dat
1 16 30 0 50 1 0 0 0 1 0 0 0 1 stud.dat
1 16 10 0 50 1 0 0 0 1 0 0 0 1 stud.dat
1 16 -10 0 50 1 0 0 0 1 0 0 0 1 stud.dat
1 16 -30 0 50 1 0 0 0 1 0 0 0 1 stud.dat
1 16 -50 0 50 1 0 0 0 1 0 0 0 1 stud.dat
1 16 -70 0 50 1 0 0 0 1 0 0 0 1 stud.dat
1 16 70 0 30 1 0 0 0 1 0 0 0 1 stud.dat
1 16 50 0 30 1 0 0 0 1 0 0 0 1 stud.dat
1 16 30 0 30 1 0 0 0 1 0 0 0 1 stud.dat
1 16 10 0 30 1 0 0 0 1 0 0 0 1 stud.dat
1 16 -10 0 30 1 0 0 0 1 0 0 0 1 stud.dat
1 16 -30 0 30 1 0 0 0 1 0 0 0 1 stud.dat
1 16 -50 0 30 1 0 0 0 1 0 0 0 1 stud.dat
1 16 -70 0 30 1 0 0 0 1 0 0 0 1 stud.dat
1 16 70 0 10 1 0 0 0 1 0 0 0 1 stud.dat
1 16 50 0 10 1 0 0 0 1 0 0 0 1 stud.dat
1 16 30 0 10 1 0 0 0 1 0 0 0 1 stud.dat
1 16 10 0 10 1 0 0 0 1 0 0 0 1 stud.dat
1 16 -10 0 10 1 0 0 0 1 0 0 0 1 stud.dat
1 16 -30 0 10 1 0 0 0 1 0 0 0 1 stud.dat
1 16 -50 0 10 1 0 0 0 1 0 0 0 1 stud.dat
1 16 -70 0 10 1 0 0 0 1 0 0 0 1 stud.dat
1 16 70 0 -10 1 0 0 0 1 0 0 0 1 stud.dat
1 16 50 0 -10 1 0 0 0 1 0 0 0 1 stud.dat
1 16 30 0 -10 1 0 0 0 1 0 0 0 1 stud.dat
1 16 10 0 -10 1 0 0 0 1 0 0 0 1 stud.dat
1 16 -10 0 -10 1 0 0 0 1 0 0 0 1 stud.dat
1 16 -30 0 -10 1 0 0 0 1 0 0 0 1 stud.dat
1 16 -50 0 -10 1 0 0 0 1 0 0 0 1 stud.dat
1 16 -70 0 -10 1 0 0 0 1 0 0 0 1 stud.dat
1 16 70 0 -30 1 0 0 0 1 0 0 0 1 stud.dat
1 16 50 0 -30 1 0 0 0 1 0 0 0 1 stud.dat
1 16 30 0 -30 1 0 0 0 1 0 0 0 1 stud.dat
1 16 10 0 -30 1 0 0 0 1 0 0 0 1 stud.dat
1 16 -10 0 -30 1 0 0 0 1 0 0 0 1 stud.dat
1 16 -30 0 -30 1 0 0 0 1 0 0 0 1 stud.dat
1 16 -50 0 -30 1 0 0 0 1 0 0 0 1 stud.dat
1 16 -70 0 -30 1 0 0 0 1 0 0 0 1 stud.dat
1 16 70 0 -50 1 0 0 0 1 0 0 0 1 stud.dat
1 16 50 0 -50 1 0 0 0 1 0 0 0 1 stud.dat
1 16 30 0 -50 1 0 0 0 1 0 0 0 1 stud.dat
1 16 10 0 -50 1 0 0 0 1 0 0 0 1 stud.dat
1 16 -10 0 -50 1 0 0 0 1 0 0 0 1 stud.dat
1 16 -30 0 -50 1 0 0 0 1 0 0 0 1 stud.dat
1 16 -50 0 -50 1 0 0 0 1 0 0 0 1 stud.dat
1 16 -70 0 -50 1 0 0 0 1 0 0 0 1 stud.dat
