0 Hinge Brick  1 x  4 Locking Double, Two Finger End with 9 Teeth with Black Stripes Type 2 Pattern
0 Name: 30387p01.dat
0 Author: Franklin W. Cain [fwcain]
0 !LICENSE Licensed under CC BY 4.0 : see CAreadme.txt
0 BFC CERTIFY CCW
0 !KEYWORDS Bricklink 30387p01, Brickowl 436083, Construction, danger
0 !KEYWORDS Rebrickable 30387pr0001, set 6474, Set 6600, Set 9371
0 !KEYWORDS with 1 and 2 fingers on ends
0 !CMDLINE -C14
4 0 -39 16 -10 -39 21 -10 -37 23 -10 -32 23 -10
4 16 -39 16 -10 -32 23 -10 -21 23 -10 -39 5 -10
4 0 -39 5 -10 -21 23 -10 -11 23 -10 -33 1 -10
3 0 -39 1 -10 -39 5 -10 -33 1 -10
4 16 -33 1 -10 -11 23 -10 0 23 -10 -22 1 -10
4 0 -22 1 -10 0 23 -10 10 23 -10 -12 1 -10
4 16 -12 1 -10 10 23 -10 21 23 -10 -1 1 -10
4 0 -1 1 -10 21 23 -10 31 23 -10 9 1 -10
4 16 9 1 -10 31 23 -10 39 20 -10 20 1 -10
4 0 20 1 -10 39 20 -10 39 10 -10 30 1 -10
4 16 36 24 -10 40 20 -10 39 20 -10 31 23 -10
4 16 39 10 -10 39 20 -10 40 20 -10 40 0 -10
3 16 39 10 -10 40 0 -10 30 1 -10
3 16 30 1 -10 40 0 -10 20 1 -10
3 16 20 1 -10 40 0 -10 9 1 -10
3 16 9 1 -10 40 0 -10 -1 1 -10
4 16 -12 1 -10 -1 1 -10 40 0 -10 -40 0 -10
3 16 -12 1 -10 -40 0 -10 -22 1 -10
3 16 -22 1 -10 -40 0 -10 -33 1 -10
3 16 -33 1 -10 -40 0 -10 -39 1 -10
3 16 -39 1 -10 -40 0 -10 -39 5 -10
4 16 -39 16 -10 -39 5 -10 -40 0 -10 -40 20 -10
3 16 -39 16 -10 -40 20 -10 -39 21 -10
3 16 -37 23 -10 -36 24 -10 -32 23 -10
3 16 -32 23 -10 -36 24 -10 -21 23 -10
3 16 -21 23 -10 -36 24 -10 -11 23 -10
3 16 -11 23 -10 -36 24 -10 0 23 -10
4 16 10 23 -10 0 23 -10 -36 24 -10 36 24 -10
3 16 10 23 -10 36 24 -10 21 23 -10
3 16 21 23 -10 36 24 -10 31 23 -10
4 0 -39 21 10 -39 16 10 -32 23 10 -37 23 10
4 16 -32 23 10 -39 16 10 -39 5 10 -21 23 10
4 0 -21 23 10 -39 5 10 -33 1 10 -11 23 10
3 0 -39 1 10 -33 1 10 -39 5 10
4 16 -11 23 10 -33 1 10 -22 1 10 0 23 10
4 0 0 23 10 -22 1 10 -12 1 10 10 23 10
4 16 10 23 10 -12 1 10 -1 1 10 21 23 10
4 0 21 23 10 -1 1 10 9 1 10 31 23 10
4 16 31 23 10 9 1 10 20 1 10 39 20 10
4 0 39 20 10 20 1 10 30 1 10 39 10 10
4 16 40 20 10 36 24 10 31 23 10 39 20 10
4 16 39 20 10 39 10 10 40 0 10 40 20 10
3 16 39 10 10 30 1 10 40 0 10
3 16 30 1 10 20 1 10 40 0 10
3 16 20 1 10 9 1 10 40 0 10
3 16 9 1 10 -1 1 10 40 0 10
4 16 -1 1 10 -12 1 10 -40 0 10 40 0 10
3 16 -12 1 10 -22 1 10 -40 0 10
3 16 -22 1 10 -33 1 10 -40 0 10
3 16 -33 1 10 -39 1 10 -40 0 10
3 16 -39 1 10 -39 5 10 -40 0 10
4 16 -39 5 10 -39 16 10 -40 20 10 -40 0 10
3 16 -39 16 10 -39 21 10 -40 20 10
3 16 -37 23 10 -32 23 10 -36 24 10
3 16 -32 23 10 -21 23 10 -36 24 10
3 16 -21 23 10 -11 23 10 -36 24 10
3 16 -11 23 10 0 23 10 -36 24 10
4 16 0 23 10 10 23 10 36 24 10 -36 24 10
3 16 10 23 10 21 23 10 36 24 10
3 16 21 23 10 31 23 10 36 24 10
1 16 0 0 0 1 0 0 0 1 0 0 0 1 s\30387s01.dat
