0 Brick  1 x  6 without Centre Studs with Black "BAHNHOF" Sans-Serif Pattern
0 Name: 3067ap07.dat
0 Author: Tore Eriksson [Tore_Eriksson]
0 !LDRAW_ORG Unofficial_Part
0 !LICENSE Redistributable under CCAL version 2.0 : see CAreadme.txt

0 BFC CERTIFY CW

0 !KEYWORDS German, Train Station, BrickLink crssprt02pb32

1 16  0 0 0  1 0 0  0 1 0  0 0 1  s\3067s02.dat

0 // Sans-serif B  (BAHNHOF pb32)
4 0  -54 6.5 -10  -50 8.5 -10  -50 15.5 -10  -54 17.5 -10
4 0  -54 6.5 -10  -46 6.5 -10  -46 8.5 -10  -50 8.5 -10
4 0  -54 17.5 -10  -50 15.5 -10  -46 15.5 -10  -46 17.5 -10
4 16  -50 8.5 -10  -46 8.5 -10  -46 11 -10  -50 11 -10
4 16  -50 13 -10  -46 13 -10  -46 15.5 -10  -50 15.5 -10
4 0  -50 11 -10  -45 11 -10  -45 13 -10  -50 13 -10
1 16  -46 9.75 -10  0 0 1  1.25 0 0  0 1 0  2-4disc.dat
1 0  -46 9.75 -10  0 0 1  1.25 0 0  0 1 0  2-4ndis.dat
1 16  -46 9.75 -10  0 0 4  -3.25 0 0  0 1 0  1-4ndis.dat
1 0  -46 9.75 -10  0 0 4  -3.25 0 0  0 1 0  1-4chrd.dat
3 0  -46 6.5 -10  -45 8.5 -10  -46 8.5 -10
3 0  -46 6.5 -10  -42 9.75 -10  -45 8.5 -10
3 0  -42 9.75 -10  -42.3044 10.9938 -10  -45 11 -10
3 0  -42 9.75 -10  -45 11 -10  -45 8.5 -10
1 16  -46 14.25 -10  0 0 1  1.25 0 0  0 1 0  2-4disc.dat
1 0  -46 14.25 -10  0 0 1  1.25 0 0  0 1 0  2-4ndis.dat
1 16  -46 14.25 -10  0 0 5  3.25 0 0  0 1 0  1-4ndis.dat
1 0  -46 14.25 -10  0 0 5  3.25 0 0  0 1 0  1-4chrd.dat
3 0  -42.3044 10.9938 -10  -42.94 11.74 -10  -45 11 -10
3 0  -42.94 11.74 -10  -45 13 -10  -45 11 -10
3 0  -45 13 -10  -42.94 11.74 -10  -42.4645 11.9519 -10
3 0  -45 13 -10  -42.4645 11.9519 -10  -41.3805 13.0062 -10
3 0  -45 13 -10  -41.3805 13.0062 -10  -41 14.25 -10
3 0  -41 14.25 -10  -45 15.5 -10  -45 13 -10
3 0  -41 14.25 -10  -46 17.5 -10  -45 15.5 -10
3 0  -46 17.5 -10  -46 15.5 -10  -45 15.5 -10
4 16  -41 6.5 -10  -41 11.74 -10  -42 9.75 -10  -42 6.5 -10
3 16  -41 11.74 -10  -42.3044 10.9938 -10  -42 9.75 -10
3 16  -41 11.74 -10  -42.94 11.74 -10  -42.3044 10.9938 -10
3 16  -41 11.74 -10  -42.4645 11.9519 -10  -42.94 11.74 -10
3 16  -41 11.74 -10  -41.3805 13.0062 -10  -42.4645 11.9519 -10
3 16  -41 11.74 -10  -41 14.25 -10  -41.3805 13.0062 -10
0 // SPACE 1 
4 16  -41 6.5 -10  -40 6.5 -10  -40 17.5 -10  -41 17.5 -10
0 // Sans-serif A  (BAHNHOF pb32)
3 0  -35 6.5 -10  -30 6.5 -10  -34 8.7 -10
3 0  -30 6.5 -10  -32.4241 12.167 -10  -34 8.7 -10
4 0  -30 6.5 -10  -25 17.5 -10  -31.8182 13.5 -10  -32.4241 12.167 -10
3 0  -25 17.5 -10  -30 17.5 -10  -31.8182 13.5 -10
4 0  -31.8182 13.5 -10  -36.1818 13.5 -10  -35.5759 12.167 -10  -32.4241 12.167 -10
3 0  -40 17.5 -10  -36.1818 13.5 -10  -38 17.5 -10
4 0  -40 17.5 -10  -35 6.5 -10  -35.5759 12.167 -10  -36.1818 13.5 -10
3 0  -35 6.5 -10  -34 8.7 -10  -35.5759 12.167 -10
4 16  -30 17.5 -10  -38 17.5 -10  -36.1818 13.5 -10  -31.8182 13.5 -10
3 16  -40 6.5 -10  -35 6.5 -10  -40 17.5 -10
3 16  -25 6.5 -10  -25 17.5 -10  -30 6.5 -10
3 16  -34 8.7 -10  -32.4241 12.167 -10  -35.5759 12.167 -10
0 // SPACE 2.7 
4 16  -25 6.5 -10  -22.3 6.5 -10  -22.3 17.5 -10  -25 17.5 -10
0 // Sans-serif H  (BAHNHOF pb32)
3 0  -22.3 6.5 -10  -17.3 6.5 -10  -17.3 11 -10
4 0  -22.3 6.5 -10  -17.3 11 -10  -17.3 13 -10  -22.3 17.5 -10
3 0  -22.3 17.5 -10  -17.3 13 -10  -17.3 17.5 -10
4 0  -17.3 11 -10  -13.3 11 -10  -13.3 13 -10  -17.3 13 -10
3 0  -13.3 6.5 -10  -8.3 6.5 -10  -13.3 11 -10
4 0  -8.3 6.5 -10  -8.3 17.5 -10  -13.3 13 -10  -13.3 11 -10
3 0  -8.3 17.5 -10  -13.3 17.5 -10  -13.3 13 -10
4 16  -17.3 6.5 -10  -13.3 6.5 -10  -13.3 11 -10  -17.3 11 -10
4 16  -13.3 17.5 -10  -17.3 17.5 -10  -17.3 13 -10  -13.3 13 -10
0 // SPACE 2.7 
4 16  -8.3 6.5 -10  -5.6 6.5 -10  -5.6 17.5 -10  -8.3 17.5 -10
0 // Sans-serif N  (BAHNHOF pb32)
3 0  -5.6 6.5 -10  -0.599999 6.5 -10  -3.6 10.5 -10
4 0  4.4 6.5 -10  6.4 6.5 -10  6.4 17.5 -10  4.4 13.5 -10
3 0  6.4 17.5 -10  1.4 17.5 -10  4.4 13.5 -10
4 0  -0.599999 6.5 -10  4.4 13.5 -10  1.4 17.5 -10  -3.6 10.5 -10
4 0  -5.6 17.5 -10  -5.6 6.5 -10  -3.6 10.5 -10  -3.6 17.5 -10
3 16  -0.599999 6.5 -10  4.4 6.5 -10  4.4 13.5 -10
3 16  1.4 17.5 -10  -3.6 17.5 -10  -3.6 10.5 -10
0 // SPACE 2.7 
4 16  6.4 6.5 -10  9.1 6.5 -10  9.1 17.5 -10  6.4 17.5 -10
0 // Sans-serif H  (BAHNHOF pb32)
3 0  9.1 6.5 -10  14.1 6.5 -10  14.1 11 -10
4 0  9.1 6.5 -10  14.1 11 -10  14.1 13 -10  9.1 17.5 -10
3 0  9.1 17.5 -10  14.1 13 -10  14.1 17.5 -10
4 0  14.1 11 -10  18.1 11 -10  18.1 13 -10  14.1 13 -10
3 0  18.1 6.5 -10  23.1 6.5 -10  18.1 11 -10
4 0  23.1 6.5 -10  23.1 17.5 -10  18.1 13 -10  18.1 11 -10
3 0  23.1 17.5 -10  18.1 17.5 -10  18.1 13 -10
4 16  14.1 6.5 -10  18.1 6.5 -10  18.1 11 -10  14.1 11 -10
4 16  18.1 17.5 -10  14.1 17.5 -10  14.1 13 -10  18.1 13 -10
0 // SPACE 1.95 
4 16  23.1 6.5 -10  25.05 6.5 -10  25.05 17.5 -10  23.1 17.5 -10
0 // Sans-serif O  (BAHNHOF pb32)
1 0  32.05 12 -10  7 0 0  0 0 5.5  0 1 0  1-4chrd.dat
1 0  32.05 12 -10  0 0 -7  5.5 0 0  0 1 0  1-4chrd.dat
1 0  32.05 12 -10  -7 0 0  0 0 -5.5  0 1 0  1-4chrd.dat
1 0  32.05 12 -10  0 0 7  -5.5 0 0  0 1 0  1-4chrd.dat
3 0  32.05 6.5 -10  35.05 9 -10  29.05 9 -10
3 0  32.05 6.5 -10  39.05 12 -10  35.05 9 -10
3 0  39.05 12 -10  35.05 15 -10  35.05 9 -10
3 0  39.05 12 -10  32.05 17.5 -10  35.05 15 -10
3 0  32.05 17.5 -10  29.05 15 -10  35.05 15 -10
3 0  32.05 17.5 -10  25.05 12 -10  29.05 15 -10
3 0  25.05 12 -10  29.05 9 -10  29.05 15 -10
3 0  25.05 12 -10  32.05 6.5 -10  29.05 9 -10
1 0  32.05 12 -10  3 0 0  0 0 3  0 1 0  4-4ndis.dat
1 16  32.05 12 -10  7 0 0  0 0 5.5  0 1 0  4-4ndis.dat
1 16  32.05 12 -10  3 0 0  0 0 3  0 1 0  4-4disc.dat
0 // SPACE 1.95 
4 16  39.05 6.5 -10  41 6.5 -10  41 17.5 -10  39.05 17.5 -10
0 // Sans-serif F  (BAHNHOF pb32)
4 0  41 6.5 -10  55 6.5 -10  55 8.5 -10  46 8.5 -10
4 0  46 11.5 -10  51 11.5 -10  51 13.5 -10  46 13.5 -10
4 0  41 6.5 -10  46 8.5 -10  46 11.5 -10  41 17.5 -10
3 0  41 17.5 -10  46 11.5 -10  46 13.5 -10
3 0  46 13.5 -10  46 17.5 -10  41 17.5 -10
4 16  55 8.5 -10  51 11.5 -10  46 11.5 -10  46 8.5 -10
4 16  55 8.5 -10  55 17.5 -10  51 13.5 -10  51 11.5 -10
4 16  55 17.5 -10  46 17.5 -10  46 13.5 -10  51 13.5 -10
4 16  -60 0 -10  60 0 -10  55 6.5 -10  -54 6.5 -10
4 16  60 0 -10  60 24 -10  55 17.5 -10  55 6.5 -10
4 16  -60 24 -10  -54 17.5 -10  55 17.5 -10  60 24 -10
4 16  -60 24 -10  -60 0 -10  -54 6.5 -10  -54 17.5 -10
0
