0 Tile  1 x  2 with  2 White Squares on Black Background and Gold Rectangle Pattern
0 Name: 3069bpz4.dat
0 Author: Ulrich Röder [UR]
0 !LICENSE Licensed under CC BY 4.0 : see CAreadme.txt
0 BFC CERTIFY CCW
0 !KEYWORDS Brickheadz, Bricklink 3069bpb658, Set 41621
0 !CMDLINE -c47
1 16 0 0 0 1 0 0 0 1 0 0 0 1 s\3069bs01.dat
1 16 0 0 0 7.5 0 7.5 0 1 0 -7.5 0 7.5 1-4ndis.dat
1 16 0 0 0 -7.5 0 -7.5 0 1 0 7.5 0 -7.5 1-4ndis.dat
4 16 -20 0 10 -19 0 9 19 0 9 20 0 10
4 16 20 0 -10 19 0 -9 -19 0 -9 -20 0 -10
4 16 20 0 10 19 0 9 19 0 -9 20 0 -10
4 16 -20 0 -10 -19 0 -9 -19 0 9 -20 0 10
3 16 17.5 0 7.5 7.5 0 7.5 15 0 0
3 16 17.5 0 7.5 15 0 0 17.5 0 -7.5
3 16 17.5 0 -7.5 15 0 0 7.5 0 -7.5
3 16 -7.5 0 7.5 -17.5 0 7.5 -15 0 0
3 16 -15 0 0 -17.5 0 7.5 -17.5 0 -7.5
3 16 -15 0 0 -17.5 0 -7.5 -7.5 0 -7.5
0 BFC NOCLIP
4 15 6 0 -5.75 6 0 -2.25 2.5 0 -2.25 2.5 0 -5.75
4 15 -6 0 -1 1.5 0 -1 1.5 0 6.5 -6 0 6.5
1 0 0 0 0 7.5 0 7.5 0 1 0 -7.5 0 7.5 1-4chrd.dat
1 0 0 0 0 -7.5 0 -7.5 0 1 0 7.5 0 -7.5 1-4chrd.dat
4 0 6 0 -2.25 6 0 -5.75 7.5 0 -7.5 7.5 0 7.5
4 0 6 0 -2.25 7.5 0 7.5 1.5 0 6.5 1.5 0 -1
4 0 -7.5 0 7.5 -6 0 6.5 1.5 0 6.5 7.5 0 7.5
4 0 -6 0 -1 -6 0 6.5 -7.5 0 7.5 -7.5 0 -7.5
4 0 2.5 0 -2.25 -6 0 -1 -7.5 0 -7.5 2.5 0 -5.75
4 0 6 0 -5.75 2.5 0 -5.75 -7.5 0 -7.5 7.5 0 -7.5
4 0 -6 0 -1 2.5 0 -2.25 6 0 -2.25 1.5 0 -1
4 82 -7.5 0 7.5 7.5 0 7.5 19 0 9 -19 0 9
4 82 7.5 0 -7.5 -7.5 0 -7.5 -19 0 -9 19 0 -9
4 82 17.5 0 7.5 17.5 0 -7.5 19 0 -9 19 0 9
4 82 -17.5 0 -7.5 -17.5 0 7.5 -19 0 9 -19 0 -9
3 82 7.5 0 -7.5 19 0 -9 17.5 0 -7.5
3 82 17.5 0 7.5 19 0 9 7.5 0 7.5
3 82 -7.5 0 -7.5 -17.5 0 -7.5 -19 0 -9
3 82 -19 0 9 -17.5 0 7.5 -7.5 0 7.5
