0 Tile  1 x  2 with Diagonal Red Stripes Pattern
0 Name: 3069bps7.dat
0 Author: Andy Westrate [westrate]
0 !LICENSE Licensed under CC BY 2.0 and CC BY 4.0 : see CAreadme.txt
0 BFC CERTIFY CCW
1 16 0 0 0 1 0 0 0 1 0 0 0 1 s\3069bs01.dat
4 16 -20 0 2.5 -20 0 -3.5 -6.5 0 10 -12.5 0 10
4 16 0.5 0 10 -19.5 0 -10 -13 0 -10 6.5 0 10
4 16 13 0 10 -6.5 0 -10 0 0 -10 19.5 0 10
4 16 20 0 -2.5 20 0 3.5 6.5 0 -10 12.5 0 -10
3 4 12.5 0 -10 20 0 -10 20 0 -2.5
3 4 20 0 3.75 20 0 10 19.5 0 10
3 4 -20 0 -3.5 -20 0 -10 -19.5 0 -10
4 4 6.5 0 -10 20 0 3.5 19.5 0 10 0 0 -10
4 4 6.5 0 10 -13 0 -10 -6.5 0 -10 13 0 10
4 4 -20 0 -3.5 -19.5 0 -10 0.5 0 10 -6.5 0 10
3 4 -20 0 10 -20 0 2.5 -12.5 0 10
