0 Tile  1 x  1 with Silver "C" Pattern
0 Name: 3070bptc.dat
0 Author: Chris Dee [cwdee]
0 !LICENSE Licensed under CC BY 4.0 : see CAreadme.txt
0 BFC CERTIFY CW
1 16 0 0 0 1 0 0 0 1 0 0 0 1 s\3070bs01.dat
1 80 0 0 0 1 0 0 0 1 0 0 0 1 s\3070batc.dat
1 16 0 0 0 7.5 0 0 0 1 0 0 0 7.5 4-4ndis.dat
1 16 0 0 0 5.5 0 0 0 1 0 0 0 5.5 4-4disc.dat
3 16 4.817 0 -2.5 5.0815 0 -2.1049 7.003 0 -2.5
4 16 5.0815 0 -2.1049 5.5 0 0 7.5 0 0 7.003 0 -2.5
3 16 7.003 0 2.5 5.0815 0 2.1049 4.817 0 2.5
4 16 7.5 0 0 5.5 0 0 5.0815 0 2.1049 7.003 0 2.5
4 16 -7.5 0 -7.5 -10 0 -10 -10 0 10 -7.5 0 7.5
4 16 -7.5 0 7.5 -10 0 10 10 0 10 7.5 0 7.5
4 16 7.5 0 7.5 10 0 10 10 0 -10 7.5 0 -7.5
4 16 7.5 0 -7.5 10 0 -10 -10 0 -10 -7.5 0 -7.5
