0 Tile  1 x  1 with Silver "P" Pattern
0 Name: 3070bptp.dat
0 Author: Chris Dee [cwdee]
0 !LICENSE Licensed under CC BY 4.0 : see CAreadme.txt
0 BFC CERTIFY CW
1 16 0 0 0 1 0 0 0 1 0 0 0 1 s\3070bs01.dat
1 80 0 0 0 1 0 0 0 1 0 0 0 1 s\3070batp.dat
1 16 1 0 3 0 0 2.5 0 1 0 -2.5 0 0 2-4disc.dat
1 16 1 0 3 0 0 4.5 0 1 0 -4.5 0 0 2-4ndis.dat
4 16 -5.5 0 -7.5 -10 0 -10 -10 0 10 -5.5 0 7.5
4 16 -5.5 0 7.5 -10 0 10 10 0 10 5.5 0 7.5
4 16 5.5 0 7.5 10 0 10 10 0 -10 5.5 0 -1.5
4 16 5.5 0 -1.5 10 0 -10 -3.5 0 -7.5 -3.5 0 -1.5
4 16 -3.5 0 -7.5 10 0 -10 -10 0 -10 -5.5 0 -7.5
4 16 -3.5 0 5.5 1 0 5.5 1 0 0.5 -3.5 0 0.5
