0 Tile  1 x  1 with Silver "Y" Pattern
0 Name: 3070bpty.dat
0 Author: Chris Dee [cwdee]
0 !LICENSE Licensed under CC BY 4.0 : see CAreadme.txt
0 BFC CERTIFY CW
1 16 0 0 0 1 0 0 0 1 0 0 0 1 s\3070bs01.dat
1 80 0 0 0 1 0 0 0 1 0 0 0 1 s\3070baty.dat
3 16 -1 0 -7.5 -10 0 -10 -1 0 -0.293
4 16 -1 0 -0.293 -10 0 -10 -10 0 10 -6 0 7.5
3 16 -6 0 7.5 -10 0 10 -3.624 0 7.5
4 16 -3.624 0 7.5 -10 0 10 10 0 10 3.624 0 7.5
3 16 3.624 0 7.5 10 0 10 6 0 7.5
4 16 6 0 7.5 10 0 10 10 0 -10 1 0 -0.293
3 16 1 0 -0.293 10 0 -10 1 0 -7.5
4 16 1 0 -7.5 10 0 -10 -10 0 -10 -1 0 -7.5
3 16 0 0 1.852 -3.624 0 7.5 3.624 0 7.5
