0 Plant Tree Pyramidal  4 x  4 x  6.667 Type 1
0 Name: 3471.dat
0 Author: Tore Eriksson [Tore_Eriksson]
0 !LICENSE Licensed under CC BY 4.0 : see CAreadme.txt
0 BFC CERTIFY CCW
0 !KEYWORDS 52211, Christmas, cone, pine
0 !CMDLINE -c2
1 16 0 0 0 1 0 0 0 1 0 0 0 1 s\3471s01.dat
1 16 0 -58 31 0 0 6 0 -1 0 3 0 0 rect2p.dat
1 16 0 -64 30.735 0 0 -6 0 1 0 2.735 0 0 rect2p.dat
3 16 6 -64 33.47 0 -64 34 -6 -64 33.47
2 24 6 -58 34 11.83 -58 34
2 24 -6 -58 34 -11.83 -58 34
2 24 11.83 -58 34 0 -58 36
2 24 -11.83 -58 34 0 -58 36
2 24 6 -64 33.47 0 -64 34
2 24 -6 -64 33.47 0 -64 34
4 16 6 -58 28 6 -58 34 6 -64 33.47 6 -64 28
4 16 -6 -58 28 -6 -64 28 -6 -64 33.47 -6 -58 34
3 16 6 -58 34 11.83 -58 34 6 -64 33.47
3 16 -6 -58 34 -6 -64 33.47 -11.83 -58 34
3 16 11.83 -58 34 0 -58 36 6 -64 33.47
3 16 -11.83 -58 34 -6 -64 33.47 0 -58 36
3 16 0 -58 36 0 -64 34 6 -64 33.47
3 16 0 -58 36 -6 -64 33.47 0 -64 34
2 24 6 -58 34 6 -64 33.47
2 24 -6 -58 34 -6 -64 33.47
2 24 11.83 -58 34 6 -64 33.47
2 24 -11.83 -58 34 -6 -64 33.47
5 24 0 -58 36 0 -64 34 11.83 -58 34 -11.83 -58 34
5 24 0 -58 36 6 -64 33.47 11.83 -58 34 0 -64 34
5 24 -6 -64 33.47 0 -58 36 -11.83 -58 34 0 -64 34
1 16 0 -58 -31 0 0 6 0 -1 0 -3 0 0 rect2p.dat
1 16 0 -64 -30.735 0 0 -6 0 1 0 -2.735 0 0 rect2p.dat
3 16 -6 -64 -33.47 0 -64 -34 6 -64 -33.47
2 24 6 -58 -34 11.83 -58 -34
2 24 -6 -58 -34 -11.83 -58 -34
2 24 11.83 -58 -34 0 -58 -36
2 24 -11.83 -58 -34 0 -58 -36
3 16 11.83 -58 -34 0 -58 -36 -11.83 -58 -34
3 16 -11.83 -58 34 0 -58 36 11.83 -58 34
2 24 6 -64 -33.47 0 -64 -34
2 24 -6 -64 -33.47 0 -64 -34
4 16 6 -64 -28 6 -64 -33.47 6 -58 -34 6 -58 -28
4 16 -6 -58 -34 -6 -64 -33.47 -6 -64 -28 -6 -58 -28
3 16 6 -64 -33.47 11.83 -58 -34 6 -58 -34
3 16 -11.83 -58 -34 -6 -64 -33.47 -6 -58 -34
3 16 6 -64 -33.47 0 -58 -36 11.83 -58 -34
3 16 0 -58 -36 -6 -64 -33.47 -11.83 -58 -34
3 16 6 -64 -33.47 0 -64 -34 0 -58 -36
3 16 0 -64 -34 -6 -64 -33.47 0 -58 -36
2 24 6 -58 -34 6 -64 -33.47
2 24 -6 -58 -34 -6 -64 -33.47
2 24 11.83 -58 -34 6 -64 -33.47
2 24 -11.83 -58 -34 -6 -64 -33.47
5 24 0 -58 -36 0 -64 -34 11.83 -58 -34 -11.83 -58 -34
5 24 0 -58 -36 6 -64 -33.47 11.83 -58 -34 0 -64 -34
5 24 -6 -64 -33.47 0 -58 -36 -11.83 -58 -34 0 -64 -34
