0 Brick  1 x  3 x  1.333 with Rounded Ends
0 Name: 35477.dat
0 Author: Gerald Lasser [GeraldLasser]
0 !LICENSE Licensed under CC BY 4.0 : see CAreadme.txt
0 BFC CERTIFY CCW
1 16 0 0 0 1 0 0 0 1 0 0 0 1 s\35477s01.dat
1 16 -12.2 16 -10 -17.8 0 0 0 0 17.8 0 1 0 48\1-6chrd.dat
1 16 -12.2 16 -10 -17.8 0 0 0 0 -17.8 0 1 0 48\1-6chrd.dat
3 16 -21.1 .5852 -10 -30 16 -10 -21.1 31.4148 -10
4 16 -21.1 .5852 -10 -21.1 31.4148 -10 -20 32 -10 -20 0 -10
1 16 12.2 16 -10 17.8 0 0 0 0 17.8 0 1 0 48\1-6chrd.dat
1 16 12.2 16 -10 17.8 0 0 0 0 -17.8 0 1 0 48\1-6chrd.dat
3 16 30 16 -10 21.1 .5852 -10 21.1 31.4148 -10
4 16 20 32 -10 21.1 31.4148 -10 21.1 .5852 -10 20 0 -10
4 16 20 32 -10 20 0 -10 -20 0 -10 -20 32 -10
1 16 -12.2 16 10 -17.8 0 0 0 0 17.8 0 -1 0 48\1-6chrd.dat
1 16 -12.2 16 10 -17.8 0 0 0 0 -17.8 0 -1 0 48\1-6chrd.dat
3 16 -30 16 10 -21.1 .5852 10 -21.1 31.4148 10
4 16 -20 32 10 -21.1 31.4148 10 -21.1 .5852 10 -20 0 10
1 16 12.2 16 10 17.8 0 0 0 0 17.8 0 -1 0 48\1-6chrd.dat
1 16 12.2 16 10 17.8 0 0 0 0 -17.8 0 -1 0 48\1-6chrd.dat
3 16 21.1 .5852 10 30 16 10 21.1 31.4148 10
4 16 21.1 .5852 10 21.1 31.4148 10 20 32 10 20 0 10
4 16 -20 0 10 20 0 10 20 32 10 -20 32 10
