0 Minifig Head with SW Darth Maul Pattern
0 Name: 3626bps8.dat
0 Author: Nils Schmidt [BlackBrick89]
0 !LICENSE Licensed under CC BY 4.0 : see CAreadme.txt
0 BFC CERTIFY CCW
0 !KEYWORDS apprentice, Bricklink 3626bps8, Brickowl 56194, Episode One
0 !KEYWORDS Rebrickable 3626bpr0815, Set 7101, set 7151, set 7663
0 !KEYWORDS Sith Infiltrator, Sith Lord, Star Wars, villian
0 !CMDLINE -c0
1 16 0 0 0 1 0 0 0 1 0 0 0 1 s\3626bs02.dat
1 16 0 4 0 13 0 0 0 13 0 0 0 13 2-4cyli.dat
1 16 0 4 0 0 0 8 0 -6.4 0 8 0 0 t04o6250.dat
1 16 0 4 0 -8 0 0 0 -6.4 0 0 0 8 t04o6250.dat
1 16 0 17 0 0 0 -8 0 6.4 0 8 0 0 t04o6250.dat
1 16 0 17 0 8 0 0 0 6.4 0 0 0 8 t04o6250.dat
1 16 0 0 0 1 0 0 0 1 0 0 0 1 s\3626bps8a.dat
1 16 0 0 0 -1 0 0 0 1 0 0 0 1 s\3626bps8a.dat
5 24 0 4 -13 0 17 -13 -4.9751 4 -12.0107 13 4 -13
5 24 0 0 -8 0 0.3046 -9.9136 -3.0616 0 -7.3912 3.3136 0 -8
5 24 0 0.3046 -9.9136 0 1.1718 -11.5352 -3.7936 0.3046 -9.1592 4.1064 0.3046 -9.9136
5 24 0 1.1718 -11.5352 0 2.4691 -12.6192 -4.4144 1.1718 -10.6576 4.7784 1.1718 -11.5352
5 24 0 2.4691 -12.6192 0 4 -13 -4.8296 2.4691 -11.6592 5.2272 2.4691 -12.6192
5 24 0 21 -8 0 20.6954 -9.9136 -3.0616 21 -7.3912 3.3136 21 -8
5 24 0 20.6954 -9.9136 0 19.8282 -11.5352 -3.7936 20.6954 -9.1592 4.1064 20.6954 -9.9136
5 24 0 19.8282 -11.5352 0 18.5309 -12.6192 -4.4144 19.8282 -10.6576 4.7784 19.8282 -11.5352
5 24 0 18.5309 -12.6192 0 17 -13 -4.8296 18.5309 -11.6592 5.2272 18.5309 -12.6192
