0 Minifig Hat Cowboy
0 Name: 3629.dat
0 Author: Franklin W. Cain [fwcain]
0 !LICENSE Licensed under CC BY 4.0 : see CAreadme.txt
0 BFC CERTIFY CW
0 !CATEGORY Minifig Headwear
0 !KEYWORDS cavalry, cowboy, minifig hat, stetson, ten-gallon hat, western
0 !KEYWORDS wild west
3 16 0 0 -14 -2 -14 -10 2 -14 -10
5 24 0 0 -14 0 -14 -10 -2 -14 -10 2 -14 -10
3 16 -5.358 0 -12.934 -2 -14 -10 0 0 -14
3 16 0 0 -14 2 -14 -10 5.358 0 -12.934
5 24 0 0 -14 -2 -14 -10 0 -14 -10 -3.827 -16 -9.239
5 24 0 0 -14 2 -14 -10 0 -14 -10 3.827 -16 -9.239
3 16 -3.827 -16 -9.239 -2 -14 -10 -5.358 0 -12.934
3 16 5.358 0 -12.934 2 -14 -10 3.827 -16 -9.239
5 24 -5.358 0 -12.934 -2 -14 -10 0 -14 -10 -3.827 -16 -9.239
5 24 5.358 0 -12.934 2 -14 -10 0 -14 -10 3.827 -16 -9.239
3 16 7.071 -16 -7.071 9.899 0 -9.899 3.827 -16 -9.239
3 16 9.899 0 -9.899 5.358 0 -12.934 3.827 -16 -9.239
3 16 -3.827 -16 -9.239 -5.358 0 -12.934 -9.899 0 -9.899
3 16 -3.827 -16 -9.239 -9.899 0 -9.899 -7.071 -16 -7.071
5 24 5.358 0 -12.934 3.827 -16 -9.239 2 -14 -10 7.071 -16 -7.071
5 24 9.899 0 -9.899 3.827 -16 -9.239 7.071 -16 -7.071 5.358 0 -12.934
5 24 -5.358 0 -12.934 -3.827 -16 -9.239 -2 -14 -10 -7.071 -16 -7.071
5 24 -9.899 0 -9.899 -3.827 -16 -9.239 -7.071 -16 -7.071 -5.358 0 -12.934
0 Subpart Minifig Hat Cowboy without Front Face
1 16 0 0 0 1 0 0 0 1 0 0 0 1 s\3629s01.dat
