0 Sticker  7.5 x  7.5 with LEGO Logo
0 Name: 4155159a.dat
0 Author: Marc Giraudet [Mad_Marc]
0 !LICENSE Licensed under CC BY 4.0 : see CAreadme.txt
0 BFC CERTIFY CCW
0 !KEYWORDS Bricklink 3723stk01, Brickowl 227757, Rebrickable 41096, Set 3723
1 16 0 -0.25 0 75 0 0 0 0.25 0 0 0 75 box5-12.dat
1 16 0 -0.25 0 3.45 0 0 0 0 1 0 -3.45 0 logo-lego-2.dat
4 0 75 -0.25 75 -75 -0.25 75 -72.5 -0.25 72.5 72.5 -0.25 72.5
4 0 -75 -0.25 75 -75 -0.25 -75 -72.5 -0.25 -72.5 -72.5 -0.25 72.5
4 0 -75 -0.25 -75 75 -0.25 -75 72.5 -0.25 -72.5 -72.5 -0.25 -72.5
4 0 75 -0.25 -75 75 -0.25 75 72.5 -0.25 72.5 72.5 -0.25 -72.5
4 4 -72.5 -0.25 72.5 -69 -0.25 69 69 -0.25 69 72.5 -0.25 72.5
4 4 72.5 -0.25 72.5 69 -0.25 69 69 -0.25 -69 72.5 -0.25 -72.5
4 4 -72.5 -0.25 -72.5 72.5 -0.25 -72.5 69 -0.25 -69 -69 -0.25 -69
4 4 -72.5 -0.25 72.5 -72.5 -0.25 -72.5 -69 -0.25 -69 -69 -0.25 69
