0 Sticker  2.0 x  3.8 with  4 White Stripes
0 Name: 4201018a.dat
0 Author: Tim Lampmann [L4mpi]
0 !LICENSE Licensed under CC BY 4.0 : see CAreadme.txt
0 BFC CERTIFY CCW
0 !KEYWORDS Grand Central Station, Set 4513, Train
1 16 0 -0.25 0 38 0 0 0 0.25 0 0 0 20 box5-12.dat
4 16 38 -.25 20 -38 -.25 20 -38 -.25 17 38 -.25 17
4 15 38 -.25 17 -38 -.25 17 -38 -.25 11 38 -.25 11
4 16 38 -.25 11 -38 -.25 11 -38 -.25 8 38 -.25 8
4 15 38 -.25 8 -38 -.25 8 -38 -.25 2 38 -.25 2
4 16 38 -.25 2 -38 -.25 2 -38 -.25 -1 38 -.25 -1
4 15 38 -.25 -1 -38 -.25 -1 -38 -.25 -7 38 -.25 -7
4 16 38 -.25 -7 -38 -.25 -7 -38 -.25 -10 38 -.25 -10
4 15 38 -.25 -10 -38 -.25 -10 -38 -.25 -16 38 -.25 -16
4 16 38 -.25 -16 -38 -.25 -16 -38 -.25 -20 38 -.25 -20
