0 Hose Reel  2 x  4 x  2 Holder with Fire Logo on Square Pattern
0 Name: 4209ap01.dat
0 Author: Ryan Dennett
0 !LICENSE Licensed under CC BY 4.0 : see CAreadme.txt
0 BFC CERTIFY CCW
1 16 0 0 0 1 0 0 0 1 0 0 0 1 s\4209as02.dat
1 16 40 25 0 0 -1 0 0 0 -0.1 0.1 0 0 s\4209s01.dat
4 16 40 0 -20 40 48 -20 40 37.3 -12.3 40 12.7 -12.3
4 16 40 12.7 12.3 40 37.3 12.3 40 48 20 40 0 20
4 16 40 0 20 40 0 -20 40 12.7 -12.3 40 12.7 12.3
4 16 40 48 -20 40 48 20 40 37.3 12.3 40 37.3 -12.3
1 16 -40 25 0 0 1 0 0 0 -0.1 -0.1 0 0 s\4209s01.dat
4 16 -40 0 20 -40 48 20 -40 37.3 12.3 -40 12.7 12.3
4 16 -40 12.7 -12.3 -40 37.3 -12.3 -40 48 -20 -40 0 -20
4 16 -40 0 -20 -40 0 20 -40 12.7 12.3 -40 12.7 -12.3
4 16 -40 48 20 -40 48 -20 -40 37.3 -12.3 -40 37.3 12.3
