0 Panel  1 x  4 x  3 with Red Bar and White Grille Pattern
0 Name: 4215ap01.dat
0 Author: James Jessiman
0 !LICENSE Licensed under CC BY 4.0 : see CAreadme.txt
0 BFC CERTIFY CCW
1 16 0 0 0 1 0 0 0 1 0 0 0 1 s\4215as01.dat
1 15 -32 41 10 -4 0 0 0 0 4 0 -1 0 1-4ndis.dat
1 15 -32 8 10 -4 0 0 0 0 -4 0 -1 0 1-4ndis.dat
1 15 32 41 10 4 0 0 0 0 4 0 -1 0 1-4ndis.dat
1 15 32 8 10 4 0 0 0 0 -4 0 -1 0 1-4ndis.dat
1 16 -32 41 10 -4 0 0 0 0 4 0 -1 0 1-4disc.dat
1 16 -32 8 10 -4 0 0 0 0 -4 0 -1 0 1-4disc.dat
1 16 32 41 10 4 0 0 0 0 4 0 -1 0 1-4disc.dat
1 16 32 8 10 4 0 0 0 0 -4 0 -1 0 1-4disc.dat
4 16 -32 45 10 -32 41 10 32 41 10 32 45 10
4 16 -32 8 10 -32 4 10 32 4 10 32 8 10
4 16 -36 14 10 -36 11 10 36 11 10 36 14 10
4 16 -36 20 10 -36 17 10 36 17 10 36 20 10
4 16 -36 26 10 -36 23 10 36 23 10 36 26 10
4 16 -36 32 10 -36 29 10 36 29 10 36 32 10
4 16 -36 38 10 -36 35 10 36 35 10 36 38 10
4 4 40 48 10 40 72 10 -40 72 10 -40 48 10
4 15 -36 4 10 -36 45 10 -40 48 10 -40 0 10
4 15 40 0 10 40 48 10 36 45 10 36 4 10
4 15 36 4 10 -36 4 10 -40 0 10 40 0 10
4 15 -36 45 10 36 45 10 40 48 10 -40 48 10
4 15 -36 11 10 -36 8 10 36 8 10 36 11 10
4 15 -36 17 10 -36 14 10 36 14 10 36 17 10
4 15 -36 23 10 -36 20 10 36 20 10 36 23 10
4 15 -36 29 10 -36 26 10 36 26 10 36 29 10
4 15 -36 35 10 -36 32 10 36 32 10 36 35 10
4 15 -36 41 10 -36 38 10 36 38 10 36 41 10
