0 Brick  1 x  2 with Groove
0 Name: 4216.dat
0 Author: Christian M. Angele [cma_1971]
0 !LICENSE Licensed under CC BY 2.0 and CC BY 4.0 : see CAreadme.txt
0 BFC CERTIFY CW
2 24 16 24 -6 16 24 6
2 24 16 24 6 -16 24 6
2 24 -16 24 6 -16 24 -6
2 24 -16 24 -6 -10 24 -6
1 16 -10 24 0 0 0 6 0 1 0 -6 0 0 1-4edge.dat
1 16 0 24 0 4 0 0 0 4 0 0 0 4 2-4edge.dat
1 16 10 24 0 -6 0 0 0 1 0 0 0 -6 1-4edge.dat
2 24 10 24 -6 16 24 -6
0 inner box side
2 24 16 24 -6 16 4 -6
2 24 16 24 6 16 4 6
2 24 -16 24 6 -16 4 6
2 24 -16 24 -6 -16 4 -6
0 inner box top
2 24 16 4 -6 16 4 6
2 24 16 4 6 -16 4 6
2 24 -16 4 6 -16 4 -6
2 24 -16 4 -6 -10 4 -6
1 16 -10 4 0 0 0 6 0 1 0 -6 0 0 1-4edge.dat
1 16 0 4 0 4 0 0 0 1 0 0 0 4 2-4edge.dat
1 16 10 4 0 -6 0 0 0 1 0 0 0 -6 1-4edge.dat
2 24 10 4 -6 16 4 -6
0 inner box side
4 16 16 24 -6 16 24 6 16 4 6 16 4 -6
4 16 16 24 6 -16 24 6 -16 4 6 16 4 6
4 16 -16 24 6 -16 24 -6 -16 4 -6 -16 4 6
4 16 -16 24 -6 -10 24 -6 -10 4 -6 -16 4 -6
0 BFC INVERTNEXT
1 16 -10 4 0 0 0 6 0 20 0 -6 0 0 1-4cyli.dat
1 16 0 4 0 4 0 0 0 20 0 0 0 4 2-4cyli.dat
0 BFC INVERTNEXT
1 16 10 4 0 -6 0 0 0 20 0 0 0 -6 1-4cyli.dat
4 16 10 24 -6 16 24 -6 16 4 -6 10 4 -6
0 inner box top
4 16 -16 4 -6 -10 4 -6 -10 4 6 -16 4 6
1 16 -10 4 0 0 0 6 0 -1 0 -6 0 0 1-4disc.dat
4 16 -10 4 0 -4 4 0 -4 4 6 -10 4 6
1 16 0 4 0 0 0 -4 0 -1 0 4 0 0 1-4ndis.dat
4 16 -4 4 4 4 4 4 4 4 6 -4 4 6
1 16 0 4 0 4 0 0 0 -1 0 0 0 4 1-4ndis.dat
4 16 4 4 0 10 4 0 10 4 6 4 4 6
1 16 10 4 0 -6 0 0 0 -1 0 0 0 -6 1-4disc.dat
4 16 10 4 -6 16 4 -6 16 4 6 10 4 6
0 outer box bottom
2 24 20 24 -10 20 24 10
2 24 20 24 10 -20 24 10
2 24 -20 24 10 -20 24 -10
2 24 -20 24 -10 -4 24 -10
2 24 -4 24 -10 -4 24 -5
2 24 -4 24 -5 4 24 -5
2 24 4 24 -5 4 24 -10
2 24 4 24 -10 20 24 -10
0 outer box side
2 24 20 24 -10 20 0 -10
2 24 20 24 10 20 0 10
2 24 -20 24 10 -20 0 10
2 24 -20 24 -10 -20 0 -10
2 24 -4 24 -10 -4 0 -10
2 24 -4 24 -5 -4 0 -5
2 24 4 24 -5 4 0 -5
2 24 4 24 -10 4 0 -10
0 outer box top
2 24 20 0 -10 20 0 10
2 24 20 0 10 -20 0 10
2 24 -20 0 10 -20 0 -10
2 24 -20 0 -10 -4 0 -10
2 24 -4 0 -10 -4 0 -5
2 24 -4 0 -5 4 0 -5
2 24 4 0 -5 4 0 -10
2 24 4 0 -10 20 0 -10
0 inner+outer box bottom
4 16 20 24 10 16 24 6 16 24 -6 20 24 -10
4 16 -20 24 10 -16 24 6 16 24 6 20 24 10
4 16 -20 24 -10 -16 24 -6 -16 24 6 -20 24 10
4 16 -20 24 -10 -4 24 -10 -4 24 -6 -16 24 -6
1 16 -10 24 0 0 0 6 0 -1 0 -6 0 0 1-4ndis.dat
4 16 -4 24 -5 4 24 -5 4 24 0 -4 24 0
1 16 0 24 0 4 0 0 0 -1 0 0 0 4 2-4disc.dat
1 16 10 24 0 -6 0 0 0 -1 0 0 0 -6 1-4ndis.dat
4 16 16 24 -6 4 24 -6 4 24 -10 20 24 -10
0 outer box side
4 16 20 0 -10 20 0 10 20 24 10 20 24 -10
4 16 20 0 10 -20 0 10 -20 24 10 20 24 10
4 16 -20 0 10 -20 0 -10 -20 24 -10 -20 24 10
4 16 -20 0 -10 -4 0 -10 -4 24 -10 -20 24 -10
4 16 -4 0 -10 -4 0 -5 -4 24 -5 -4 24 -10
4 16 -4 0 -5 4 0 -5 4 24 -5 -4 24 -5
4 16 4 0 -5 4 0 -10 4 24 -10 4 24 -5
4 16 4 0 -10 20 0 -10 20 24 -10 4 24 -10
0 outer box top
4 16 4 0 -10 4 0 10 20 0 10 20 0 -10
4 16 -4 0 -5 -4 0 10 4 0 10 4 0 -5
4 16 -20 0 -10 -20 0 10 -4 0 10 -4 0 -10
0 stud
1 16 10 0 0 1 0 0 0 1 0 0 0 1 stud.dat
1 16 -10 0 0 1 0 0 0 1 0 0 0 1 stud.dat
