0 Wedge  4 x  2 Sloped Left
0 Name: 43721.dat
0 Author: Donald Sutter [technog]
0 !LICENSE Licensed under CC BY 4.0 : see CAreadme.txt
0 BFC CERTIFY CW
1 16 -10 0 30 0 0 1 0 1 0 -1 0 0 stud.dat
1 16 -10 0 10 0 0 1 0 1 0 -1 0 0 stud.dat
1 16 -10 0 -10 0 0 1 0 1 0 -1 0 0 stud.dat
1 16 -10 0 -30 0 0 1 0 1 0 -1 0 0 stud.dat
1 16 0 0 0 -1 0 0 0 1 0 0 0 1 s\43720s01.dat
3 16 0 0 -20 0 20 -40 0 0 -40
3 16 0 0 -20 5 20 -20 0 20 -40
3 16 0 0 -20 0 0 0 5 20 -20
3 16 0 0 0 10 20 0 5 20 -20
3 16 0 0 0 0 0 20 10 20 0
3 16 10 20 0 0 0 20 15 20 20
3 16 15 20 20 0 0 20 0 0 40
3 16 0 0 40 20 20 40 15 20 20
5 24 5 20 -20 0 0 -20 0 0 0 0 20 -40
5 24 10 20 0 0 0 0 0 0 20 5 20 -20
5 24 15 20 20 0 0 20 0 0 40 10 20 0
5 24 0 20 -40 0 0 -20 5 20 -20 0 0 -40
5 24 5 20 -20 0 0 0 10 20 0 0 0 -20
5 24 10 20 0 0 0 20 15 20 20 0 0 0
5 24 15 20 20 0 0 40 20 20 40 0 0 20
