0 Hinge Plate  1 x  2 Locking with Groove with Single Finger on End Vertical
0 Name: 44301a.dat
0 Author: Chris Dee [cwdee]
0 !LICENSE Licensed under CC BY 4.0 : see CAreadme.txt
0 BFC CERTIFY CCW
1 16 0 0 0 1 0 0 0 1 0 0 0 1 s\44301s01.dat
1 16 -19.5 3.5 0 0 -.5 0 0 0 3.5 10 0 0 box2-5.dat
4 16 20 8 10 16 8 6 -16 8 6 -19 8 10
4 16 -19 8 10 -16 8 6 -16 8 -6 -19 8 -10
4 16 -19 8 -10 -16 8 -6 16 8 -6 20 8 -10
2 24 20 8 10 -19 8 10
2 24 -19 8 -10 20 8 -10
2 24 -19 8 10 -19 7 10
2 24 -19 8 -10 -19 7 -10
2 24 -19 8 10 -19 8 -10
2 24 -19 7 10 -19 7 -10
4 16 -19 8 10 -19 8 -10 -19 7 -10 -19 7 10
4 16 -19 8 -10 20 8 -10 20 0 -10 -19 7 -10
4 16 -20 7 -10 -19 7 -10 20 0 -10 -20 0 -10
4 16 20 0 10 20 8 10 -19 8 10 -19 7 10
4 16 20 0 10 -19 7 10 -20 7 10 -20 0 10
