0 Panel  2 x  5 x  6 Wall
0 Name: 4444.dat
0 Author: James Jessiman
0 !LICENSE Licensed under CC BY 4.0 : see CAreadme.txt
0 BFC CERTIFY CW
0 !KEYWORDS Castle Wall
1 16 0 0 0 1 0 0 0 1 0 0 0 1 s\4444s01.dat
1 16 0 42 -10 10 0 0 0 0 -10 0 1 0 2-4ndis.dat
4 16 -50 24 -10 50 24 -10 10 32 -10 -10 32 -10
4 16 -30 120 -10 30 120 -10 30 144 -10 -30 144 -10
4 16 -10 72 -10 10 72 -10 50 120 -10 -50 120 -10
4 16 10 32 -10 50 24 -10 50 120 -10 10 72 -10
4 16 -50 120 -10 -50 24 -10 -10 32 -10 -10 72 -10
4 16 -30 0 -10 30 0 -10 30 24 -10 -30 24 -10
