0 Baseplate 32 x 32 Road 9-Stud Driveway with Grey Crazy Paving
0 Name: 4478p03.dat
0 Author: Alex Taylor [anathema]
0 !LICENSE Licensed under CC BY 4.0 : see CAreadme.txt
0 BFC CERTIFY CCW
1 16 0 0 0 1 0 0 0 1 0 0 0 1 s\4478s01.dat
4 16 -128 0 320 -316 0 320 -316 0 -320 -128 0 -320
4 16 122 0 320 -128 0 320 -128 0 -306 122 0 -56
4 16 125 0 -302 125 0 -320 276 0 -320 276 0 -151
4 16 316 0 320 276 0 320 276 0 -320 316 0 -320
1 7 0 0 0 1 0 0 0 1 0 0 0 1 s\4478p03a.dat
1 16 0 0 0 1 0 0 0 1 0 0 0 1 s\4478p03b.dat
4 16 -320 0 -316 -316 0 -316 -316 0 316 -320 0 316
4 16 316 0 -316 320 0 -316 320 0 316 316 0 316
1 16 -316 0 -316 -4 0 0 0 1 0 0 0 -4 1-4disc.dat
1 16 316 0 -316 0 0 4 0 1 0 -4 0 0 1-4disc.dat
1 16 316 0 316 4 0 0 0 1 0 0 0 4 1-4disc.dat
1 16 -316 0 316 0 0 -4 0 1 0 4 0 0 1-4disc.dat
