0 Slope Brick 10  6 x  8 with Green Stripes Pattern
0 Name: 4515p02.dat
0 Author: James Jessiman
0 !LICENSE Licensed under CC BY 4.0 : see CAreadme.txt
0 BFC CERTIFY CCW
1 16 0 0 0 1 0 0 0 1 0 0 0 1 s\4515s01.dat
4 2 70 19 -60 70 0 60 50 0 60 50 19 -60
4 2 30 19 -60 30 0 60 10 0 60 10 19 -60
4 2 -10 19 -60 -10 0 60 -30 0 60 -30 19 -60
4 2 -50 19 -60 -50 0 60 -70 0 60 -70 19 -60
4 16 80 19 -60 80 0 60 70 0 60 70 19 -60
4 16 50 19 -60 50 0 60 30 0 60 30 19 -60
4 16 10 19 -60 10 0 60 -10 0 60 -10 19 -60
4 16 -30 19 -60 -30 0 60 -50 0 60 -50 19 -60
4 16 -70 19 -60 -70 0 60 -80 0 60 -80 19 -60
