0 Plate  4 x 16 with Rounded Corners and 3 Groups of 2 x 4 Studs
0 Name: 4607.dat
0 Author: Tore Eriksson [Tore_Eriksson]
0 !LICENSE Licensed under CC BY 4.0 : see CAreadme.txt
0 BFC CERTIFY CCW
0 !KEYWORDS Fabuland, set 3625, set 3630, set 3671, Wing
1 16 -120 4 0 1 0 0 0 -1 0 0 0 1 stug4-3x3.dat
1 16 -60 4 0 1 0 0 0 -1 0 0 0 1 stug4-3x3.dat
1 16 0 4 0 1 0 0 0 -1 0 0 0 1 stug4-3x3.dat
1 16 60 4 0 1 0 0 0 -1 0 0 0 1 stug4-3x3.dat
1 16 120 4 0 1 0 0 0 -1 0 0 0 1 stug4-3x3.dat
0 BFC INVERTNEXT
1 16 0 8 0 156 0 0 0 -4 0 0 0 36 box5.dat
4 16 -156 8 40 156 8 40 156 8 36 -156 8 36
4 16 -156 8 -40 -156 8 -36 156 8 -36 156 8 -40
4 16 -160 8 -36 -160 8 36 -156 8 36 -156 8 -36
4 16 160 8 -36 156 8 -36 156 8 36 160 8 36
2 24 -156 8 40 156 8 40
2 24 -156 8 -40 156 8 -40
2 24 -160 8 36 -160 8 -36
2 24 160 8 36 160 8 -36
1 16 156 0 36 4 0 0 0 8 0 0 0 4 1-4cylc.dat
1 16 156 0 -36 4 0 0 0 8 0 0 0 -4 1-4cylc.dat
1 16 -156 0 36 -4 0 0 0 8 0 0 0 4 1-4cylc.dat
1 16 -156 0 -36 -4 0 0 0 8 0 0 0 -4 1-4cylc.dat
1 16 156 8 36 4 0 0 0 -1 0 0 0 4 1-4disc.dat
1 16 156 8 -36 4 0 0 0 -1 0 0 0 -4 1-4disc.dat
1 16 -156 8 36 -4 0 0 0 -1 0 0 0 4 1-4disc.dat
1 16 -156 8 -36 -4 0 0 0 -1 0 0 0 -4 1-4disc.dat
4 16 156 0 36 -156 0 36 -156 0 -36 156 0 -36
4 16 -156 0 36 156 0 36 156 0 40 -156 0 40
4 16 156 0 -40 156 0 -36 -156 0 -36 -156 0 -40
4 16 -156 0 -36 -156 0 36 -160 0 36 -160 0 -36
4 16 160 0 36 156 0 36 156 0 -36 160 0 -36
2 24 -156 0 40 156 0 40
2 24 -156 0 -40 156 0 -40
2 24 -160 0 36 -160 0 -36
2 24 160 0 36 160 0 -36
4 16 -156 0 40 156 0 40 156 8 40 -156 8 40
4 16 -156 8 -40 156 8 -40 156 0 -40 -156 0 -40
4 16 -160 8 36 -160 8 -36 -160 0 -36 -160 0 36
4 16 160 0 36 160 0 -36 160 8 -36 160 8 36
1 16 100 0 20 1 0 0 0 1 0 0 0 1 stug-2x2.dat
1 16 100 0 -20 1 0 0 0 1 0 0 0 1 stug-2x2.dat
1 16 0 0 20 1 0 0 0 1 0 0 0 1 stug-2x2.dat
1 16 0 0 -20 1 0 0 0 1 0 0 0 1 stug-2x2.dat
1 16 -100 0 20 1 0 0 0 1 0 0 0 1 stug-2x2.dat
1 16 -100 0 -20 1 0 0 0 1 0 0 0 1 stug-2x2.dat
