0 Sticker  0.8 x  1 with Black "10219"
0 Name: 4616559o.dat
0 Author: J.C. Tchang [tchang]
0 !LICENSE Licensed under CC BY 4.0 : see CAreadme.txt
0 BFC CERTIFY CCW
0 !KEYWORDS Set 10219
1 16 0 -0.25 0 10 0 0 0 0.25 0 0 0 8 box5-12.dat
1 0 0 -0.25 0 0.25 0 0 0 1 0 0 0 0.25 s\4616559ps6.dat
1 16 0 -0.25 0 0.25 0 0 0 1 0 0 0 0.25 s\4616559ps7.dat
4 16 10 -0.25 8 -10 -0.25 8 -9.5 -0.25 2.5 9.5 -0.25 2.5
4 16 10 -0.25 -8 10 -0.25 8 9.5 -0.25 2.5 9.5 -0.25 -2.5
4 16 10 -0.25 -8 9.5 -0.25 -2.5 -9.5 -0.25 -2.5 -10 -0.25 -8
4 16 -10 -0.25 -8 -9.5 -0.25 -2.5 -9.5 -0.25 2.5 -10 -0.25 8
