0 Sticker  1.9 x  0.7 with Dark Bluish Grey and Blue Rectangle
0 Name: 4622098b.dat
0 Author: Gabriel Läufer [Dr.Bricktacular]
0 !LICENSE Licensed under CC BY 4.0 : see CAreadme.txt
0 BFC CERTIFY CCW
0 !KEYWORDS Anakin's & Sebulba's Podracers, Bricklink 7962stk01, Brickowl 968771
0 !KEYWORDS Rebrickable 95687, Set 7962, Star Wars
1 16 6.5 0 17.75 1 0 0 0 -1 0 0 0 1 1-4chrd.dat
1 16 6.5 0 -17.75 0 0 1 0 -1 0 -1 0 0 1-4chrd.dat
1 16 -6.5 0 -17.75 -1 0 0 0 -1 0 0 0 -1 1-4chrd.dat
1 16 -6.5 0 17.75 0 0 -1 0 -1 0 1 0 0 1-4chrd.dat
4 16 6.5 0 -18.75 -6.5 0 -18.75 -7.5 0 -17.75 7.5 0 -17.75
4 16 7.5 0 17.75 7.5 0 -17.75 -7.5 0 -17.75 -7.5 0 17.75
4 16 7.5 0 17.75 -7.5 0 17.75 -6.5 0 18.75 6.5 0 18.75
1 16 6.5 -.25 17.75 1 0 0 0 .25 0 0 0 1 1-4cyli.dat
1 16 -6.5 -.25 17.75 0 0 -1 0 .25 0 1 0 0 1-4cyli.dat
1 16 -6.5 -.25 -17.75 -1 0 0 0 .25 0 0 0 -1 1-4cyli.dat
1 16 6.5 -.25 -17.75 0 0 1 0 .25 0 -1 0 0 1-4cyli.dat
4 16 6.5 -.25 -18.75 -6.5 -.25 -18.75 -6.5 0 -18.75 6.5 0 -18.75
4 16 7.5 -.25 17.75 7.5 -.25 -17.75 7.5 0 -17.75 7.5 0 17.75
4 16 -6.5 -.25 18.75 6.5 -.25 18.75 6.5 0 18.75 -6.5 0 18.75
4 16 -7.5 -.25 -17.75 -7.5 -.25 17.75 -7.5 0 17.75 -7.5 0 -17.75
1 72 6.5 -.25 17.75 1 0 0 0 1 0 0 0 1 1-4chrd.dat
1 1 6.5 -.25 -17.75 0 0 1 0 1 0 -1 0 0 1-4chrd.dat
1 1 -6.5 -.25 -17.75 -1 0 0 0 1 0 0 0 -1 1-4chrd.dat
1 72 -6.5 -.25 17.75 0 0 -1 0 1 0 1 0 0 1-4chrd.dat
4 1 7.5 -.25 -17.75 -7.5 -.25 -17.75 -6.5 -.25 -18.75 6.5 -.25 -18.75
4 72 7.5 -.25 17.75 6.5 -.25 18.75 -6.5 -.25 18.75 -7.5 -.25 17.75
4 72 -7.5 -.25 17.75 -7.5 -.25 0 7.5 -.25 0 7.5 -.25 17.75
4 1 7.5 -.25 0 -7.5 -.25 0 -7.5 -.25 -17.75 7.5 -.25 -17.75
