0 Door  1 x  4 x  6 Smooth with Chamfered Handle Plinth
0 Name: 60616b.dat
0 Author: Santeri Piippo [arezey]
0 !LICENSE Licensed under CC BY 4.0 : see CAreadme.txt
0 !HELP To place the glass on 30179.dat, have it +/-32LDU on the X-axis
0 !HELP and +/-6 LDU on the Z-axis relative to the door to place it correctly.
0 !HELP To place the glass on 60596.dat, have it +/-32LDU on the X-axis
0 !HELP and 5 LDU on the Z-axis relative to the door to place it correctly.
0 !HELP Stud is at 57,70,3.75/-3.75
0 BFC CERTIFY CCW
0 !KEYWORDS glass
1 16 0 4 0 1 0 0 0 1 0 0 0 1 s\60616s01.dat
1 16 0 136 0 1 0 0 0 -1 0 0 0 1 s\60616s01.dat
1 16 3.0871 70 0 0 -6.1742 0 60.75 0 0 0 0 2 box3u4a.dat
1 16 37.25 31.25 0 0 0 29.75 0 -27.25 0 2 0 0 box2-7.dat
1 16 37.25 108.75 0 0 0 29.75 0 27.25 0 2 0 0 box2-7.dat
4 16 67 58.5 2 67 58.5 -2 67 60 -3.75 67 60 3.75
1 16 47 70 0 0 20 0 10 0 0 0 0 3.75 box3u4p.dat
4 16 67 80 3.75 67 80 -3.75 67 81.5 -2 67 81.5 2
4 16 45.5 81.5 2 47 80 3.75 67 80 3.75 67 81.5 2
4 16 47 80 3.75 45.5 81.5 2 45.5 58.5 2 47 60 3.75
4 16 67 58.5 2 67 60 3.75 47 60 3.75 45.5 58.5 2
2 24 67 81.5 2 67 80 3.75
2 24 47 80 3.75 45.5 81.5 2
2 24 45.5 58.5 2 47 60 3.75
2 24 67 60 3.75 67 58.5 2
1 16 56.25 70 2 0 0 -10.75 11.5 0 0 0 1 0 recte3.dat
4 16 67 81.5 -2 67 80 -3.75 47 80 -3.75 45.5 81.5 -2
4 16 47 60 -3.75 45.5 58.5 -2 45.5 81.5 -2 47 80 -3.75
4 16 45.5 58.5 -2 47 60 -3.75 67 60 -3.75 67 58.5 -2
2 24 67 81.5 -2 67 80 -3.75
2 24 47 80 -3.75 45.5 81.5 -2
2 24 45.5 58.5 -2 47 60 -3.75
2 24 67 60 -3.75 67 58.5 -2
1 16 56.25 70 -2 0 0 -10.75 11.5 0 0 0 1 0 recte3.dat
4 16 67 81.5 2 67 136 2 7.5 136 2 7.5 133.5 2
3 16 7.5 133.5 2 45.5 81.5 2 67 81.5 2
4 16 45.5 81.5 2 7.5 133.5 2 3.0871 133.5 2 3.0871 130.75 2
4 16 3.0871 130.75 2 3.0871 9.25 2 45.5 58.5 2 45.5 81.5 2
4 16 3.0871 9.25 2 3.0871 6.5 2 7.5 6.5 2 45.5 58.5 2
3 16 67 58.5 2 45.5 58.5 2 7.5 6.5 2
4 16 7.5 6.5 2 7.5 4 2 67 4 2 67 58.5 2
4 16 7.5 133.5 -2 7.5 136 -2 67 136 -2 67 81.5 -2
3 16 67 81.5 -2 45.5 81.5 -2 7.5 133.5 -2
4 16 3.0871 130.75 -2 3.0871 133.5 -2 7.5 133.5 -2 45.5 81.5 -2
4 16 45.5 81.5 -2 45.5 58.5 -2 3.0871 9.25 -2 3.0871 130.75 -2
4 16 45.5 58.5 -2 7.5 6.5 -2 3.0871 6.5 -2 3.0871 9.25 -2
3 16 7.5 6.5 -2 45.5 58.5 -2 67 58.5 -2
4 16 67 58.5 -2 67 4 -2 7.5 4 -2 7.5 6.5 -2
1 16 57 70 -3.75 0 0 1 1 0 0 0 1 0 stud2.dat
1 16 57 70 3.75 0 0 -1 1 0 0 0 -1 0 stud2.dat
