0 Wedge  4 x  4 Triple with Sand Green and Light Yellow Pattern
0 Name: 6069ps2.dat
0 Author: Donald Sutter [technog]
0 !LICENSE Licensed under CC BY 4.0 : see CAreadme.txt
0 BFC CERTIFY CW
0 !KEYWORDS Slave 1, Star Wars
0 !CMDLINE -c272
1 16 0 0 0 1 0 0 0 1 0 0 0 1 s\6069s01.dat
1 16 -10 0 0 0 0 1 0 1 0 -1 0 0 stud.dat
1 16 10 0 0 0 0 1 0 1 0 -1 0 0 stud.dat
1 18 0 0 0 1 0 0 0 1 0 0 0 1 s\6069ps2a.dat
1 378 0 0 0 1 0 0 0 1 0 0 0 1 s\6069ps2b.dat
1 16 30 10 0 0 0 10 0 1 10 -10 0 0 rect1.dat
1 16 -30 10 0 0 1 10 0 0 -10 -10 0 0 rect1.dat
4 16 -20 19.333 -68 20 19.333 -68 20 20 -70 -20 20 -70
4 16 -20 0 -10 20 0 -10 20 2 -16 -20 2 -16
4 16 25.668 13 -32 25 9 -22 27 8.667 -15 40 20 -10
3 16 25.668 13 -32 40 20 -10 28.334 19.333 -43
4 16 20 0 -10 40 20 -10 27 8.667 -15.001 20 2 -16
4 16 40 20 -10 20 20 -70 20 19.333 -68 28.333 19.333 -43
4 16 -25 9 -22 -25.668 13 -32 -40 20 -10 -27 8.667 -15
3 16 -25.668 13 -32 -28.334 19.333 -43 -40 20 -10
4 16 -40 20 -10 -20 0 -10 -20 2 -16 -27 8.667 -15
4 16 -20 20 -70 -40 20 -10 -28.333 19.333 -43 -20 19.333 -68
2 24 -20 19.333 -68 -20 20 -70
2 24 -20 2 -16 -20 0 -10
2 24 20 19.333 -68 20 20 -70
2 24 20 2 -16 20 0 -10
