0 Sticker  1 x  0.8 with  5 Dark Grey Stripes on Black Background
0 Name: 6142275h.dat
0 Author: Massimo Maso [Sirio]
0 !LICENSE Licensed under CC BY 4.0 : see CAreadme.txt
0 BFC CERTIFY CCW
0 !KEYWORDS Audi, e-tron, quattro, R18, Set 75872, Speed Champions
1 16 -6.5 0 8.5 -1.5 0 0 0 -1 0 0 0 1.5 1-4chrd.dat
1 16 6.5 0 8.5 1.5 0 0 0 -1 0 0 0 1.5 1-4chrd.dat
1 16 -6.5 0 -8.5 -1.5 0 0 0 -1 0 0 0 -1.5 1-4chrd.dat
1 16 6.5 0 -8.5 1.5 0 0 0 -1 0 0 0 -1.5 1-4chrd.dat
1 16 -6.5 0 8.5 -1.5 0 0 0 -.25 0 0 0 1.5 1-4cyli.dat
1 16 6.5 0 8.5 1.5 0 0 0 -.25 0 0 0 1.5 1-4cyli.dat
1 16 -6.5 0 -8.5 -1.5 0 0 0 -.25 0 0 0 -1.5 1-4cyli.dat
1 16 6.5 0 -8.5 1.5 0 0 0 -.25 0 0 0 -1.5 1-4cyli.dat
1 0 -6.5 -.25 8.5 -1.5 0 0 0 1 0 0 0 1.5 1-4chrd.dat
1 0 6.5 -.25 8.5 1.5 0 0 0 1 0 0 0 1.5 1-4chrd.dat
1 0 -6.5 -.25 -8.5 -1.5 0 0 0 1 0 0 0 -1.5 1-4chrd.dat
1 0 6.5 -.25 -8.5 1.5 0 0 0 1 0 0 0 -1.5 1-4chrd.dat
4 16 6.5 0 10 8 0 8.5 -8 0 8.5 -6.5 0 10
4 16 -8 0 8.5 8 0 8.5 8 0 -8.5 -8 0 -8.5
4 16 6.5 0 -10 -6.5 0 -10 -8 0 -8.5 8 0 -8.5
4 16 -6.5 0 10 -6.5 -.25 10 6.5 -.25 10 6.5 0 10
3 16 -8 0 8.5 -8 -.25 8 -8 -.25 8.5
3 16 -8 0 8.5 -8 -.25 7.2 -8 -.25 8
3 16 -8 0 8.5 -8 -.25 4.2 -8 -.25 7.2
3 16 -8 0 8.5 -8 -.25 3.4 -8 -.25 4.2
3 16 -8 0 8.5 -8 -.25 .4 -8 -.25 3.4
4 16 -8 0 8.5 -8 0 -8.5 -8 -.25 -.4 -8 -.25 .4
3 16 -8 0 -8.5 -8 -.25 -3.4 -8 -.25 -.4
3 16 -8 0 -8.5 -8 -.25 -4.2 -8 -.25 -3.4
3 16 -8 0 -8.5 -8 -.25 -7.2 -8 -.25 -4.2
3 16 -8 0 -8.5 -8 -.25 -8 -8 -.25 -7.2
3 16 -8 0 -8.5 -8 -.25 -8.5 -8 -.25 -8
3 16 8 0 8.5 8 -.25 8.5 8 -.25 8
3 16 8 0 8.5 8 -.25 8 8 -.25 7.2
3 16 8 0 8.5 8 -.25 7.2 8 -.25 4.2
3 16 8 0 8.5 8 -.25 4.2 8 -.25 3.4
3 16 8 0 8.5 8 -.25 3.4 8 -.25 .4
4 16 8 0 -8.5 8 0 8.5 8 -.25 .4 8 -.25 -.4
3 16 8 0 -8.5 8 -.25 -.4 8 -.25 -3.4
3 16 8 0 -8.5 8 -.25 -3.4 8 -.25 -4.2
3 16 8 0 -8.5 8 -.25 -4.2 8 -.25 -7.2
3 16 8 0 -8.5 8 -.25 -7.2 8 -.25 -8
3 16 8 0 -8.5 8 -.25 -8 8 -.25 -8.5
4 16 -6.5 0 -10 6.5 0 -10 6.5 -.25 -10 -6.5 -.25 -10
4 0 -6.5 -.25 10 -8 -.25 8.5 8 -.25 8.5 6.5 -.25 10
4 0 -8 -.25 8.5 -8 -.25 8 8 -.25 8 8 -.25 8.5
4 0 -8 -.25 7.2 -8 -.25 4.2 8 -.25 4.2 8 -.25 7.2
4 0 -8 -.25 3.4 -8 -.25 .4 8 -.25 .4 8 -.25 3.4
4 0 -8 -.25 -.4 -8 -.25 -3.4 8 -.25 -3.4 8 -.25 -.4
4 0 -8 -.25 -4.2 -8 -.25 -7.2 8 -.25 -7.2 8 -.25 -4.2
4 0 -8 -.25 -8 -8 -.25 -8.5 8 -.25 -8.5 8 -.25 -8
4 0 -8 -.25 -8.5 -6.5 -.25 -10 6.5 -.25 -10 8 -.25 -8.5
4 72 -8 -.25 8 -8 -.25 7.2 8 -.25 7.2 8 -.25 8
4 72 -8 -.25 4.2 -8 -.25 3.4 8 -.25 3.4 8 -.25 4.2
4 72 -8 -.25 .4 -8 -.25 -.4 8 -.25 -.4 8 -.25 .4
4 72 -8 -.25 -3.4 -8 -.25 -4.2 8 -.25 -4.2 8 -.25 -3.4
4 72 -8 -.25 -7.2 -8 -.25 -8 8 -.25 -8 8 -.25 -7.2
