0 Sticker  1.5 x  4.0 for Bugatti Windscreen Left
0 Name: 6177949c.dat
0 Author: Massimo Maso [Sirio]
0 !LDRAW_ORG Unofficial_Part
0 !LICENSE Redistributable under CCAL version 2.0 : see CAreadme.txt

0 BFC CERTIFY CCW

0 // Bottom face
1 16 -27 0 7 0 0 -2 0 -1 0 2 0 0 1-4disc.dat
1 16 -3 0 7 2 0 0 0 -1 0 0 0 2 1-4disc.dat
1 16 -26.4421 0 -67.442 -2.5579 0 0 0 -1 0 0 0 -2.5579 7-16disc.dat
4 16 -27 0 7 -27 0 9 -3 0 9 -3 0 7
4 16 -27 0 7 -3 0 7 -24.0789 0 -68.421 -26.4421 0 -67.4421
4 16 -27 0 7 -26.4421 0 -67.4421 -29 0 -67.4421 -29 0 7
4 16 -3 0 7 -1 0 7 -14.4845 0 -55.3961 -24.0789 0 -68.421
4 16 -1 0 7 -1 0 -9.9509 -7.0405 0 -40.6837 -14.4845 0 -55.3961
3 16 -2.5262 0 -25.4664 -7.0405 0 -40.6837 -1 0 -9.9509
0 // Lateral face
1 16 -27 0 7 0 0 -2 0 -0.25 0 2 0 0 1-4cyli.dat
1 16 -3 0 7 2 0 0 0 -0.25 0 0 0 2 1-4cyli.dat
1 16 -26.4421 0 -67.442 -2.5579 0 0 0 -0.25 0 0 0 -2.5579 7-16cyli.dat
4 16 -1 0 7 -1 -0.25 7 -1 -0.25 -9.9509 -1 0 -9.9509
4 16 -2.5262 0 -25.4664 -1 0 -9.9509 -1 -0.25 -9.9509 -2.5262 -0.25 -25.4664
4 16 -7.0405 0 -40.6837 -2.5262 0 -25.4664 -2.5262 -0.25 -25.4664 -7.0405 -0.25 -40.6837
4 16 -7.0405 0 -40.6837 -7.0405 -0.25 -40.684 -14.4845 -0.25 -55.3961 -14.4845 0 -55.3961
4 16 -14.4845 0 -55.3961 -14.4845 -0.25 -55.3961 -24.0789 -0.25 -68.421 -24.0789 0 -68.421
4 16 -29 0 -67.4421 -29 -0.25 -67.4421 -29 -0.25 7 -29 0 7
4 16 -27 -0.25 9 -3 -0.25 9 -3 0 9 -27 0 9
0 // Conditional lines
5 24 -1 -0.25 -9.9509 -1 0 -9.9509 -1 0 7 -2.5262 -0.25 -25.4664
5 24 -2.5262 -0.25 -25.4664 -2.5262 0 -25.4664 -1 0 -9.9509 -7.0405 -0.25 -40.6837
5 24 -7.0405 -0.25 -40.6837 -7.0405 0 -40.6837 -2.5262 0 -25.4664 -14.4845 -0.25 -55.3961
5 24 -14.4845 -0.25 -55.3961 -14.4845 0 -55.3961 -7.0405 0 -40.6837 -24.0789 -0.25 -68.421
0 // Top face
0 // Neutral faces
1 16 -27 -0.25 7 0 0 -2 0 1 0 2 0 0 1-4disc.dat
1 16 -26.4421 -0.25 -67.442 -2.5579 0 0 0 1 0 0 0 -2.5579 7-16disc.dat
4 16 -27 -0.25 7 -16.2081 -0.25 4.9102 -21 -0.25 9 -27 -0.25 9
4 16 -27 -0.25 7 -9.5437 -0.25 -5.7247 -12.4049 -0.25 -0.1121 -16.2081 -0.25 4.9102
4 16 -27 -0.25 7 -6.3862 -0.25 -17.8931 -7.556 -0.25 -11.7028 -9.5437 -0.25 -5.7247
3 16 -5.3475 -0.25 -16 -4.75 -0.25 -16 -6 -0.25 -7.8189
4 16 -6 -0.25 -24.1811 -4.75 -0.25 -24 -4.75 -0.25 -16 -5.3475 -0.25 -16
4 16 -26.4421 -0.25 -67.4421 -27 -0.25 7 -29 -0.25 7 -29 -0.25 -67.4421
4 16 -26.4421 -0.25 -67.4421 -6 -0.25 -24.1811 -6.3862 -0.25 -17.8931 -27 -0.25 7
4 16 -26.4421 -0.25 -67.4421 -5.0652 -0.25 -29.8281 -4.75 -0.25 -24 -6 -0.25 -24.1811
4 16 -26.4421 -0.25 -67.4421 -7.6482 -0.25 -41.191 -6.021 -0.25 -35.5858 -5.0652 -0.25 -29.8281
4 16 -26.4421 -0.25 -67.4421 -14.4845 -0.25 -55.3961 -10 -0.25 -46.5328 -7.6482 -0.25 -41.191
3 16 -26.4421 -0.25 -67.4421 -24.0789 -0.25 -68.421 -14.4815 -0.25 -55.3961
0 // White faces
4 15 -21 -0.25 9 -16.2081 -0.25 4.9102 -11.6837 -0.25 2.2108 -15.9788 -0.25 6.1036
4 15 -16.2081 -0.25 4.9102 -12.4049 -0.25 -0.1121 -8.3073 -0.25 -2.5011 -11.6837 -0.25 2.2108
4 15 -12.4049 -0.25 -0.1121 -9.5437 -0.25 -5.7247 -6 -0.25 -7.8189 -8.3037 -0.25 -2.5011
4 15 -9.5437 -0.25 -5.7247 -7.556 -0.25 -11.7028 -5.3475 -0.25 -16 -6 -0.25 -7.8189
3 15 -7.556 -0.25 -11.7028 -6.3862 -0.25 -17.8931 -5.3475 -0.25 -16
3 15 -6.3862 -0.25 -17.8931 -6 -0.25 -24.1811 -5.3475 -0.25 -16
0 // Black faces
1 0 -3 -0.25 7 2 0 0 0 1 0 0 0 2 1-4disc.dat
4 0 -21 -0.25 9 -15.9788 -0.25 6.1036 -3 -0.25 7 -3 -0.25 9
4 0 -1 -0.25 7 -3 -0.25 7 -15.9788 -0.25 6.1036 -11.6837 -0.25 2.2108
3 0 -1 -0.25 7 -11.6837 -0.25 2.2108 -8.3073 -0.25 -2.5011
3 0 -1 -0.25 7 -8.3073 -0.25 -2.5011 -6 -0.25 -7.8189
4 0 -1 -0.25 7 -6 -0.25 -7.8189 -4.75 -0.25 -16 -1 -0.25 -9.5909
4 0 -2.5262 -0.25 -25.4664 -1 -0.25 -9.5909 -4.75 -0.25 -16 -4.75 -0.25 -24
3 0 -2.5262 -0.25 -25.4664 -4.75 -0.25 -24 -5.0652 -0.25 -29.8281
3 0 -2.5262 -0.25 -25.4664 -5.0652 -0.25 -29.8281 -6.021 -0.25 -35.5858
3 0 -6.021 -0.25 -35.5858 -7.0405 -0.25 -40.6837 -2.5262 -0.25 -25.4664
3 0 -6.021 -0.25 -35.5858 -7.6482 -0.25 -41.191 -7.0405 -0.25 -40.6837
3 0 -7.0405 -0.25 -40.6837 -7.6482 -0.25 -41.191 -10 -0.25 -46.5328
