0 Brick  2 x  8 x  4 with Curved Ends
0 Name: 6214.dat
0 Author: Tore Eriksson [Tore_Eriksson]
0 !LICENSE Licensed under CC BY 4.0 : see CAreadme.txt
0 BFC CERTIFY CCW
1 16 0 0 0 1 0 0 0 1 0 0 0 1 s\6214s01.dat
4 16 60 20 -20 40 0 -20 -60 24 -20 60 24 -20
4 16 -60 20 -20 -60 24 -20 40 0 -20 -40 0 -20
1 16 40 20 -20 0 0 20 -20 0 0 0 1 0 48\1-4chrd.dat
1 16 -40 20 -20 0 0 -20 -20 0 0 0 1 0 48\1-4chrd.dat
4 16 -60 72 -20 60 72 -20 60 24 -20 -60 24 -20
4 16 -60 24 -20 -80 44 -20 -80 52 -20 -60 72 -20
1 16 -60 44 -20 -20 0 0 0 0 -20 0 1 0 48\1-4chrd.dat
1 16 -60 52 -20 0 0 -20 20 0 0 0 1 0 48\1-4chrd.dat
4 16 80 52 -20 80 44 -20 60 24 -20 60 72 -20
1 16 60 44 -20 20 0 0 0 0 -20 0 1 0 48\1-4chrd.dat
1 16 60 52 -20 0 0 20 20 0 0 0 1 0 48\1-4chrd.dat
4 16 -60 76 -20 -40 96 -20 60 72 -20 -60 72 -20
4 16 60 76 -20 60 72 -20 -40 96 -20 40 96 -20
1 16 -40 76 -20 0 0 -20 20 0 0 0 1 0 48\1-4chrd.dat
1 16 40 76 -20 0 0 20 20 0 0 0 1 0 48\1-4chrd.dat
