0 Technic Brick  1 x  1 with Hole
0 Name: 6541.dat
0 Author: James Jessiman
0 !LICENSE Licensed under CC BY 4.0 : see CAreadme.txt
0 BFC CERTIFY CCW
0 BFC INVERTNEXT
1 16 0 24 0 6 0 0 0 -4 0 0 0 6 box5.dat
4 16 10 24 10 6 24 6 -6 24 6 -10 24 10
4 16 -10 24 10 -6 24 6 -6 24 -6 -10 24 -10
4 16 -10 24 -10 -6 24 -6 6 24 -6 10 24 -10
4 16 10 24 -10 6 24 -6 6 24 6 10 24 10
2 24 10 24 10 -10 24 10
2 24 -10 24 10 -10 24 -10
2 24 -10 24 -10 10 24 -10
2 24 10 24 -10 10 24 10
2 24 10 24 10 10 0 10
2 24 -10 24 10 -10 0 10
2 24 -10 24 -10 -10 0 -10
2 24 10 24 -10 10 0 -10
1 16 0 10 10 1 0 0 0 0 1 0 -1 0 peghole.dat
1 16 0 10 -10 1 0 0 0 0 1 0 1 0 peghole.dat
0 BFC INVERTNEXT
1 16 0 10 -8 6 0 0 0 0 6 0 16 0 4-4cyli.dat
1 16 0 10 10 8 0 0 0 0 8 0 -1 0 4-4ndis.dat
1 16 0 10 -10 8 0 0 0 0 8 0 1 0 4-4ndis.dat
4 16 10 24 10 10 0 10 10 0 -10 10 24 -10
4 16 -10 24 10 -10 24 -10 -10 0 -10 -10 0 10
4 16 10 24 10 -10 24 10 -8 18 10 8 18 10
4 16 10 0 10 8 2 10 -8 2 10 -10 0 10
4 16 10 24 10 8 18 10 8 2 10 10 0 10
4 16 -10 24 10 -10 0 10 -8 2 10 -8 18 10
4 16 10 24 -10 8 18 -10 -8 18 -10 -10 24 -10
4 16 10 0 -10 -10 0 -10 -8 2 -10 8 2 -10
4 16 10 24 -10 10 0 -10 8 2 -10 8 18 -10
4 16 -10 24 -10 -8 18 -10 -8 2 -10 -10 0 -10
1 16 0 0 0 10 0 0 0 1 0 0 0 10 rect.dat
1 16 0 0 0 1 0 0 0 1 0 0 0 1 stud2.dat
