0 Electric Technic Fiber Optics Element - Bottom
0 Name: 6637e.dat
0 Author: Magnus Forsberg [MagFors]
0 !LDRAW_ORG Unofficial_Part
0 !LICENSE Redistributable under CCAL version 2.0 : see CAreadme.txt

0 BFC CERTIFY CCW

1 16 -11 60 0 5 0 0 0 2 0 0 0 4 box3u5p.dat
1 16 11 60 0 -5 0 0 0 2 0 0 0 4 box3u5p.dat
1 16 0 60 -11 0 0 -4 0 2 0 5 0 0 box3u5p.dat
1 16 0 60 11 0 0 -4 0 2 0 -5 0 0 box3u5p.dat
0 BFC INVERTNEXT
1 16 0 64 0 16 0 0 0 -4 0 0 0 16 box5.dat
2 24 6.8 62 4 6.8 60 4
2 24 6.8 62 -4 6.8 60 -4
2 24 -6.8 62 4 -6.8 60 4
2 24 -6.8 62 -4 -6.8 60 -4
2 24 4 62 6.8 4 60 6.8
2 24 -4 62 6.8 -4 60 6.8
2 24 4 62 -6.8 4 60 -6.8
2 24 -4 62 -6.8 -4 60 -6.8
2 24 4 62 6.8 3.06 62 7.4
2 24 3.06 62 7.4 0 62 8
2 24 0 62 8 -3.06 62 7.4
2 24 -3.06 62 7.4 -4 62 6.8
2 24 4 62 -6.8 3.06 62 -7.4
2 24 3.06 62 -7.4 0 62 -8
2 24 0 62 -8 -3.06 62 -7.4
2 24 -3.06 62 -7.4 -4 62 -6.8
2 24 6.8 62 4 7.4 62 3.06
2 24 7.4 62 3.06 8 62 0
2 24 8 62 0 7.4 62 -3.06
2 24 7.4 62 -3.06 6.8 62 -4
2 24 -6.8 62 4 -7.4 62 3.06
2 24 -7.4 62 3.06 -8 62 0
2 24 -8 62 0 -7.4 62 -3.06
2 24 -7.4 62 -3.06 -6.8 62 -4
1 16 0 64 0 8 0 0 0 -4 0 0 0 8 4-4cylo.dat
0 BFC INVERTNEXT
1 16 0 62.1 0 4 0 0 0 1.9 0 0 0 4 4-4cylc.dat
1 16 0 64 0 4 0 0 0 -1 0 0 0 4 4-4ring1.dat
4 16 20 64 20 16 64 16 -16 64 16 -20 64 20
4 16 -20 64 -20 -16 64 -16 16 64 -16 20 64 -20
3 16 0 62 -20 -20 64 -20 20 64 -20
3 16 -20 64 20 0 62 20 20 64 20
2 24 20 64 -20 -20 64 -20
2 24 20 64 20 -20 64 20
1 16 30 12 10 1 0 0 0 2 0 0 0 1 stud2.dat
1 16 30 12 -10 1 0 0 0 2 0 0 0 1 stud2.dat
1 16 -30 12 10 1 0 0 0 2 0 0 0 1 stud2.dat
1 16 -30 12 -10 1 0 0 0 2 0 0 0 1 stud2.dat
1 16 0 34 -19 28 0 0 0 0 -28 0 1 0 48\4-4aring.dat
0 BFC INVERTNEXT
1 16 0 34 -20 7 0 0 0 0 7 0 5 0 4-4cylo.dat
1 16 0 34 -20 8 0 0 0 0 8 0 1 0 4-4cylo.dat
0 BFC INVERTNEXT
1 16 0 34 -20 28 0 0 0 0 28 0 1 0 48\4-4cylo.dat
1 16 0 34 -20 1 0 0 0 0 1 0 1 0 4-4ring7.dat

1 16 0 0 0 1 0 0 0 1 0 0 0 1 s\6637s01.dat
1 16 0 0 0 -1 0 0 0 1 0 0 0 1 s\6637s01.dat

1 16 0 34 20 -19.79899 0 19.79899 19.79899 0 19.79899 0 1 0 48\1-4edge.dat
1 16 0 34 17 -19.79899 0 19.79899 19.79899 0 19.79899 0 1 0 48\1-4edge.dat
0 BFC INVERTNEXT
1 16 0 34 20 -19.79899 0 19.79899 19.79899 0 19.79899 0 -3 0 48\1-4cyli.dat
1 16 0 34 -15 2.82843 0 2.82843 2.82843 0 -2.82843 0 -1 0 3-4ring6.dat
1 16 0 34 -15 19.79899 0 19.79899 19.79899 0 -19.79899 0 -1 0 48\2-4aring.dat
1 16 0 34 -15 -19.79899 0 -19.79899 19.79899 0 -19.79899 0 -1 0 48\1-4aring.dat
1 16 0 34 -15 1.41421 0 -1.41421 -1.41421 0 -1.41421 0 -1 0 48\1-4rin14.dat
1 16 0 34 -15 21.2132 0 -21.2132 -21.2132 0 -21.2132 0 -1 0 48\1-4edge.dat
1 16 0 34 -15 18.26284 0 -23.8006 -23.8006 0 -18.26284 0 -5 0 48\5-24cylo.dat
5 24 0 58 17 0 58 -15 -9.1848 56.1736 17 9.1848 56.1736 17
