0 Technic Flex System Ball Connector (open)
0 Name: 6644a.dat
0 Author: Miguel Agullo
0 !LDRAW_ORG Unofficial_Part
0 !LICENSE Redistributable under CCAL version 2.0 : see CAreadme.txt

0 BFC CERTIFY CW

0 !HISTORY 2007-11-02 [mikeheide] fixed outer ring edges

0 Mods: R.Crawford, tidied up, fix orientation, BFC
2 24 9 5 -10 9 5 -4.2
2 24 9 -5 -10 9 -5 -4.2
2 24 -9 5 -10 -9 5 -4.2
2 24 -9 -5 -10 -9 -5 -4.2
4 16 9 -5 -4.2 9 5 -4.2 9 5 -10 9 -5 -10
4 16 -9 5 -10 -9 5 -4.2 -9 -5 -4.2 -9 -5 -10
4 16 -9 5 -10 -9 -5 -10 9 -5 -10 9 5 -10
2 24 9 5 -4.2 9 -5 -4.2
2 24 -9 5 -4.2 -9 -5 -4.2
2 24 -3 -5 -10 -9 -5 -10
2 24 9 -5 -10 3 -5 -10
4 16 6 -2 -28 6 -2 -10 6 5 -10 6 5 -28
2 24 -6 3 -10 -6 -1.5 -10
2 24 -5.5 -2 -10 -6 -1.5 -10
2 24 -5.5 -2 -28 -6 -1.5 -28
4 16 -5.5 -2 -28 -6 -1.5 -28 -6 -1.5 -10 -5.5 -2 -10
2 24 -6 -1.5 -28 -6 -1.5 -10
2 24 -6 3 -28 -6 -1.5 -28
2 24 6 5 -10 6 -2 -10
2 24 6 5 -28 6 -2 -28
4 16 -6 3 -10 -6 -1.5 -10 -6 -1.5 -28 -6 3 -28
4 16 -5 3 -10 -6 3 -10 -6 3 -28 -5 3 -28
4 16 -5 4 -28 -5 4 -10 -5 3 -10 -5 3 -28
2 24 9 5 -10 6 5 -10
2 24 -2 5 -10 2 5 -10
2 24 2 5 -10 2 5 -12.8
2 24 -2 5 -10 -2 5 -12.8
2 24 -2 5 -12.8 2 5 -12.8
4 16 -2 5 -12.8 2 5 -12.8 2 2 -12.8 -2 2 -12.8
2 24 -2 -3 -10 2 -3 -10
4 16 -2 -3 -10 2 -3 -10 2 -3 -12.5 -2 -3 -12.5
2 24 -2 2 -13 2 2 -13
2 24 -2 5 -18 2 5 -18
2 24 -2 5 -23 2 5 -23
2 24 -2 5 -23 -2 5 -18
2 24 2 5 -23 2 5 -18
2 24 -9 5 -10 -5 5 -10
2 24 6 5 -10 6 5 -28
4 16 2 5 -28 6 5 -28 6 5 -10 2 5 -10
4 16 -4 5 -28 -2 5 -28 -2 5 -10 -4 5 -10
4 16 -2 5 -18 2 5 -18 2 5 -12.8 -2 5 -12.8
4 16 -2 5 -28 2 5 -28 2 5 -23 -2 5 -23
2 24 -6 3 -10 -6 3 -28
2 24 -5 3 -10 -5 3 -28
2 24 -5 4 -10 -5 4 -28
2 24 -5 4 -10 -4 5 -19
2 24 -5 5 -10 -4 5 -19
3 16 -5 5 -10 -4 5 -19 -4 5 -10
3 16 -5 4 -10 -4 5 -19 -5 5 -10
2 24 -5 4 -28 -4 5 -19
2 24 -5 5 -28 -4 5 -19
3 16 -5 4 -28 -5 5 -28 -4 5 -19
3 16 -5 5 -28 -4 5 -28 -4 5 -19
3 16 -5 4 -28 -4 5 -19 -5 4 -10
2 24 -5 3 -10 -5 5 -10
2 24 -5 3 -10 -6 3 -10
2 24 -5 3 -28 -5 5 -28
2 24 -5 3 -28 -6 3 -28
2 24 -5.5 -2 -10 -5.5 -2 -28
2 24 6 -2 -10 6 -2 -28
0 socket
1 16 0 -5 0 -9.2388 0 -3.82683 0 1 0 -3.82683 0 9.2388 5-8edge.dat
2 24 -9.239 5 -3.827 -9 5 -4.2
2 24 9.239 5 -3.827 9 5 -4.2
2 24 -9.239 -5 -3.827 -9 -5 -4.2
2 24 9.239 -5 -3.827 9 -5 -4.2
1 16 0 5 0 -9.2388 0 -3.82683 0 1 0 -3.82683 0 9.2388 5-8edge.dat
1 16 0 5 0 2 0 0 0 -1 0 0 0 -2 4-4ring4.dat
0 BFC INVERTNEXT
1 16 0 -5 0 2 0 0 0 -1 0 0 0 -2 4-4ring4.dat
1 16 0 5 0 8 0 0 0 -10 0 0 0 -8 4-4edge.dat
0 BFC INVERTNEXT
1 16 0 5 0 8 0 0 0 -10 0 0 0 -8 4-4cyli.dat
1 16 0 -5 0 8 0 0 0 -10 0 0 0 -8 4-4edge.dat
1 16 0 5 0 10 0 0 0 -10 0 0 0 10 4-4cyli.dat
0 BFC INVERTNEXT
1 16 0 5 -1 9 0 0 0 1 0 0 0 -9 2-4ndis.dat
1 16 0 -5 -1 9 0 0 0 1 0 0 0 -9 2-4ndis.dat
1 16 -2 3.9 0 0 4 0 -0.82 0 -0.82 -0.82 0 0.82 1-4RIN10.DAT
1 16 2 3.9 0 0 -4 0 -0.82 0 -0.82 -0.82 0 0.82 1-4RIN10.DAT
1 16 -2 3.9 0 0 4 0 -8.2 0 -8.2 -8.2 0 8.2 1-4edge.DAT
1 16 2 3.9 0 0 4 0 -8.2 0 -8.2 -8.2 0 8.2 1-4edge.DAT
1 16 -2 3.9 0 0 4 0 -9.02 0 -9.02 -9.02 0 9.02 1-4edge.DAT
1 16 2 3.9 0 0 4 0 -9.02 0 -9.02 -9.02 0 9.02 1-4edge.DAT
0 BFC INVERTNEXT
1 16 -2 3.9 0 0 4 0 -8.2 0 -8.2 -8.2 0 8.2 1-4CYLI.DAT
1 16 -2 3.9 0 0 4 0 -9.02 0 -9.02 -9.02 0 9.02 1-4CYLI.DAT
2 24 2 -5 -9.07 -2 -5 -9.07
2 24 2 -5 9.07 -2 -5 9.07
0 socket ridges
0 BFC INVERTNEXT
1 16 0 3.5 0 0.5141 0 0.5141 0 -1 0 0.5141 0 -0.5141 1-4con10.DAT
0 BFC INVERTNEXT
1 16 0 1.5 0 0.5141 0 0.5141 0 1 0 0.5141 0 -0.5141 1-4con10.DAT
3 16 5.1407 2.5 -5.1407 5.6569 1.5 -5.6569 5.6569 3.5 -5.6569
3 16 5.6569 3.5 5.6569 5.6569 1.5 5.6569 5.1407 2.5 5.1407
1 16 0 3.5 0 5.6569 0 5.6569 0 -1 0 5.6569 0 -5.6569 1-4edge.DAT
1 16 0 1.5 0 5.6569 0 5.6569 0 -1 0 5.6569 0 -5.6569 1-4edge.DAT
1 16 0 2.5 0 5.1407 0 5.1407 0 -1 0 5.1407 0 -5.1407 1-4edge.DAT
2 24 5.6569 3.5 -5.6569 5.6569 1.5 -5.6569
2 24 5.6569 1.5 -5.6569 5.1407 2.5 -5.1407
2 24 5.1407 2.5 -5.1407 5.6569 3.5 -5.6569
2 24 5.6569 3.5 5.6569 5.6569 1.5 5.6569
2 24 5.6569 1.5 5.6569 5.1407 2.5 5.1407
2 24 5.1407 2.5 5.1407 5.6569 3.5 5.6569
0 BFC INVERTNEXT
1 16 0 3.5 0 -0.5141 0 -0.5141 0 -1 0 -0.5141 0 0.5141 1-4con10.DAT
0 BFC INVERTNEXT
1 16 0 1.5 0 -0.5141 0 -0.5141 0 1 0 -0.5141 0 0.5141 1-4con10.DAT
3 16 -5.1407 2.5 5.1407 -5.6569 1.5 5.6569 -5.6569 3.5 5.6569
3 16 -5.6569 3.5 -5.6569 -5.6569 1.5 -5.6569 -5.1407 2.5 -5.1407
1 16 0 3.5 0 -5.6569 0 -5.6569 0 -1 0 -5.6569 0 5.6569 1-4edge.DAT
1 16 0 1.5 0 -5.6569 0 -5.6569 0 -1 0 -5.6569 0 5.6569 1-4edge.DAT
1 16 0 2.5 0 -5.1407 0 -5.1407 0 -1 0 -5.1407 0 5.1407 1-4edge.DAT
2 24 -5.6569 3.5 5.6569 -5.6569 1.5 5.6569
2 24 -5.6569 1.5 5.6569 -5.1407 2.5 5.1407
2 24 -5.1407 2.5 5.1407 -5.6569 3.5 5.6569
2 24 -5.6569 3.5 -5.6569 -5.6569 1.5 -5.6569
2 24 -5.6569 1.5 -5.6569 -5.1407 2.5 -5.1407
2 24 -5.1407 2.5 -5.1407 -5.6569 3.5 -5.6569
4 16 9 5 -10 9 5 -9 -9 5 -9 -9 5 -10
4 16 -9 -5 -9 9 -5 -9 9 -5 -10 -9 -5 -10
2 24 -9 -5 -10 -9 5 -10
2 24 9 -5 -10 9 5 -10
4 16 -3.5 -2 -10 -3.5 -2 -12.5 -5.5 -2 -12.5 -5.5 -2 -10
4 16 6 -2 -10 6 -2 -12.5 3.5 -2 -12.5 3.5 -2 -10
2 24 3 -5 -12 -3 -5 -12
2 24 3 -5 -12 3 -5 -10
2 24 -3 -5 -12 -3 -5 -10
4 16 -3.5 -2 -12.5 -3.5 -2 -10 -3.5 -4.5 -10 -3.5 -4.5 -12.5
2 24 -3.5 -2 -12.5 -3.5 -2 -10
2 24 -3.5 -4.5 -12.5 -3.5 -4.5 -10
2 24 -3.5 -4.5 -10 -3.5 -2 -10
2 24 -3.5 -4.5 -12.5 -3.5 -2 -12.5
4 16 3.5 -4.5 -10 3.5 -2 -10 3.5 -2 -12.5 3.5 -4.5 -12.5
2 24 3.5 -2 -12.5 3.5 -2 -10
2 24 3.5 -4.5 -12.5 3.5 -4.5 -10
2 24 3.5 -4.5 -10 3.5 -2 -10
2 24 3.5 -4.5 -12.5 3.5 -2 -12.5
4 16 3 -5 -10 3 -5 -12 -3 -5 -12 -3 -5 -10
4 16 3.5 -2 -12.5 -3.5 -2 -12.5 -3.5 -4.5 -12.5 3.5 -4.5 -12.5
2 24 3.5 -2 -12.5 -3.5 -2 -12.5
2 24 3.5 -4.5 -12.5 -3.5 -4.5 -12.5
2 24 -5.5 -2 -10 -3.5 -2 -10
2 24 3.5 -2 -10 6 -2 -10
2 24 -3.5 -4.5 -12.5 -3 -5 -12
4 16 -3 -5 -10 -3 -5 -12 -3.5 -4.5 -12.5 -3.5 -4.5 -10
2 24 -3.5 -4.5 -10 -3 -5 -10
4 16 3.5 -4.5 -12.5 3 -5 -12 3 -5 -10 3.5 -4.5 -10
2 24 3.5 -4.5 -10 3 -5 -10
2 24 3.5 -4.5 -12.5 3 -5 -12
4 16 -3.5 -4.5 -12.5 -3 -5 -12 3 -5 -12 3.5 -4.5 -12.5
4 16 -2 -2 -12.5 -2 -2 -13 -5.5 -2 -13 -5.5 -2 -12.5
4 16 6 -2 -12.5 6 -2 -13 2 -2 -13 2 -2 -12.5
4 16 -5.5 -2 -13 -4 -2 -13 -4 -2 -23.5 -5.5 -2 -23.5
4 16 -5.5 -2 -28 -5.5 -2 -23.5 -2 -2 -23.5 -2 -2 -28
4 16 2 -2 -28 2 -2 -23.5 6 -2 -23.5 6 -2 -28
4 16 4 -2 -13 6 -2 -13 6 -2 -23.5 4 -2 -23.5
2 24 4 -2 -23.5 4 -2 -13
2 24 -4 -2 -23.5 -4 -2 -13
4 16 -4 -2 -23.5 -4 -2 -13 -4 2 -13 -4 2 -23.5
4 16 4 2 -13 4 -2 -13 4 -2 -23.5 4 2 -23.5
2 24 -4 2 -23.5 -4 2 -13
2 24 4 2 -23.5 4 2 -13
2 24 -4 -2 -13 -2 -2 -13
2 24 -4 -2 -23.5 -2 -2 -23.5
2 24 2 -2 -23.5 4 -2 -23.5
2 24 -4 2 -23.5 4 2 -23.5
2 24 2 2 -13 4 2 -13
4 16 -4 -2 -13 -2 -2 -13 -2 2 -13 -4 2 -13
4 16 2 -2 -13 4 -2 -13 4 2 -13 2 2 -13
2 24 -4 2 -13 -2 2 -13
2 24 2 -2 -13 2 -2 -10
2 24 2 -2 -13 4 -2 -13
2 24 -2 -2 -13 -2 -2 -10
4 16 -2 -2 -13 -2 -2 -10 -2 5 -10 -2 5 -13
4 16 2 5 -10 2 -2 -10 2 -2 -13 2 5 -13
2 24 -4 2 -13 -4 -2 -13
2 24 4 2 -13 4 -2 -13
2 24 -2 5 -13 -2 -2 -13
2 24 -2 5 -10 -2 -2 -10
2 24 2 5 -10 2 -2 -10
2 24 2 5 -13 2 -2 -13
2 24 -4 2 -23.5 -4 -2 -23.5
2 24 -2 -2 -28 -2 0 -28
2 24 -2 2 -28 -2 2 -23.5
2 24 2 2 -28 2 2 -23.5
2 24 2 -2 -28 2 -2 -23.5
2 24 -2 -2 -28 -2 -2 -23.5
2 24 2 0 -28 2 -2 -28
4 16 2 -2 -23.5 2 -2 -28 2 2 -28 2 2 -23.5
4 16 -2 -2 -23.5 -4 -2 -23.5 -4 2 -23.5 -2 2 -23.5
4 16 4 -2 -23.5 2 -2 -23.5 2 2 -23.5 4 2 -23.5
4 16 -2 2 -28 -2 -2 -28 -2 -2 -23.5 -2 2 -23.5
2 24 -2 0 -23.5 -2 -2 -23.5
2 24 2 0 -23.5 2 -2 -23.5
2 24 4 2 -23.5 4 -2 -23.5
4 16 4 2 -23.5 -4 2 -23.5 -4 2 -13 4 2 -13
1 16 0 0 -12.5 1 0 0 0 0 -1 0 1 0 2-4Ring2.dat
0 BFC INVERTNEXT
1 16 0 0 -12.5 2 0 0 0 0 -2 0 2.5 0 2-4CYLI.DAT
1 16 0 0 -13 2 0 0 0 0 2 0 1 0 2-4ndis.dat
1 16 0 0 -12.8 2 0 0 0 0 2 0 -1 0 2-4ndis.dat
0 BFC INVERTNEXT
1 16 0 0 -13 2 0 0 0 0 2 0 0.2 0 2-4CYLI.DAT
1 16 0 0 -23.5 2 0 0 0 0 2 0 -1 0 2-4ndis.dat
1 16 0 0 -28 2 0 0 0 0 -2 0 -1 0 2-4ndis.dat
0 BFC INVERTNEXT
1 16 0 0 -23.5 2 0 0 0 0 2 0 -4.5 0 2-4CYLI.DAT
1 16 0 0 -13 -2 0 0 0 0 2 0 -1 0 2-4EDGE.DAT
1 16 0 0 -23.5 -2 0 0 0 0 2 0 -1 0 2-4EDGE.DAT
1 16 0 0 -28 -2 0 0 0 0 2 0 -1 0 2-4EDGE.DAT
1 16 0 0 -28 2 0 0 0 0 -2 0 -1 0 2-4EDGE.DAT
1 16 0 0 -12.5 2 0 0 0 0 -2 0 -1 0 2-4EDGE.DAT
1 16 0 0 -28 -2 0 0 0 0 2 0 1 0 2-4ndis.dat
2 24 -5 5 -28 -9 5 -28
2 24 9 5 -28 6 5 -28
2 24 2 5 -28 -2 5 -28
2 24 -2 5 -30.5 -2 5 -28
2 24 2 5 -30.5 2 5 -28
2 24 -9 -5 -28 9 -5 -28
2 24 -5.5 -2 -28 -2 -2 -28
2 24 2 -2 -28 6 -2 -28
4 16 -2 -5 -28 -9 -5 -28 -9 5 -28 -2 5 -28
4 16 -2 5 -28 -2 2 -28 2 2 -28 2 5 -28
4 16 2 -5 -28 -2 -5 -28 -2 -2 -28 2 -2 -28
2 24 -9 -5 -28 -9 5 -28
2 24 9 -5 -28 9 5 -28
4 16 9 -5 -28 2 -5 -28 2 5 -28 9 5 -28
0 BFC INVERTNEXT
1 16 0 0 -30.5 2 0 0 0 0 -2 0 2.5 0 2-4CYLI.DAT
4 16 -6 5 -31 -6 -5 -31 -2.5 -5 -31 -2.5 5 -31
4 16 2.5 5 -31 2.5 -5 -31 6 -5 -31 6 5 -31
2 24 -6 -5 -31 6 -5 -31
4 16 6 -5 -28 6 -5 -31 -6 -5 -31 -6 -5 -28
2 24 -6 5 -31 -2.5 5 -31
2 24 -2 5 -30.5 -2.5 5 -31
2 24 -2.5 5 -31 -2.5 0 -31
2 24 -2 5 -30.5 -2 0 -30.5
4 16 -2 0 -28 -2 5 -28 -2 5 -30.5 -2 0 -30.5
4 16 2 5 -30.5 2 5 -28 2 0 -28 2 0 -30.5
2 24 -2 5 -28 -2 0 -28
2 24 6 5 -31 2.5 5 -31
2 24 2 5 -30.5 2.5 5 -31
2 24 2.5 5 -31 2.5 0 -31
2 24 2 5 -30.5 2 0 -30.5
2 24 2 5 -28 2 0 -28
4 16 -2.5 -2.5 -31 -2.5 -5 -31 2.5 -5 -31 2.5 -2.5 -31
1 16 -6 -5 -28 0 0 -3 0 1 0 -3 0 0 1-4disc.dat
1 16 -6 -5 -28 0 0 -3 0 -1 0 -3 0 0 1-4edge.DAT
1 16 6 -5 -28 0 0 3 0 1 0 -3 0 0 1-4disc.dat
1 16 6 -5 -28 0 0 3 0 1 0 -3 0 0 1-4edge.DAT
1 16 -6 5 -28 0 0 -3 0 -1 0 -3 0 0 1-4disc.dat
1 16 -6 5 -28 0 0 -3 0 -1 0 -3 0 0 1-4edge.DAT
1 16 6 5 -28 0 0 3 0 -1 0 -3 0 0 1-4disc.dat
1 16 6 5 -28 0 0 3 0 1 0 -3 0 0 1-4edge.DAT
1 16 -6 -5 -28 -3 0 0 0 10 0 0 0 -3 1-4CYLI.DAT
1 16 6 -5 -28 0 0 3 0 10 0 -3 0 0 1-4CYLI.DAT
1 16 0 0 -30.5 2 0 0 0 0 -2 0 -1 0 2-4EDGE.DAT
1 16 0 0 -31 2.5 0 0 0 0 -2.5 0 -1 0 2-4EDGE.DAT
1 16 0 0 -31 2.5 0 0 0 0 -2.5 0 1 0 2-4ndis.dat
4 16 -6 5 -30.5 -2 5 -30.5 -2 5 -28 -6 5 -28
4 16 -2.5 5 -31 -2 5 -30.5 -6 5 -30.5 -6 5 -31
4 16 -2 0 -30.5 -2 5 -30.5 -2.5 5 -31 -2.5 0 -31
4 16 2 5 -30.5 6 5 -30.5 6 5 -28 2 5 -28
4 16 6 5 -31 6 5 -30.5 2 5 -30.5 2.5 5 -31
4 16 2.5 5 -31 2 5 -30.5 2 0 -30.5 2.5 0 -31
0 BFC INVERTNEXT
1 16 0 0 -31 0 0 -0.5 -0.5 0 0 0 0.5 0 1-4con4.dat
0 BFC INVERTNEXT
1 16 0 0 -31 0.5 0 0 0 0 -0.5 0 0.5 0 1-4con4.dat
4 16 -2 4.5 -23 2 4.5 -23 2 4.5 -18 -2 4.5 -18
4 16 2 4.5 -23 -2 4.5 -23 -2 5 -23 2 5 -23
4 16 -2 5 -18 -2 4.5 -18 2 4.5 -18 2 5 -18
4 16 -2 5 -18 -2 5 -23 -2 4.5 -23 -2 4.5 -18
4 16 2 4.5 -18 2 4.5 -23 2 5 -23 2 5 -18
2 24 -2 4.5 -23 2 4.5 -23
2 24 -2 4.5 -18 2 4.5 -18
2 24 -2 5 -23 -2 4.5 -23
2 24 2 5 -23 2 4.5 -23
2 24 2 5 -18 2 4.5 -18
2 24 -2 5 -18 -2 4.5 -18
2 24 -2 4.5 -23 -2 4.5 -18
2 24 2 4.5 -23 2 4.5 -18
0 Lid
4 16 26 -9 -28 23 -9 -28 23 -9 -10 26 -9 -10
2 24 23 -9 -10 23 -9 -28
2 24 26 -9 -10 26 -9 -28
2 24 26 -9 -10 23 -9 -10
2 24 26 -9 -28 23 -9 -28
4 16 26 1 -28 26 -9 -28 26 -9 -10 26 1 -10
2 24 26 -9 -28 26 1 -28
2 24 26 -9 -10 26 1 -10
2 24 26 1 -10 26 1 -28
2 24 11 1 -10 11 1 -28
2 24 11 -2 -10 11 -2 -28
2 24 26 1 -28 11 1 -28
2 24 23 -2 -28 11 -2 -28
4 16 23 -9 -10 23 -9 -28 23 -2 -28 23 -2 -10
2 24 23 -2 -10 23 -2 -13
2 24 23 -2 -23.5 23 -2 -28
2 24 23 -2 -28 23 -9 -28
2 24 23 -2 -10 23 -9 -10
4 16 23 1 -10 23 1 -28 26 1 -28 26 1 -10
2 24 13.5 1 -10 11 1 -10
2 24 13.5 -2 -10 11 -2 -10
2 24 26 1 -10 20.5 1 -10
2 24 23 -2 -10 20.5 -2 -10
2 24 23 1 -13 21 1 -13
2 24 23 -2 -13 21 -2 -13
2 24 23 -2 -23.5 21 -2 -23.5
2 24 23 1 -13 23 1 -23.5
2 24 21 1 -13 21 1 -23.5
2 24 21 -2 -13 21 -2 -23.5
2 24 23 1 -23.5 21 1 -23.5
4 16 21 1 -23.5 21 1 -28 23 1 -28 23 1 -23.5
4 16 23 -2 -28 21 -2 -28 21 -2 -23.5 23 -2 -23.5
4 16 19 1 -13 19 1 -28 21 1 -28 21 1 -13
4 16 21 -2 -28 11 -2 -28 11 -2 -13 21 -2 -13
2 24 20.5 1 -12.5 13.5 1 -12.5
2 24 20.5 -2 -12.5 13.5 -2 -12.5
2 24 20.5 1 -12.5 20.5 1 -10
2 24 20.5 -2 -12.5 20.5 -2 -10
2 24 13.5 1 -12.5 13.5 1 -10
2 24 13.5 -2 -12.5 13.5 -2 -10
4 16 15 1 -12.5 15 1 -13 20.5 1 -13 20.5 1 -12.5
4 16 20.5 -2 -13 11 -2 -13 11 -2 -12.5 20.5 -2 -12.5
4 16 15 1 -27.5 15 1 -28 19 1 -28 19 1 -27.5
4 16 19 0.5 -13 15 0.5 -13 15 0.5 -27.5 19 0.5 -27.5
4 16 15 0.5 -13 15 1 -13 15 1 -27.5 15 0.5 -27.5
4 16 19 0.5 -27.5 15 0.5 -27.5 15 1 -27.5 19 1 -27.5
4 16 19 0.5 -13 19 1 -13 15 1 -13 15 0.5 -13
4 16 19 1 -27.5 19 1 -13 19 0.5 -13 19 0.5 -27.5
2 24 15 0.5 -13 19 0.5 -13
2 24 19 0.5 -13 19 0.5 -27.5
2 24 15 0.5 -13 15 0.5 -27.5
2 24 15 0.5 -27.5 19 0.5 -27.5
2 24 15 1 -13 15 1 -27.5
2 24 15 1 -27.5 19 1 -27.5
2 24 15 1 -13 19 1 -13
2 24 19 1 -13 19 1 -27.5
2 24 19 1 -13 19 0.5 -13
2 24 15 1 -13 15 0.5 -13
2 24 19 1 -27.5 19 0.5 -27.5
2 24 15 1 -27.5 15 0.5 -27.5
4 16 15 1 -12.5 11 1 -12.5 11 1 -28 15 1 -28
4 16 11 1 -10 11 1 -12.5 13.5 1 -12.5 13.5 1 -10
4 16 13.5 -2 -12.5 11 -2 -12.5 11 -2 -10 13.5 -2 -10
4 16 20.5 1 -10 20.5 1 -13 23 1 -13 23 1 -10
4 16 23 -2 -13 20.5 -2 -13 20.5 -2 -10 23 -2 -10
4 16 21 1 -13 21 1 -23.5 21 -2 -23.5 21 -2 -13
4 16 23 -2 -23.5 23 1 -23.5 23 1 -13 23 -2 -13
4 16 23 1 -13 21 1 -13 21 -2 -13 23 -2 -13
4 16 21 -2 -23.5 21 1 -23.5 23 1 -23.5 23 -2 -23.5
2 24 23 1 -13 23 -2 -13
2 24 21 1 -13 21 -2 -13
2 24 21 1 -23.5 21 -2 -23.5
2 24 23 1 -23.5 23 -2 -23.5
4 16 23 1 -28 23 -9 -28 26 -9 -28 26 1 -28
4 16 11 -2 -28 23 -2 -28 23 1 -28 11 1 -28
4 16 26 1 -10 26 -2 -10 20.5 -2 -10 20.5 1 -10
4 16 23 -2 -10 26 -2 -10 26 -9 -10 23 -9 -10
4 16 13.5 1 -10 13.5 -2 -10 11 -2 -10 11 1 -10
4 16 11 -2 -28 11 1 -28 11 1 -10 11 -2 -10
2 24 11 1 -10 11 -2 -10
2 24 13.5 1 -10 13.5 -2 -10
2 24 20.5 1 -10 20.5 -2 -10
2 24 13.5 1 -12.5 13.5 -2 -12.5
2 24 20.5 1 -12.5 20.5 -2 -12.5
2 24 11 1 -28 11 -2 -28
4 16 13.5 1 -10 13.5 1 -12.5 13.5 -2 -12.5 13.5 -2 -10
4 16 20.5 -2 -12.5 20.5 1 -12.5 20.5 1 -10 20.5 -2 -10
4 16 20.5 1 -12.5 20.5 -2 -12.5 13.5 -2 -12.5 13.5 1 -12.5
1 16 23 -8 -13 -1 0 0 0 0 -1 0 -10.5 0 Tri3.dat
3 16 23 -8 -23.5 22 -8 -23.5 23 -9 -23.5
3 16 23 -9 -13 22 -8 -13 23 -8 -13
0 Ridge
4 16 13.7 -5 -13 13.7 -5 -23.5 13.7 -2 -23.5 13.7 -2 -13
4 16 20.3 -2 -23.5 20.3 -5 -23.5 20.3 -5 -13 20.3 -2 -13
4 16 14.2 -5.5 -23.5 13.7 -5 -23.5 13.7 -5 -13 14.2 -5.5 -13
4 16 20.3 -5 -13 20.3 -5 -23.5 19.8 -5.5 -23.5 19.8 -5.5 -13
2 24 13.7 -2 -23.5 13.7 -2 -13
2 24 13.7 -5 -23.5 13.7 -5 -13
2 24 14.2 -5.5 -23.5 14.2 -5.5 -13
2 24 20.3 -2 -23.5 20.3 -2 -13
2 24 20.3 -5 -23.5 20.3 -5 -13
2 24 19.8 -5.5 -23.5 19.8 -5.5 -13
1 16 17 -4 -23.5 -2 0 0 0 0 2 0 1 0 2-4ndis.dat
1 16 17 -4 -23.5 -2 0 0 0 0 2 0 -1 0 2-4EDGE.DAT
0 BFC INVERTNEXT
1 16 17 -4 -23.5 -2 0 0 0 0 2 0 2 0 2-4CYLI.DAT
1 16 17 -4 -21.5 -2 0 0 0 0 2 0 -1 0 2-4EDGE.DAT
0 BFC INVERTNEXT
1 16 17 -4 -21.5 0 0 0.667 0.667 0 0 0 1.5 0 1-4CON2.DAT
0 BFC INVERTNEXT
1 16 17 -4 -21.5 0 0 -0.667 0.667 0 0 0 1.5 0 1-4CON2.DAT
1 16 17 -4 -20 -1.333 0 0 0 0 1.333 0 -1 0 2-4EDGE.DAT
0 BFC INVERTNEXT
1 16 17 -4 -20 -1.333 0 0 0 0 1.333 0 3.5 0 2-4CYLI.DAT
1 16 17 -4 -16.5 -1.333 0 0 0 0 1.333 0 -1 0 2-4EDGE.DAT
0 BFC INVERTNEXT
1 16 17 -4 -15 0 0 0.667 0.667 0 0 0 -1.5 0 1-4CON2.DAT
0 BFC INVERTNEXT
1 16 17 -4 -15 0 0 -0.667 0.667 0 0 0 -1.5 0 1-4CON2.DAT
1 16 17 -4 -15 -2 0 0 0 0 2 0 -1 0 2-4EDGE.DAT
0 BFC INVERTNEXT
1 16 17 -4 -13 -2 0 0 0 0 2 0 -2 0 2-4CYLI.DAT
1 16 17 -4 -13 -2 0 0 0 0 2 0 -1 0 2-4EDGE.DAT
1 16 17 -4 -13 -2 0 0 0 0 2 0 -1 0 2-4ndis.dat
4 16 19 -5.5 -21.5 19 -5.5 -23.5 19 -4 -23.5 19 -4 -21.5
4 16 19 -5.5 -21.5 19 -4 -21.5 18.333 -4 -20 18.333 -5.5 -20
4 16 18.333 -5.5 -16.5 18.333 -5.5 -20 18.333 -4 -20 18.333 -4 -16.5
4 16 18.333 -5.5 -16.5 18.333 -4 -16.5 19 -4 -15 19 -5.5 -15
4 16 19 -5.5 -13 19 -5.5 -15 19 -4 -15 19 -4 -13
2 24 19 -5.5 -23.5 19 -5.5 -21.5
2 24 19 -5.5 -21.5 18.333 -5.5 -20
2 24 18.333 -5.5 -20 18.333 -5.5 -16.5
2 24 18.333 -5.5 -16.5 19 -5.5 -15
2 24 19 -5.5 -15 19 -5.5 -13
2 24 19 -5.5 -23.5 19 -4 -23.5
2 24 19 -5.5 -21.5 19 -4 -21.5
2 24 18.333 -5.5 -20 18.333 -4 -20
2 24 18.333 -5.5 -16.5 18.333 -4 -16.5
2 24 19 -5.5 -15 19 -4 -15
2 24 19 -5.5 -13 19 -4 -13
4 16 15 -4 -23.5 15 -5.5 -23.5 15 -5.5 -21.5 15 -4 -21.5
4 16 15.667 -4 -20 15 -4 -21.5 15 -5.5 -21.5 15.667 -5.5 -20
4 16 15.667 -4 -20 15.667 -5.5 -20 15.667 -5.5 -16.5 15.667 -4 -16.5
4 16 15 -4 -15 15.667 -4 -16.5 15.667 -5.5 -16.5 15 -5.5 -15
4 16 15 -4 -15 15 -5.5 -15 15 -5.5 -13 15 -4 -13
2 24 15 -5.5 -23.5 15 -5.5 -21.5
2 24 15 -5.5 -21.5 15.667 -5.5 -20
2 24 15.667 -5.5 -20 15.667 -5.5 -16.5
2 24 15.667 -5.5 -16.5 15 -5.5 -15
2 24 15 -5.5 -15 15 -5.5 -13
2 24 15 -5.5 -23.5 15 -4 -23.5
2 24 15 -5.5 -21.5 15 -4 -21.5
2 24 15.667 -5.5 -20 15.667 -4 -20
2 24 15.667 -5.5 -16.5 15.667 -4 -16.5
2 24 15 -5.5 -15 15 -4 -15
2 24 15 -5.5 -13 15 -4 -13
4 16 15 -2 -23.5 14.2 -2 -23.5 14.2 -5.5 -23.5 15 -5.5 -23.5
4 16 14.2 -5.5 -23.5 14.2 -2 -23.5 13.7 -2 -23.5 13.7 -5 -23.5
2 24 13.7 -2 -23.5 13.7 -5 -23.5
2 24 13.7 -5 -23.5 14.2 -5.5 -23.5
2 24 14.2 -5.5 -23.5 15 -5.5 -23.5
4 16 14.2 -5.5 -13 14.2 -2 -13 15 -2 -13 15 -5.5 -13
4 16 13.7 -2 -13 14.2 -2 -13 14.2 -5.5 -13 13.7 -5 -13
2 24 13.7 -2 -13 13.7 -5 -13
2 24 13.7 -5 -13 14.2 -5.5 -13
2 24 14.2 -5.5 -13 15 -5.5 -13
4 16 19.8 -5.5 -23.5 19.8 -2 -23.5 19 -2 -23.5 19 -5.5 -23.5
4 16 20.3 -2 -23.5 19.8 -2 -23.5 19.8 -5.5 -23.5 20.3 -5 -23.5
2 24 20.3 -2 -23.5 20.3 -5 -23.5
2 24 20.3 -5 -23.5 19.8 -5.5 -23.5
2 24 19.8 -5.5 -23.5 19 -5.5 -23.5
4 16 19 -2 -13 19.8 -2 -13 19.8 -5.5 -13 19 -5.5 -13
4 16 19.8 -5.5 -13 19.8 -2 -13 20.3 -2 -13 20.3 -5 -13
2 24 20.3 -2 -13 20.3 -5 -13
2 24 20.3 -5 -13 19.8 -5.5 -13
2 24 19.8 -5.5 -13 19 -5.5 -13
4 16 19.8 -5.5 -23.5 19 -5.5 -23.5 19 -5.5 -13 19.8 -5.5 -13
4 16 19 -5.5 -21.5 18.333 -5.5 -20 18.333 -5.5 -16.5 19 -5.5 -15
4 16 15 -5.5 -13 15 -5.5 -23.5 14.2 -5.5 -23.5 14.2 -5.5 -13
4 16 15.667 -5.5 -16.5 15.667 -5.5 -20 15 -5.5 -21.5 15 -5.5 -15
2 24 13.7 -2 -23.5 20.3 -2 -23.5
2 24 13.7 -2 -13 20.3 -2 -13
0 Connector open
1 16 8.5 -2 -18.75 0 0 2.5 0 2 0 -7.25 0 0 box5.dat
4 16 6 -2 -24.5 6 -2 -13 7.25 -0.75 -13 7.25 -0.75 -24.5
4 16 7.25 -0.75 -24.5 7.25 -0.75 -13 8.5 -2 -13 8.5 -2 -24.5
4 16 8.5 -2 -24.5 8.5 -2 -13 9.75 -0.75 -13 9.75 -0.75 -24.5
4 16 9.75 -0.75 -24.5 9.75 -0.75 -13 11 -2 -13 11 -2 -24.5
3 16 7.25 -0.75 -24.5 8.5 -2 -24.5 6 -2 -24.5
3 16 9.75 -0.75 -24.5 11 -2 -24.5 8.5 -2 -24.5
3 16 6 -2 -13 8.5 -2 -13 7.25 -0.75 -13
3 16 8.5 -2 -13 11 -2 -13 9.75 -0.75 -13
4 16 6 -2 -26 6 -2 -24.5 11 -2 -24.5 11 -2 -26
4 16 11 -2 -13 6 -2 -13 6 -2 -11.5 11 -2 -11.5
2 24 6 -2 -24.5 11 -2 -24.5
2 24 6 -2 -24.5 7.25 -0.75 -24.5
2 24 8.5 -2 -24.5 7.25 -0.75 -24.5
2 24 8.5 -2 -24.5 9.75 -0.75 -24.5
2 24 11 -2 -24.5 9.75 -0.75 -24.5
2 24 6 -2 -13 11 -2 -13
2 24 6 -2 -13 7.25 -0.75 -13
2 24 8.5 -2 -13 7.25 -0.75 -13
2 24 8.5 -2 -13 9.75 -0.75 -13
2 24 11 -2 -13 9.75 -0.75 -13
2 24 7.25 -0.75 -24.5 7.25 -0.75 -13
2 24 9.75 -0.75 -24.5 9.75 -0.75 -13
0
