0 Brick  2 x  6 x  2 Weight with Plate Bottom
0 Name: 73090b.dat
0 Author: Dee Earley [DeannaEarley]
0 !LICENSE Licensed under CC BY 2.0 and CC BY 4.0 : see CAreadme.txt
0 BFC CERTIFY CCW
0 !KEYWORDS boat, Technic, Train
1 16 0 44 0 1 0 0 0 -1 0 0 0 1 stug4-1x5.dat
0 BFC INVERTNEXT
1 16 0 48 0 56 0 0 0 -4 0 0 0 16 box5.dat
4 16 60 48 20 56 48 16 -56 48 16 -60 48 20
4 16 -60 48 20 -56 48 16 -56 48 -16 -60 48 -20
4 16 60 48 -20 56 48 -16 56 48 16 60 48 20
4 16 -60 48 -20 -56 48 -16 56 48 -16 60 48 -20
1 16 0 48 0 0 0 60 0 -48 0 -20 0 0 box4t.dat
1 16 0 0 10 1 0 0 0 1 0 0 0 1 stug2-1x6.dat
1 16 0 0 -10 1 0 0 0 1 0 0 0 1 stug2-1x6.dat
2 24 60 44 -20 60 44 20
2 24 -60 44 -20 60 44 -20
2 24 60 44 20 -60 44 20
1 16 -60 22 0 0 1 0 21 0 0 0 0 19 recte4.dat
1 16 -60 22 0 0 1 0 4 0 0 0 0 4 4-4ndis.dat
0 BFC INVERTNEXT
1 16 -60 22 0 0 -2 0 4 0 0 0 0 4 bump5000.dat
3 16 -60 18 -4 -60 0 -20 -60 18 0
4 16 -60 0 20 -60 18 4 -60 18 0 -60 0 -20
3 16 -60 18 4 -60 0 20 -60 22 4
4 16 -60 26 4 -60 22 4 -60 0 20 -60 48 20
3 16 -60 26 4 -60 48 20 -60 26 0
4 16 -60 26 -4 -60 26 0 -60 48 20 -60 48 -20
3 16 -60 26 -4 -60 48 -20 -60 22 -4
4 16 -60 18 -4 -60 22 -4 -60 48 -20 -60 0 -20
