0 ~Conveyor Belt  4 x 16 with 14 Treads - Tread Segment (Formed Straight)
0 Name: 92713k01.dat
0 Author: Massimo Maso [Sirio]
0 !LICENSE Licensed under CC BY 4.0 : see CAreadme.txt
0 BFC CERTIFY CCW
1 16 0 -1 0 -2 0 0 0 2 0 0 0 16.5 box3u10p.dat
4 16 -1.25 -9 16.5 1.25 -9 16.5 2 -1 16.5 -2 -1 16.5
4 16 -2 -1 16.5 -2 -1 -16.5 -1.25 -9 -16.5 -1.25 -9 16.5
4 16 1.25 -9 16.5 1.25 -9 -16.5 2 -1 -16.5 2 -1 16.5
4 16 -2 -1 -16.5 2 -1 -16.5 1.25 -9 -16.5 -1.25 -9 -16.5
1 16 0 -9 0 -1.25 0 0 0 1 0 0 0 16.5 rect.dat
2 24 -2 -1 16.5 -2 -1 -16.5
2 24 2 -1 16.5 2 -1 -16.5
2 24 -2 -1 16.5 -1.25 -9 16.5
2 24 2 -1 16.5 1.25 -9 16.5
2 24 -2 -1 -16.5 -1.25 -9 -16.5
2 24 2 -1 -16.5 1.25 -9 -16.5
2 24 -1.25 -9 16.5 -1.25 -9 -16.5
2 24 1.25 -9 16.5 1.25 -9 -16.5
