0 Tile  1 x  2 Chamfered with  2 Top Indentations
0 Name: 96910.dat
0 Author: Willy Tschager [Holly-Wood]
0 !LICENSE Licensed under CC BY 4.0 : see CAreadme.txt
0 BFC CERTIFY CCW
0 !KEYWORDS bullion, Fort Knox, gold bar, Gold Ingot, Pirates of the Caribbean
0 !KEYWORDS treasure
1 16 0 5 0 20 0 0 0 2 0 0 0 10 box4.dat
4 16 20 5 -10 17.5 0 -7.5 -17.5 0 -7.5 -20 5 -10
4 16 20 5 10 17.5 0 7.5 17.5 0 -7.5 20 5 -10
4 16 -20 5 -10 -17.5 0 -7.5 -17.5 0 7.5 -20 5 10
4 16 -20 5 10 -17.5 0 7.5 17.5 0 7.5 20 5 10
2 24 17.5 0 -7.5 20 5 -10
2 24 -20 5 -10 -17.5 0 -7.5
2 24 17.5 0 7.5 20 5 10
2 24 -20 5 10 -17.5 0 7.5
1 16 0 0 0 17.5 0 0 0 1 0 0 0 7.5 recte4.dat
0 BFC INVERTNEXT
1 16 13.5 0 5.5 .25 0 0 0 .5 0 0 0 .25 1-4con1.dat
1 16 13.5 .5 5.5 .25 0 0 0 1 0 0 0 .25 1-4edge.dat
1 16 13.5 .5 5.5 .25 0 0 0 1 0 0 0 .25 1-4chrd.dat
1 16 13.5 0 5.5 .5 0 0 0 1 0 0 0 .5 1-4edge.dat
1 16 13.5 0 5.5 .5 0 0 0 1 0 0 0 .5 1-4ndis.dat
0 BFC INVERTNEXT
1 16 13.5 0 -5.5 .25 0 0 0 .5 0 0 0 -.25 1-4con1.dat
1 16 13.5 .5 -5.5 .25 0 0 0 1 0 0 0 -.25 1-4edge.dat
1 16 13.5 .5 -5.5 .25 0 0 0 1 0 0 0 -.25 1-4chrd.dat
1 16 13.5 0 -5.5 .5 0 0 0 1 0 0 0 -.5 1-4edge.dat
1 16 13.5 0 -5.5 .5 0 0 0 1 0 0 0 -.5 1-4ndis.dat
0 BFC INVERTNEXT
1 16 8.5 0 5.5 -.25 0 0 0 .5 0 0 0 .25 1-4con1.dat
1 16 8.5 .5 5.5 -.25 0 0 0 1 0 0 0 .25 1-4edge.dat
1 16 8.5 .5 5.5 -.25 0 0 0 1 0 0 0 .25 1-4chrd.dat
1 16 8.5 0 5.5 -.5 0 0 0 1 0 0 0 .5 1-4edge.dat
1 16 8.5 0 5.5 -.5 0 0 0 1 0 0 0 .5 1-4ndis.dat
0 BFC INVERTNEXT
1 16 8.5 0 -5.5 -.25 0 0 0 .5 0 0 0 -.25 1-4con1.dat
1 16 8.5 .5 -5.5 -.25 0 0 0 1 0 0 0 -.25 1-4edge.dat
1 16 8.5 .5 -5.5 -.25 0 0 0 1 0 0 0 -.25 1-4chrd.dat
1 16 8.5 0 -5.5 -.5 0 0 0 1 0 0 0 -.5 1-4edge.dat
1 16 8.5 0 -5.5 -.5 0 0 0 1 0 0 0 -.5 1-4ndis.dat
1 16 11 .25 -5.875 -2.5 0 0 0 1 -.25 0 0 -.125 rect2p.dat
1 16 13.875 .25 0 0 0 -.125 0 1 .25 5.5 0 0 rect2p.dat
1 16 8.125 .25 0 0 0 .125 0 1 .25 5.5 0 0 rect2p.dat
1 16 11 .25 5.875 -2.5 0 0 0 1 -.25 0 0 .125 rect2p.dat
4 16 13.5 .5 5.75 8.5 .5 5.75 8.25 .5 5.5 13.75 .5 5.5
4 16 13.75 .5 -5.5 13.75 .5 5.5 8.25 .5 5.5 8.25 .5 -5.5
4 16 13.75 .5 -5.5 8.25 .5 -5.5 8.5 .5 -5.75 13.5 .5 -5.75
0 BFC INVERTNEXT
1 16 -8.5 0 5.5 .25 0 0 0 .5 0 0 0 .25 1-4con1.dat
1 16 -8.5 .5 5.5 .25 0 0 0 1 0 0 0 .25 1-4edge.dat
1 16 -8.5 .5 5.5 .25 0 0 0 1 0 0 0 .25 1-4chrd.dat
1 16 -8.5 0 5.5 .5 0 0 0 1 0 0 0 .5 1-4edge.dat
1 16 -8.5 0 5.5 .5 0 0 0 1 0 0 0 .5 1-4ndis.dat
0 BFC INVERTNEXT
1 16 -8.5 0 -5.5 .25 0 0 0 .5 0 0 0 -.25 1-4con1.dat
1 16 -8.5 .5 -5.5 .25 0 0 0 1 0 0 0 -.25 1-4edge.dat
1 16 -8.5 .5 -5.5 .25 0 0 0 1 0 0 0 -.25 1-4chrd.dat
1 16 -8.5 0 -5.5 .5 0 0 0 1 0 0 0 -.5 1-4edge.dat
1 16 -8.5 0 -5.5 .5 0 0 0 1 0 0 0 -.5 1-4ndis.dat
0 BFC INVERTNEXT
1 16 -13.5 0 5.5 -.25 0 0 0 .5 0 0 0 .25 1-4con1.dat
1 16 -13.5 .5 5.5 -.25 0 0 0 1 0 0 0 .25 1-4edge.dat
1 16 -13.5 .5 5.5 -.25 0 0 0 1 0 0 0 .25 1-4chrd.dat
1 16 -13.5 0 5.5 -.5 0 0 0 1 0 0 0 .5 1-4edge.dat
1 16 -13.5 0 5.5 -.5 0 0 0 1 0 0 0 .5 1-4ndis.dat
0 BFC INVERTNEXT
1 16 -13.5 0 -5.5 -.25 0 0 0 .5 0 0 0 -.25 1-4con1.dat
1 16 -13.5 .5 -5.5 -.25 0 0 0 1 0 0 0 -.25 1-4edge.dat
1 16 -13.5 .5 -5.5 -.25 0 0 0 1 0 0 0 -.25 1-4chrd.dat
1 16 -13.5 0 -5.5 -.5 0 0 0 1 0 0 0 -.5 1-4edge.dat
1 16 -13.5 0 -5.5 -.5 0 0 0 1 0 0 0 -.5 1-4ndis.dat
1 16 -11 .25 -5.875 -2.5 0 0 0 1 -.25 0 0 -.125 rect2p.dat
1 16 -8.125 .25 0 0 0 -.125 0 1 .25 5.5 0 0 rect2p.dat
1 16 -13.875 .25 0 0 0 .125 0 1 .25 5.5 0 0 rect2p.dat
1 16 -11 .25 5.875 -2.5 0 0 0 1 -.25 0 0 .125 rect2p.dat
4 16 -8.5 .5 5.75 -13.5 .5 5.75 -13.75 .5 5.5 -8.25 .5 5.5
4 16 -8.25 .5 -5.5 -8.25 .5 5.5 -13.75 .5 5.5 -13.75 .5 -5.5
4 16 -8.25 .5 -5.5 -13.75 .5 -5.5 -13.5 .5 -5.75 -8.5 .5 -5.75
3 16 -14 0 6 -17.5 0 7.5 -14 0 5.5
3 16 17.5 0 7.5 14 0 6 14 0 5.5
3 16 14 0 -6 17.5 0 -7.5 14 0 -5.5
3 16 17.5 0 -7.5 14 0 -6 13.5 0 -6
3 16 17.5 0 -7.5 13.5 0 -6 8.5 0 -6
3 16 17.5 0 -7.5 8.5 0 -6 8 0 -6
4 16 17.5 0 7.5 14 0 5.5 14 0 -5.5 17.5 0 -7.5
3 16 14 0 6 17.5 0 7.5 13.5 0 6
3 16 13.5 0 6 17.5 0 7.5 8.5 0 6
3 16 8.5 0 6 17.5 0 7.5 8 0 6
3 16 -17.5 0 -7.5 -14 0 -6 -14 0 -5.5
3 16 -14 0 -6 -17.5 0 -7.5 -13.5 0 -6
3 16 -13.5 0 -6 -17.5 0 -7.5 -8.5 0 -6
3 16 -8.5 0 -6 -17.5 0 -7.5 -8 0 -6
4 16 -14 0 -5.5 -14 0 5.5 -17.5 0 7.5 -17.5 0 -7.5
3 16 -17.5 0 7.5 -14 0 6 -13.5 0 6
3 16 -17.5 0 7.5 -13.5 0 6 -8.5 0 6
3 16 -17.5 0 7.5 -8.5 0 6 -8 0 6
4 16 -17.5 0 7.5 -8 0 6 8 0 6 17.5 0 7.5
4 16 8 0 -6 -8 0 -6 -17.5 0 -7.5 17.5 0 -7.5
4 16 -8 0 -5.5 -8 0 -6 8 0 -6 8 0 -5.5
4 16 8 0 6 -8 0 6 -8 0 5.5 8 0 5.5
4 16 -8 0 5.5 -8 0 -5.5 8 0 -5.5 8 0 5.5
4 16 -20 7 10 -19 7 9 -19 7 -9 -20 7 -10
4 16 20 7 10 19 7 9 -19 7 9 -20 7 10
4 16 -20 7 -10 -19 7 -9 19 7 -9 20 7 -10
4 16 20 7 -10 19 7 -9 19 7 9 20 7 10
1 16 0 7 0 19 0 0 0 1 0 0 0 9 box4.dat
4 16 -19 8 -9 -16 8 -6 16 8 -6 19 8 -9
4 16 19 8 -9 16 8 -6 16 8 6 19 8 9
4 16 -19 8 9 -16 8 6 -16 8 -6 -19 8 -9
4 16 19 8 9 16 8 6 -16 8 6 -19 8 9
0 BFC INVERTNEXT
1 16 0 8 0 16 0 0 0 -5.25 0 0 0 6 box5.dat
