0 Minifig Torso with Octan Logo Pattern
0 Name: 973pt2.dat
0 Author: Chris Dee [cwdee]
0 !LICENSE Licensed under CC BY 4.0 : see CAreadme.txt
0 BFC CERTIFY CW
0 !KEYWORDS Bricklink 973px130, Brickowl 959423, Fuel, gasoline, kerosene
0 !KEYWORDS naphtha, oil, petrol, Rebrickable 973c27h01pr0130, set 10159
0 !KEYWORDS Set 6397, Set 6472, set 6597
1 16 0 0 0 1 0 0 0 1 0 0 0 1 s\973s01.dat
4 16 -19 32 10 19 32 10 19 29 10 -19 29 10
4 16 -14.345 2 10 -19 29 10 19 29 10 14.345 2 10
4 16 12 0 10 -12 0 10 -14.345 2 10 14.345 2 10
1 0 0 -4 0 4.243 0 -4.243 0 -8 0 -4.243 0 -4.243 1-4cyli.dat
1 16 .22 25.55 -10 .5 0 0 0 0 -.5 0 1 0 logo-octantext2.dat
1 16 0 12 -10 1.675 0 0 0 0 -1.675 0 1 0 logo-octan-3.dat
3 16 -12 0 -10 12 0 -10 0 2.7875 -10
4 16 -14.345 2 -10 -12 0 -10 0 2.7875 -10 -12.5625 2.7875 -10
4 16 0 2.7875 -10 12 0 -10 14.345 2 -10 12.5625 2.7875 -10
3 16 12.5625 12 -10 12.5625 2.7875 -10 14.345 2 -10
4 16 -12.03 28.3 -10 12.47 28.3 -10 19 32 -10 -19 32 -10
4 16 12.47 22.3 -10 19 29 -10 19 32 -10 12.47 28.3 -10
4 16 -19 32 -10 -19 29 -10 -12.03 22.3 -10 -12.03 28.3 -10
3 16 -12.5625 21.2125 -10 -12.03 22.3 -10 -19 29 -10
4 16 -12.5625 21.2125 -10 -19 29 -10 -14.345 2 -10 -12.5625 12 -10
3 16 -12.5625 6.1375 -10 -12.5625 12 -10 -14.345 2 -10
3 16 -14.345 2 -10 -12.5625 2.7875 -10 -12.5625 6.1375 -10
3 16 19 29 -10 12.47 22.3 -10 12.5625 21.2125 -10
4 16 14.345 2 -10 19 29 -10 12.5625 17.8625 -10 12.5625 12 -10
3 16 19 29 -10 12.5625 21.2125 -10 12.5625 17.8625 -10
4 16 12.47 22.3 -10 -12.03 22.3 -10 0 21.2125 -10 12.5625 21.2125 -10
3 16 -12.03 22.3 -10 -12.5625 21.2125 -10 0 21.2125 -10
