0 Box with 5 Faces and All Edges
0 Name: box5.dat
0 Author: James Jessiman
0 !LICENSE Licensed under CC BY 4.0 : see CAreadme.txt
0 BFC CERTIFY CCW
2 24 1 1 1 -1 1 1
2 24 -1 1 1 -1 1 -1
2 24 -1 1 -1 1 1 -1
2 24 1 1 -1 1 1 1
2 24 1 0 1 -1 0 1
2 24 -1 0 1 -1 0 -1
2 24 -1 0 -1 1 0 -1
2 24 1 0 -1 1 0 1
2 24 1 0 1 1 1 1
2 24 -1 0 1 -1 1 1
2 24 1 0 -1 1 1 -1
2 24 -1 0 -1 -1 1 -1
4 16 -1 1 1 1 1 1 1 1 -1 -1 1 -1
4 16 -1 1 1 -1 0 1 1 0 1 1 1 1
4 16 -1 1 -1 -1 0 -1 -1 0 1 -1 1 1
4 16 1 1 -1 1 0 -1 -1 0 -1 -1 1 -1
4 16 1 1 1 1 0 1 1 0 -1 1 1 -1
