0 Cylinder Joint  6 to  8
0 Name: cylj6x8.dat
0 Author: Kevin Roach [kroach]
0 !LDRAW_ORG Unofficial_Primitive
0 !LICENSE Redistributable under CCAL version 2.0 : see CAreadme.txt

0 BFC CERTIFY CCW

0 !HISTORY 2014-08-26 [MagFors] Turned inside out

3 16 0 0 6 2.296 -0.4567 5.543 2.296 0 5.543
3 16 -2.296 0 -5.543 0 0 -6 -2.296 -0.4567 -5.543
4 16 5.657 -2.343 1.7233 6 0 0 5.543 0 2.296 5.543 -2.2668 2.296
3 16 5.657 -2.343 1.7233 6 -2.8563 0 6 0 0
4 16 4.243 -1.3981 4.243 5.543 -2.2668 2.296 5.543 0 2.296 4.243 0 4.243
4 16 3.062 -0.609 5.0315 4.243 -1.3981 4.243 4.243 0 4.243 2.296 0 5.543
3 16 2.296 0 5.543 2.296 -0.4567 5.543 3.062 -0.609 5.0315
3 16 -2.296 -0.4567 5.543 0 0 6 -2.296 0 5.543
4 16 -3.062 -0.609 5.0315 -2.296 0 5.543 -4.243 0 4.243 -4.243 -1.3981 4.243
3 16 -3.062 -0.609 5.0315 -2.296 -0.4567 5.543 -2.296 0 5.543
4 16 -4.243 0 4.243 -5.543 0 2.296 -5.543 -2.2668 2.296 -4.243 -1.3981 4.243
4 16 -5.657 -2.343 1.7233 -5.543 0 2.296 -6 0 0 -6 -2.8563 0
3 16 -5.657 -2.343 1.7233 -5.543 -2.2668 2.296 -5.543 0 2.296
4 16 -5.657 -2.343 -1.7233 -6 -2.8563 0 -6 0 0 -5.543 0 -2.296
3 16 -5.543 0 -2.296 -5.543 -2.2668 -2.296 -5.657 -2.343 -1.7233
4 16 -5.543 -2.2668 -2.296 -5.543 0 -2.296 -4.243 0 -4.243 -4.243 -1.3981 -4.243
4 16 -3.062 -0.609 -5.0315 -4.243 -1.3981 -4.243 -4.243 0 -4.243 -2.296 0 -5.543
3 16 -2.296 0 -5.543 -2.296 -0.4567 -5.543 -3.062 -0.609 -5.0315
3 16 2.296 0 -5.543 2.296 -0.4567 -5.543 0 0 -6
3 16 3.062 -0.609 -5.0315 2.296 -0.4567 -5.543 2.296 0 -5.543
4 16 2.296 0 -5.543 4.243 0 -4.243 4.243 -1.3981 -4.243 3.062 -0.609 -5.0315
4 16 4.243 0 -4.243 5.543 0 -2.296 5.543 -2.2668 -2.296 4.243 -1.3981 -4.243
3 16 5.657 -2.343 -1.7233 5.543 -2.2668 -2.296 5.543 0 -2.296
4 16 5.543 0 -2.296 6 0 0 6 -2.8563 0 5.657 -2.343 -1.7233

5 24 6 0 0 6 -2.8563 0 5.543 0 2.296 5.543 0 -2.296
5 24 5.543 0 2.296 5.543 -2.2668 2.296 4.243 0 4.243 6 0 0
5 24 4.243 0 4.243 4.243 -1.3981 4.243 2.296 0 5.543 5.543 0 2.296
5 24 2.296 0 5.543 2.296 -0.4567 5.543 0 0 6 4.243 0 4.243
5 24 -2.296 0 5.543 -2.296 -0.4567 5.543 -4.243 0 4.243 0 0 6
5 24 -4.243 0 4.243 -4.243 -1.3981 4.243 -5.543 0 2.296 -2.296 0 5.543
5 24 -5.543 0 2.296 -5.543 -2.2668 2.296 -6 0 0 -4.243 0 4.243
5 24 -6 0 0 -6 -2.8563 0 -5.543 0 -2.296 -5.543 0 2.296
5 24 -5.543 0 -2.296 -5.543 -2.2668 -2.296 -4.243 0 -4.243 -6 0 0
5 24 -4.243 0 -4.243 -4.243 -1.3981 -4.243 -2.296 0 -5.543 -5.543 0 -2.296
5 24 -2.296 0 -5.543 -2.296 -0.4567 -5.543 0 0 -6 -4.243 0 -4.243
5 24 2.296 0 -5.543 2.296 -0.4567 -5.543 4.243 0 -4.243 0 0 -6
5 24 4.243 0 -4.243 4.243 -1.3981 -4.243 5.543 0 -2.296 2.296 0 -5.543
5 24 5.543 0 -2.296 5.543 -2.2668 -2.296 6 0 0 4.243 0 -4.243

2 24 2.296 -0.4567 5.543 0 0 6
2 24 -2.296 -0.4567 -5.543 0 0 -6
2 24 5.657 -2.343 1.7233 5.543 -2.2668 2.296
2 24 6 -2.8563 0 5.657 -2.343 1.7233
2 24 5.543 -2.2668 2.296 4.243 -1.3981 4.243
2 24 4.243 -1.3981 4.243 3.062 -0.609 5.0315
2 24 3.062 -0.609 5.0315 2.296 -0.4567 5.543
2 24 0 0 6 -2.296 -0.4567 5.543
2 24 -3.062 -0.609 5.0315 -4.243 -1.3981 4.243
2 24 -2.296 -0.4567 5.543 -3.062 -0.609 5.0315
2 24 -4.243 -1.3981 4.243 -5.543 -2.2668 2.296
2 24 -5.657 -2.343 1.7233 -6 -2.8563 0
2 24 -5.543 -2.2668 2.296 -5.657 -2.343 1.7233
2 24 -6 -2.8563 0 -5.657 -2.343 -1.7233
2 24 -5.657 -2.343 -1.7233 -5.543 -2.2668 -2.296
2 24 -5.543 -2.2668 -2.296 -4.243 -1.3981 -4.243
2 24 -4.243 -1.3981 -4.243 -3.062 -0.609 -5.0315
2 24 -3.062 -0.609 -5.0315 -2.296 -0.4567 -5.543
2 24 0 0 -6 2.296 -0.4567 -5.543
2 24 2.296 -0.4567 -5.543 3.062 -0.609 -5.0315
2 24 3.062 -0.609 -5.0315 4.243 -1.3981 -4.243
2 24 4.243 -1.3981 -4.243 5.543 -2.2668 -2.296
2 24 5.543 -2.2668 -2.296 5.657 -2.343 -1.7233
2 24 5.657 -2.343 -1.7233 6 -2.8563 0
