0 Joint-8 Socket with Friction
0 Name: joint8socket1.dat
0 Author: Tim Gould [timgould]
0 !LICENSE Licensed under CC BY 4.0 : see CAreadme.txt
0 !HELP it moves +/-35 degrees in the horizontal plane
0 !HELP 1 4 0 0 0 0.819152 0 0.573576 0 -1 0 0.573576 0 -0.819152 joint8ball.dat
0 !HELP it moves 5 degrees from a vertical position
0 !HELP 1 4 0 0 0 0.996195 0 0.087156 0.087156 0 -0.996195 0 1 0 joint8ball.dat
0 BFC CERTIFY CCW
1 16 0 0 0 1 0 0 0 1 0 0 0 1 joint8socket3.dat
4 16 -10 -7.75 9 10 -7.75 9 9.817 -7.567 9.31695 -9.817 -7.567 9.31695
4 16 -9.817 -7.567 9.31695 9.817 -7.567 9.31695 9.5 -7.25 9.5 -9.5 -7.25 9.5
4 16 -9.5 -7.25 9.5 9.5 -7.25 9.5 9.5 -4 9.5 -9.5 -4 9.5
4 16 9.817 -7.567 9.31695 9.817 -4 9.31695 9.5 -4 9.5 9.5 -7.25 9.5
4 16 9.817 4 9.31695 9.817 7.567 9.31695 9.5 7.25 9.5 9.5 4 9.5
3 16 9.817 -4 9.31695 9.817 -7.567 9.31695 10 -7.75 9
3 16 10 7.75 9 9.817 7.567 9.31695 9.817 4 9.31695
4 16 10 -7.75 9 10 7.75 9 9.817 4 9.31695 9.817 -4 9.31695
2 24 10 -7.75 9 9.817 -7.567 9.31695
2 24 9.5 -7.25 9.5 9.817 -7.567 9.31695
2 24 10 7.75 9 9.817 7.567 9.31695
2 24 9.5 7.25 9.5 9.817 7.567 9.31695
2 24 -9.5 -4 9.5 9.5 -4 9.5
2 24 9.5 -4 9.5 9.817 -4 9.68305
2 24 9.817 -4 9.68305 10 -4 10
2 24 -9.5 -4 9.5 -9.817 -4 9.68305
2 24 -9.817 -4 9.68305 -10 -4 10
4 16 -9.817 -4 9.68305 9.817 -4 9.68305 10 -4 10 -10 -4 10
4 16 -9.5 -4 9.5 9.5 -4 9.5 9.817 -4 9.68305 -9.817 -4 9.68305
3 16 9.5 -4 9.5 9.817 -4 9.31695 9.7113 -3.9 9.5
3 16 9.7113 -3.9 9.5 9.817 -4 9.68305 9.5 -4 9.5
3 16 9.7113 3.9 9.5 9.817 4 9.31695 9.5 4 9.5
3 16 9.5 4 9.5 9.817 4 9.68305 9.7113 3.9 9.5
4 16 9.817 4 9.31695 9.7113 3.9 9.5 9.7113 -3.9 9.5 9.817 -4 9.31695
4 16 9.817 4 9.68305 9.817 -4 9.68305 9.7113 -3.9 9.5 9.7113 3.9 9.5
4 16 10 4 10 10 -4 10 9.817 -4 9.68305 9.817 4 9.68305
5 24 9.817 -7.567 9.31695 -9.817 -7.567 9.31695 -10 -7.75 9 9.5 -7.25 9.5
5 24 9.5 -7.25 9.5 -9.5 -7.25 9.5 -9.817 -7.567 9.31695 9.5 -4 9.5
5 24 9.5 -7.25 9.5 9.5 -4 9.5 -9.5 -7.25 9.5 9.817 -7.567 9.31695
5 24 9.5 7.25 9.5 9.5 4 9.5 -9.5 7.25 9.5 9.817 7.567 9.31695
5 24 9.817 -7.567 9.31695 9.817 -4 9.31695 9.5 -4 9.5 10 -7.75 9
5 24 9.817 -4 9.31695 9.5 -4 9.5 9.817 -7.567 9.31695 9.7113 -3.9 9.5
5 24 9.817 4 9.31695 9.817 7.567 9.31695 9.5 7.25 9.5 10 7.75 9
5 24 9.5 4 9.5 9.817 4 9.31695 9.817 7.567 9.31695 9.7113 3.9 9.5
5 24 9.817 -4 9.31695 9.7113 -3.9 9.5 9.5 -4 9.5 9.817 4 9.31695
2 24 9.7113 -3.9 9.5 9.5 -4 9.5
5 24 9.7113 -3.9 9.5 9.817 -4 9.68305 9.5 -4 9.5 9.817 4 9.68305
5 24 9.7113 3.9 9.5 9.817 4 9.31695 9.5 4 9.5 9.7113 -3.9 9.5
2 24 9.5 4 9.5 9.7113 3.9 9.5
5 24 9.817 4 9.68305 9.7113 3.9 9.5 9.5 4 9.5 9.817 -4 9.68305
2 24 9.7113 3.9 9.5 9.7113 -3.9 9.5
5 24 10 -7.75 9 -10 -7.75 9 9.817 -7.567 9.31695 4.8 -7.75 4.8
5 24 10 -7.75 9 10 7.75 9 9.817 -7.567 9.31695 10 -7.75 -3
5 24 10 -4 10 10 4 10 9.817 -4 9.68305 10 -4 15
4 16 10 7.75 9 -10 7.75 9 -9.817 7.567 9.31695 9.817 7.567 9.31695
4 16 9.817 7.567 9.31695 -9.817 7.567 9.31695 -9.5 7.25 9.5 9.5 7.25 9.5
4 16 9.5 7.25 9.5 -9.5 7.25 9.5 -9.5 4 9.5 9.5 4 9.5
4 16 -9.817 7.567 9.31695 -9.817 4 9.31695 -9.5 4 9.5 -9.5 7.25 9.5
4 16 -9.817 -4 9.31695 -9.817 -7.567 9.31695 -9.5 -7.25 9.5 -9.5 -4 9.5
3 16 -9.817 4 9.31695 -9.817 7.567 9.31695 -10 7.75 9
3 16 -10 -7.75 9 -9.817 -7.567 9.31695 -9.817 -4 9.31695
4 16 -10 7.75 9 -10 -7.75 9 -9.817 -4 9.31695 -9.817 4 9.31695
2 24 -10 7.75 9 -9.817 7.567 9.31695
2 24 -9.5 7.25 9.5 -9.817 7.567 9.31695
2 24 -10 -7.75 9 -9.817 -7.567 9.31695
2 24 -9.5 -7.25 9.5 -9.817 -7.567 9.31695
2 24 9.5 4 9.5 -9.5 4 9.5
2 24 -9.5 4 9.5 -9.817 4 9.68305
2 24 -9.817 4 9.68305 -10 4 10
2 24 9.5 4 9.5 9.817 4 9.68305
2 24 9.817 4 9.68305 10 4 10
4 16 9.817 4 9.68305 -9.817 4 9.68305 -10 4 10 10 4 10
4 16 9.5 4 9.5 -9.5 4 9.5 -9.817 4 9.68305 9.817 4 9.68305
3 16 -9.5 4 9.5 -9.817 4 9.31695 -9.7113 3.9 9.5
3 16 -9.7113 3.9 9.5 -9.817 4 9.68305 -9.5 4 9.5
3 16 -9.7113 -3.9 9.5 -9.817 -4 9.31695 -9.5 -4 9.5
3 16 -9.5 -4 9.5 -9.817 -4 9.68305 -9.7113 -3.9 9.5
4 16 -9.817 -4 9.31695 -9.7113 -3.9 9.5 -9.7113 3.9 9.5 -9.817 4 9.31695
4 16 -9.817 -4 9.68305 -9.817 4 9.68305 -9.7113 3.9 9.5 -9.7113 -3.9 9.5
4 16 -10 -4 10 -10 4 10 -9.817 4 9.68305 -9.817 -4 9.68305
5 24 -9.817 7.567 9.31695 9.817 7.567 9.31695 10 7.75 9 -9.5 7.25 9.5
5 24 -9.5 7.25 9.5 9.5 7.25 9.5 9.817 7.567 9.31695 -9.5 4 9.5
5 24 -9.5 7.25 9.5 -9.5 4 9.5 9.5 7.25 9.5 -9.817 7.567 9.31695
5 24 -9.5 -7.25 9.5 -9.5 -4 9.5 9.5 -7.25 9.5 -9.817 -7.567 9.31695
5 24 -9.817 7.567 9.31695 -9.817 4 9.31695 -9.5 4 9.5 -10 7.75 9
5 24 -9.817 4 9.31695 -9.5 4 9.5 -9.817 7.567 9.31695 -9.7113 3.9 9.5
5 24 -9.817 -4 9.31695 -9.817 -7.567 9.31695 -9.5 -7.25 9.5 -10 -7.75 9
5 24 -9.5 -4 9.5 -9.817 -4 9.31695 -9.817 -7.567 9.31695 -9.7113 -3.9 9.5
5 24 -9.817 4 9.31695 -9.7113 3.9 9.5 -9.5 4 9.5 -9.817 -4 9.31695
2 24 -9.7113 3.9 9.5 -9.5 4 9.5
5 24 -9.7113 3.9 9.5 -9.817 4 9.68305 -9.5 4 9.5 -9.817 -4 9.68305
5 24 -9.7113 -3.9 9.5 -9.817 -4 9.31695 -9.5 -4 9.5 -9.7113 3.9 9.5
2 24 -9.5 -4 9.5 -9.7113 -3.9 9.5
5 24 -9.817 -4 9.68305 -9.7113 -3.9 9.5 -9.5 -4 9.5 -9.817 4 9.68305
2 24 -9.7113 -3.9 9.5 -9.7113 3.9 9.5
5 24 -10 7.75 9 10 7.75 9 -9.817 7.567 9.31695 -4.8 7.75 4.8
5 24 -10 7.75 9 -10 -7.75 9 -9.817 7.567 9.31695 -10 7.75 -3
5 24 -10 4 10 -10 -4 10 -9.817 4 9.68305 -10 4 15
