0 Logo Maersk White "A"
0 Name: logo-maersk-a.dat
0 Author: Takeshi Takahashi [RainbowDolphin]
0 !LICENSE Licensed under CC BY 4.0 : see CAreadme.txt
0 BFC CERTIFY CCW
4 15 -.85 0 2.7 -3.25 0 -2.7 -.95 0 -.6 -.05 0 1.6
4 15 -1.35 0 -1.6 -.95 0 -.6 -3.25 0 -2.7 -1.85 0 -2.7
4 15 .95 0 -.6 -.95 0 -.6 -1.35 0 -1.6 1.35 0 -1.6
4 15 3.25 0 -2.7 .85 0 2.7 .95 0 -.6 1.35 0 -1.6
3 15 1.35 0 -1.6 1.85 0 -2.7 3.25 0 -2.7
3 15 .85 0 2.7 -.05 0 1.6 .95 0 -.6
3 15 .85 0 2.7 -.85 0 2.7 -.05 0 1.6
3 16 -3.25 0 -2.7 -.85 0 2.7 -3.25 0 2.7
3 16 -.05 0 1.6 -.95 0 -.6 .95 0 -.6
4 16 1.35 0 -1.6 -1.35 0 -1.6 -1.85 0 -2.7 1.85 0 -2.7
3 16 3.25 0 -2.7 3.25 0 2.7 .85 0 2.7
