0 Logo Maersk White "K"
0 Name: logo-maersk-k.dat
0 Author: Takeshi Takahashi [RainbowDolphin]
0 !LICENSE Licensed under CC BY 4.0 : see CAreadme.txt
0 BFC CERTIFY CCW
4 15 -1.45 0 -.2 -2.75 0 2.7 -2.75 0 -2.7 -1.45 0 -2.7
3 15 -2.75 0 2.7 -1.45 0 -.2 -1.45 0 .6
3 15 -1.45 0 2.7 -2.75 0 2.7 -1.45 0 .6
4 15 -.15 0 .2 -1.45 0 .6 -1.45 0 -.2 2.75 0 -2.7
3 15 -1.45 0 -.2 1.05 0 -2.7 2.75 0 -2.7
4 15 -1.45 0 .6 -.15 0 .2 2.75 0 2.7 .95 0 2.7
3 16 .95 0 2.7 -1.45 0 2.7 -1.45 0 .6
3 16 2.75 0 2.7 -.15 0 .2 2.75 0 -2.7
3 16 -1.45 0 -.2 -1.45 0 -2.7 1.05 0 -2.7
