0 Sticker  1.2 x  6 with Thin Black "POLICE"
0 Name: s11.dat
0 Author: Steffen [Steffen]
0 !LICENSE Licensed under CC BY 4.0 : see CAreadme.txt
0 BFC CERTIFY CW
1 15 0 -0.25 0 2.1 0 0 0 2.1 0 0 0 1.5 s\3069bs18.dat
4 15 -60 -0.25 12 -35.7 -0.25 12 -35.7 -0.25 -12 -60 -0.25 -12
4 15 -35.7 -0.25 12 35.7 -0.25 12 35.7 -0.25 7.5 -35.7 -0.25 7.5
4 15 -35.7 -0.25 -7.5 35.7 -0.25 -7.5 35.7 -0.25 -12 -35.7 -0.25 -12
4 15 35.7 -0.25 12 60 -0.25 12 60 -0.25 -12 35.7 -0.25 -12
4 15 -60 0 -12 60 0 -12 60 0 12 -60 0 12
4 15 60 0 12 60 -0.25 12 -60 -0.25 12 -60 0 12
4 15 -60 0 12 -60 -0.25 12 -60 -0.25 -12 -60 0 -12
4 15 -60 0 -12 -60 -0.25 -12 60 -0.25 -12 60 0 -12
4 15 60 0 -12 60 -0.25 -12 60 -0.25 12 60 0 12
