0 Stud Underside Cross
0 Name: stud12.dat
0 Author: Tore Eriksson [Tore_Eriksson]
0 !LICENSE Licensed under CC BY 4.0 : see CAreadme.txt
0 BFC CERTIFY CCW
1 16 3.232 0 -3.232 0.707107 0 2.525 0 -4 0 0.707107 0 -2.525 box4-4a.dat
1 16 3.232 0 3.232 -0.707107 0 2.525 0 -4 0 0.707107 0 2.525 box4-4a.dat
1 16 -3.232 0 3.232 -0.707107 0 -2.525 0 -4 0 -0.707107 0 2.525 box4-4a.dat
1 16 -3.232 0 -3.232 0.707107 0 -2.525 0 -4 0 -0.707107 0 -2.525 box4-4a.dat
4 16 -1.41421 -4 0 0 -4 -1.41421 1.41421 -4 0 0 -4 1.41421
2 24 0 0 -1.41421 0 -4 -1.41421
2 24 1.41421 0 0 1.41421 -4 0
2 24 0 0 1.41421 0 -4 1.41421
2 24 -1.41421 0 0 -1.41421 -4 0
