0 Stud with Small Offset Hole at x = -2, y = -6
0 Name: stud19c.dat
0 Author: Magnus Forsberg [MagFors]
0 !LDRAW_ORG Unofficial_Primitive
0 !LICENSE Redistributable under CCAL version 2.0 : see CAreadme.txt

0 BFC CERTIFY CCW


1 16 0 0 0 0 0 6 0 1 0 -6 0 0 7-8edge.dat
1 16 0 0 0 0 0 6 0 1 0 -6 0 0 7-8ndis.dat
1 16 0 -4 0 0 0 6 0 1 0 -6 0 0 7-8edge.dat
1 16 0 0 0 0 0 6 0 -4 0 -6 0 0 7-8cyli.dat
1 16 0 -4 0 0 0 6 0 1 0 -6 0 0 2-4disc.dat
1 16 0 -4 0 0 0 -6 0 1 0 6 0 0 3-8disc.dat
1 16 -2 4 -6 0 0 2 0 -4 0 2 0 0 4-4ndis.dat
1 16 -2 4 -6 0 0 2 0 4 0 -2 0 0 4-4edge.dat
0 BFC INVERTNEXT
1 16 -2 0 -6 0 0 2 0 4 0 -2 0 0 4-4cyli.dat
1 16 -2 0 -6 2 0 0 0 -1 0 0 0 -2 9-16edge.dat
1 16 -2 0 -6 2 0 0 0 1 0 0 0 -2 2-4ndis.dat
2 24 -4.2426 0 -4.2426 -3.511 0 -4.731
2 24 -3.511 0 -4.731 -3.8478 0 -5.2346
4 16 -3.8478 0 -5.2346 -3.511 0 -4.731 -4.2426 0 -4.2426 -6 0 -6
3 16 -4 0 -6 -3.8478 0 -5.2346 -6 0 -6
4 16 -4 0 -8 -4 0 -6 -6 0 -6 -6 0 -8
4 16 6 0 -6 0 0 -6 0 0 -8 6 0 -8
2 24 0 0 -6 0 -4 -6
1 16 -2 -4 -6 2 0 0 0 4 0 0 0 2 3-8edge.dat
2 24 -3.4142 -4 -4.5858 -3.511 -4 -4.731
2 24 -4.2426 -4 -4.2426 -3.511 -4 -4.731
2 24 -3.511 0 -4.731 -3.511 -4 -4.731
0 BFC INVERTNEXT
1 16 -2 -4 -6 2 0 0 0 4 0 0 0 2 3-8cyli.dat
4 16 -4.2426 0 -4.2426 -3.511 0 -4.731 -3.511 -4 -4.731 -4.2426 -4 -4.2426
4 16 -3.4142 -4 -4.5858 -3.511 -4 -4.731 -3.511 0 -4.731 -3.4142 0 -4.5858
5 24 -4.2426 -4 -4.2426 -4.2426 0 -4.2426 -3.511 0 -4.731 -5.5434 -4 -2.2962
5 24 -3.4142 0 -4.5858 -3.4142 -4 -4.5858 -3.511 -4 -4.731 -2.7654 -4 -4.1522
3 16 0 -4 0 -0.1522 -4 -5.2346 0 -4 -6
3 16 0 -4 0 -0.5858 -4 -4.5858 -0.1522 -4 -5.2346
3 16 0 -4 0 -1.2346 -4 -4.1522 -0.5858 -4 -4.5858
3 16 0 -4 0 -2 -4 -4 -1.2346 -4 -4.1522
3 16 0 -4 0 -2.7654 -4 -4.1522 -2 -4 -4
4 16 0 -4 0 -4.2426 -4 -4.2426 -3.4142 -4 -4.5858 -2.7654 -4 -4.1522
3 16 -4.2426 -4 -4.2426 -3.511 -4 -4.731 -3.4142 -4 -4.5858
