0 Type Swiss721BT Upper Case "F" Bold
0 Name: type-swiss721bt-bold-uf.dat
0 Author: Ulrich Röder [UR]
0 !LICENSE Licensed under CC BY 4.0 : see CAreadme.txt
0 BFC CERTIFY CCW
4 16 .35 0 .326 -.145 0 .326 -.145 0 .1 .289 0 .1
4 16 .289 0 .1 .289 0 -.074 .35 0 -.5 .35 0 .326
4 16 -.145 0 -.5 .35 0 -.5 .289 0 -.074 -.145 0 -.074
3 0 -.348 0 .5 -.145 0 .1 -.145 0 .326
4 0 -.348 0 -.5 -.145 0 -.074 -.145 0 .1 -.348 0 .5
4 0 -.145 0 .1 -.145 0 -.074 .289 0 -.074 .289 0 .1
4 0 .35 0 .326 .35 0 .5 -.348 0 .5 -.145 0 .326
3 0 -.348 0 -.5 -.145 0 -.5 -.145 0 -.074
