0 Type Swiss721BT Upper Case "W" Bold
0 Name: type-swiss721bt-bold-uw.dat
0 Author: Ulrich Röder [UR]
0 !LICENSE Licensed under CC BY 4.0 : see CAreadme.txt
0 BFC CERTIFY CCW
3 16 -.425 0 .5 -.253 0 -.204 -.11 0 .5
3 16 .11 0 .5 .255 0 -.204 .427 0 .5
3 16 .638 0 .5 .351 0 -.5 .638 0 -.5
3 16 .155 0 -.5 .001 0 .267 -.156 0 -.5
3 16 -.638 0 -.5 -.351 0 -.5 -.638 0 .5
4 0 .11 0 .5 .001 0 .267 .155 0 -.5 .255 0 -.204
4 0 -.425 0 .5 -.638 0 .5 -.351 0 -.5 -.253 0 -.204
3 0 .255 0 -.204 .155 0 -.5 .351 0 -.5
4 0 -.351 0 -.5 -.156 0 -.5 .001 0 .267 -.253 0 -.204
4 0 .255 0 -.204 .351 0 -.5 .638 0 .5 .427 0 .5
4 0 -.253 0 -.204 .001 0 .267 .11 0 .5 -.11 0 .5
