0 ~Screw  6 x  5 Flat Slotted
0 Name: u9021.dat
0 Author: Guy Vivan [guyvivan]
0 !LICENSE Licensed under CC BY 2.0 and CC BY 4.0 : see CAreadme.txt
0 BFC CERTIFY CCW
1 16 0 6 0 0.487726 0 2.45196 0 1 0 -2.45196 0 0.487726 4-4edge.dat
1 16 0 6 0 0.487726 0 2.45196 0 -1 0 -2.45196 0 0.487726 4-4disc.dat
1 16 0 0 0 0.487726 0 2.45196 0 6 0 -2.45196 0 0.487726 4-4cyli.dat
1 16 0 0 0 0.487726 0 2.45196 0 1 0 -2.45196 0 0.487726 4-4edge.dat
1 16 0 0 0 0.780361 0 3.92314 0 1 0 -3.92314 0 0.780361 4-4edge.dat
1 16 0 0 0 0.780361 0 3.92314 0 -1 0 -3.92314 0 0.780361 4-4disc.dat
1 16 0 -1 0 0.780361 0 3.92314 0 1 0 -3.92314 0 0.780361 4-4cyli.dat
1 16 0 -1.5 0 0.780361 0 3.92314 0 1 0 -3.92314 0 0.780361 7-16edge.dat
1 16 0 -1.5 0 -0.780361 0 -3.92314 0 1 0 3.92314 0 -0.780361 7-16edge.dat
1 16 0 -1 0 -0.780361 0 3.92314 0 1 0 -3.92314 0 -0.780361 1-16edge.dat
1 16 0 -1 0 0.780361 0 -3.92314 0 1 0 3.92314 0 0.780361 1-16edge.dat
2 24 0.780361 -1 -3.92314 0.780361 -1.5 -3.92314
2 24 -0.780361 -1 3.92314 -0.780361 -1.5 3.92314
2 24 -0.781509 -1 -3.92386 -0.781509 -1.5 -3.92386
2 24 0.781509 -1 3.92386 0.781509 -1.5 3.92386
2 24 0.781509 -1 3.92386 0.780361 -1 -3.92314
2 24 -0.781509 -1 -3.92386 -0.780361 -1 3.92314
2 24 0.781509 -1.5 3.92386 0.780361 -1.5 -3.92314
2 24 -0.781509 -1.5 -3.92386 -0.780361 -1.5 3.92314
4 16 -0.781509 -1 -3.92386 -0.780361 -1 3.92314 -0.780361 -1.5 3.92314 -0.781509 -1.5 -3.92386
4 16 0.781509 -1 3.92386 0.780361 -1 -3.92314 0.780361 -1.5 -3.92314 0.781509 -1.5 3.92386
1 16 0 -1.5 0 -0.780361 0 -3.92314 0 1 0 3.92314 0 -0.780361 7-16chrd.dat
1 16 0 -1.5 0 0.780361 0 3.92314 0 1 0 -3.92314 0 0.780361 7-16chrd.dat
1 16 0 -1.5 0 0.780361 0 3.92314 0 0.5 0 -3.92314 0 0.780361 7-16cyli.dat
1 16 0 -1.5 0 -0.780361 0 -3.92314 0 0.5 0 3.92314 0 -0.780361 7-16cyli.dat
1 16 0 -1 0 0.780361 0 -3.92314 0 0.5 0 3.92314 0 0.780361 1-16disc.dat
1 16 0 -1 0 -0.780361 0 3.92314 0 0.5 0 -3.92314 0 -0.780361 1-16disc.dat
3 16 -0.781509 -1 -3.92386 0 -1 0 -0.780361 -1 3.92314
3 16 0.781509 -1 3.92386 0 -1 0 0.780361 -1 -3.92314
