0 Electric Spike Prime Hub 
0 Name: u9393c01.dat
0 Author: Philippe Hurbain [Philo]
0 !LDRAW_ORG Unofficial_Shortcut
0 !LICENSE Redistributable under CCAL version 2.0 : see CAreadme.txt

0 BFC CERTIFY CCW

1 16 0 -70 0 1 0 0 0 1 0 0 0 1 u9393.dat
1 47 40 -79 80 1 0 0 0 1 0 0 0 1 u9394.dat
1 47 0 -78 -80 1 0 0 0 1 0 0 0 1 u9395.dat
1 16 0 -77.7 -80 1 0 0 0 1 0 0 0 1 u9396.dat
1 16 0 -78.7 -80 1 0 0 0 1 0 0 0 1 u9397.dat
1 16 0 -78.7 -80 -1 0 0 0 1 0 0 0 -1 u9397.dat
1 16 40 -78.7 80 1 0 0 0 1 0 0 0 1 u9398.dat
1 494 0 -70 106 -1 0 0 0 0 -1 0 -1 0 u9401.dat
1 14 0 -30 0 1 0 0 0 1 0 0 0 1 u9402.dat
1 71 69 -68 0 0 0 -1 0 1 0 1 0 0 u9320.dat
1 71 69 -68 40 0 0 -1 0 1 0 1 0 0 u9320.dat
1 71 69 -68 -40 0 0 -1 0 1 0 1 0 0 u9320.dat
1 71 -69 -68 0 0 0 1 0 1 0 -1 0 0 u9320.dat
1 71 -69 -68 -40 0 0 1 0 1 0 -1 0 0 u9320.dat
1 71 -69 -68 40 0 0 1 0 1 0 -1 0 0 u9320.dat
1 14 0 -30 0 1 0 0 0 1 0 0 0 1 u9399.dat

0 // See-through blockers
4 14 52 -20 -52 68 -20 -52 68 -20 -68 52 -20 -68
4 14 12 -20 -92 28 -20 -92 28 -20 -108 12 -20 -108
4 14 -68 -20 -68 -68 -20 -52 -52 -20 -52 -52 -20 -68
4 14 -28 -20 -108 -28 -20 -92 -12 -20 -92 -12 -20 -108
4 14 68 -20 68 68 -20 52 52 -20 52 52 -20 68
4 14 28 -20 108 28 -20 92 12 -20 92 12 -20 108
4 14 -52 -20 52 -68 -20 52 -68 -20 68 -52 -20 68
4 14 -12 -20 92 -28 -20 92 -28 -20 108 -12 -20 108
4 14 -50 -53 72 -50 -57 72 -50 -57 88 -50 -53 88
4 14 50 -57 88 50 -57 72 50 -53 72 50 -53 88
4 14 -50 -57 -88 -50 -57 -72 -50 -53 -72 -50 -53 -88
4 14 50 -53 -72 50 -57 -72 50 -57 -88 50 -53 -88
4 15 53 -75 67 53 -75 93 27 -75 93 27 -75 67
4 15 19 -75 -100 19 -75 -60 -20 -75 -60 -20 -75 -100
