0 ~Electric Spike Prime Hub Battery Pack (Needs Work)
0 Name: u9399.dat
0 Author: Philippe Hurbain [Philo]
0 !LDRAW_ORG Unofficial_Part
0 !LICENSE Redistributable under CCAL version 2.0 : see CAreadme.txt

0 BFC CERTIFY CCW

0 // Needs Work: shape is very simplified

1 16 69 20 10 0 -2.636 0 -9 0 0 0 0 9 1-4cylo.dat
2 24 65.364 30 20 64.964 20 19
2 24 65.364 30 20 69 30 20
0 BFC INVERTNEXT
1 16 69 20 10 0 -1 0 -6 0 0 0 0 6 1-4cylo.dat
1 16 69 20 10 0 -1 0 -3 0 0 0 0 3 1-4ring2.dat
1 16 68 20 10 0 -1 0 -6 0 0 0 0 6 1-4chrd.dat
1 16 69 25 18 0 -1 0 0 0 5 -1.5 0 0.5 rect3.dat
1 16 68.5 25 16.5 -0.5 0 0 0 0 5 0 1 0.5 rect2a.dat
1 16 69 20 -10 0 -2.636 0 -9 0 0 0 0 -9 1-4cylo.dat
2 24 65.364 30 -20 64.964 20 -19
2 24 65.364 30 -20 69 30 -20
0 BFC INVERTNEXT
1 16 69 20 -10 0 -1 0 -6 0 0 0 0 -6 1-4cylo.dat
1 16 69 20 -10 0 -1 0 -3 0 0 0 0 -3 1-4ring2.dat
1 16 68 20 -10 0 -1 0 -6 0 0 0 0 -6 1-4chrd.dat
1 16 69 25 -18 0 -1 0 0 0 5 -1.5 0 -0.5 rect3.dat
1 16 68.5 25 -16.5 0 0 -0.5 5 0 0 -0.5 -1 0 rect2a.dat
1 16 67.682 11 0 0 0 1.318 0 1 0 -10 0 0 rect2p.dat
1 16 69 12.5 0 0 -1 0 1.5 0 0 0 0 10 rect1.dat
1 16 68.5 14 0 -0.5 0 0 0 -1 0 0 0 10 rect1.dat
4 16 68 14 10 68 14 -10 68 20 -16 68 20 16
4 16 68 30 17 68 20 16 68 20 -16 68 30 -17
2 24 68 30 -17 68 30 17
4 16 69 30 -20 65.364 30 -20 68 30 -17 69 30 -17
4 16 69 30 17 68 30 17 65.364 30 20 69 30 20
4 16 68 30 17 68 30 -17 65.364 30 -20 65.364 30 20
2 24 65.364 30 -20 65.364 30 20
1 16 68 21 -11 0 0 1 1 0 0 0 22 0 8\2-4cyli.dat
1 16 68 21 11 0 0 1 1 0 0 0 1 0 8\2-8sphe.dat
1 16 68 21 11 0 -1 0 1 0 0 0 0 1 8\2-4edge.dat
1 16 68 21 -11 0 0 1 1 0 0 0 -1 0 8\2-8sphe.dat
1 16 68 21 -11 0 -1 0 1 0 0 0 0 -1 8\2-4edge.dat
2 24 68 20 -11 68 20 11
2 24 68 22 -11 68 22 11
1 16 68 26 -11 0 0 1 1 0 0 0 22 0 8\2-4cyli.dat
1 16 68 26 11 0 0 1 1 0 0 0 1 0 8\2-8sphe.dat
1 16 68 26 11 0 -1 0 1 0 0 0 0 1 8\2-4edge.dat
1 16 68 26 -11 0 0 1 1 0 0 0 -1 0 8\2-8sphe.dat
1 16 68 26 -11 0 -1 0 1 0 0 0 0 -1 8\2-4edge.dat
2 24 68 25 -11 68 25 11
2 24 68 27 -11 68 27 11
1 16 0 3.5 -91 51 0 0 0 0 -26.5 0 1 0 rect.dat
1 16 -33 3.5 91 -18 0 0 0 0 -26.5 0 -1 0 rect.dat
1 16 -13 3.5 93 0 1 2 -26.5 0 0 0 0 2 rect3.dat
1 16 0 3.5 95 0 0 11 -26.5 0 0 0 -1 0 rect3.dat
1 16 13 3.5 93 0 -1 2 -26.5 0 0 0 0 -2 rect3.dat
1 16 33 3.5 91 0 0 18 -26.5 0 0 0 -1 0 rect3.dat
1 16 58.5 3.5 27 0 0 7.5 -26.5 0 0 0 -1 0 rect.dat
1 16 -51 3.5 59 0 1 0 26.5 0 0 0 0 -32 rect3.dat
1 16 66.364 6.5 0 0 -1 0 0 0 -13.5 19 0 0 rect3.dat
1 16 66 3.5 24 0 -1 0 -26.5 0 0 0 0 -3 rect3.dat
1 16 64.5 3.5 21 0 0 -1.5 -26.5 0 0 0 1 0 rect3.dat
1 16 64.682 -7 0 0 0 -1.682 0 1 0 19 0 0 rect3.dat
1 16 58.5 3.5 -27 -7.5 0 0 0 0 26.5 0 1 0 rect.dat
1 16 -51 3.5 -59 0 1 0 -26.5 0 0 0 0 32 rect3.dat
1 16 66 3.5 -24 0 -1 0 26.5 0 0 0 0 3 rect3.dat
1 16 64.5 3.5 -21 0 0 -1.5 26.5 0 0 0 -1 0 rect3.dat
1 16 63 3.5 0 0 -1 0 0 0 -26.5 21 0 0 rect2p.dat
4 16 63 -7 -19 63 -4 -19 65 -4 -19 66.364 -7 -19
4 16 66.364 -7 -19 65 -4 -19 64.964 20 -19 66.364 20 -19
4 16 69 20 -19 66.364 20 -19 65.364 30 -20 69 30 -20
3 16 66.364 20 -19 64.964 20 -19 65.364 30 -20
2 24 63 -7 -19 63 -4 -19
4 16 65 -4 19 63 -4 19 63 -7 19 66.364 -7 19
4 16 64.964 20 19 65 -4 19 66.364 -7 19 66.364 20 19
4 16 65.364 30 20 66.364 20 19 69 20 19 69 30 20
3 16 64.964 20 19 66.364 20 19 65.364 30 20
2 24 63 -7 19 63 -4 19
4 16 65.364 30 -20 64.964 20 -19 64.964 20 19 65.364 30 20
1 16 64.982 8 0 0 1 0.018 0 0 -12 -19 0 0 rect3.dat
1 16 64 -4 0 0 0 -1 0 -1 0 -19 0 0 rect3.dat
4 16 66 30 21 63 30 21 51 30 27 66 30 27
4 16 66 30 -27 51 30 -27 63 30 -21 66 30 -21
4 16 -15 30 91 -11 30 95 11 30 95 15 30 91
4 16 51 -23 27 63 -23 21 66 -23 21 66 -23 27
4 16 63 -23 -21 51 -23 -27 66 -23 -27 66 -23 -21
4 16 51 -23 -27 63 -23 -21 63 -23 21 51 -23 27
4 16 63 30 -21 51 30 -27 51 30 27 63 30 21
1 16 -58.5 3.5 27 0 0 -7.5 26.5 0 0 0 -1 0 rect3.dat
1 16 -66 3.5 24 0 1 0 26.5 0 0 0 0 -3 rect3.dat
1 16 -64.5 3.5 21 0 0 1.5 26.5 0 0 0 1 0 rect3.dat
1 16 -58.5 3.5 -27 0 0 -7.5 -26.5 0 0 0 1 0 rect3.dat
1 16 -66 3.5 -24 0 1 0 -26.5 0 0 0 0 3 rect3.dat
1 16 -64.5 3.5 -21 0 0 1.5 -26.5 0 0 0 -1 0 rect3.dat
1 16 -63 3.5 0 0 1 0 0 0 -26.5 -21 0 0 rect2p.dat
4 16 -51 30 27 -63 30 21 -66 30 21 -66 30 27
4 16 -63 30 -21 -51 30 -27 -66 30 -27 -66 30 -21
4 16 -66 -23 21 -63 -23 21 -51 -23 27 -66 -23 27
4 16 -66 -23 -27 -51 -23 -27 -63 -23 -21 -66 -23 -21
4 16 -63 -23 21 -63 -23 -21 -51 -23 -27 -51 -23 27
4 16 -51 30 27 -51 30 -27 -63 30 -21 -63 30 21
5 24 -69 11 10 -66.364 11 10 -69 11.6849 13.4443 -69 11 1
5 24 -69 20 19 -66.364 20 19 -69 16.5557 18.3151 -69 29 19
2 24 -65.364 30 20 -64.964 20 19
2 24 -65.364 30 20 -69 30 20
5 24 -69 14 10 -68 14 10 -69 14.4566 12.2962 -69 14 4
5 24 -69 20 16 -68 20 16 -69 17.7038 15.5434 -69 26 16
2 24 -68 30 17 -68 20 16
2 24 -68 30 17 -69 30 17
1 16 -69 25 18 0 1 0 0 0 5 1.5 0 0.5 rect3.dat
4 16 -68 30 17 -68 20 16 -69 20 16 -69 30 17
5 24 -69 11 -10 -66.364 11 -10 -69 11.6849 -13.4443 -69 11 -1
5 24 -69 20 -19 -66.364 20 -19 -69 16.5557 -18.3151 -69 29 -19
2 24 -65.364 30 -20 -64.964 20 -19
2 24 -65.364 30 -20 -69 30 -20
5 24 -69 20 -16 -68 20 -16 -69 17.7038 -15.5434 -69 26 -16
5 24 -69 14 -10 -68 14 -10 -69 14.4566 -12.2962 -69 14 -4
2 24 -68 30 -17 -68 20 -16
2 24 -68 30 -17 -69 30 -17
1 16 -69 25 -18 0 1 0 0 0 5 1.5 0 -0.5 rect3.dat
4 16 -69 20 -16 -68 20 -16 -68 30 -17 -69 30 -17
4 16 -69 11 -10 -66.364 11 -10 -66.364 11 10 -69 11 10
1 16 -69 12.5 0 0 1 0 0 0 1.5 10 0 0 rect2p.dat
4 16 -68 14 10 -68 14 -10 -69 14 -10 -69 14 10
2 24 -68 14 -10 -68 14 10
2 24 -66.364 11 -10 -66.364 11 10
4 16 -68 20 -16 -68 14 -10 -68 14 10 -68 20 16
4 16 -68 20 -16 -68 20 16 -68 30 17 -68 30 -17
2 24 -68 30 -17 -68 30 17
4 16 -68 30 -17 -65.364 30 -20 -69 30 -20 -69 30 -17
4 16 -65.364 30 20 -68 30 17 -69 30 17 -69 30 20
4 16 -65.364 30 -20 -68 30 -17 -68 30 17 -65.364 30 20
2 24 -65.364 30 -20 -65.364 30 20
1 16 -66.364 6.5 0 0 1 0 0 0 -13.5 -19 0 0 rect3.dat
1 16 -64.682 -7 0 0 0 1.682 0 1 0 -19 0 0 rect3.dat
4 16 -65 -4 -19 -63 -4 -19 -63 -7 -19 -66.364 -7 -19
4 16 -64.964 20 -19 -65 -4 -19 -66.364 -7 -19 -66.364 20 -19
4 16 -65.364 30 -20 -66.364 20 -19 -69 20 -19 -69 30 -20
3 16 -64.964 20 -19 -66.364 20 -19 -65.364 30 -20
2 24 -63 -7 -19 -63 -4 -19
4 16 -63 -7 19 -63 -4 19 -65 -4 19 -66.364 -7 19
4 16 -66.364 -7 19 -65 -4 19 -64.964 20 19 -66.364 20 19
4 16 -69 20 19 -66.364 20 19 -65.364 30 20 -69 30 20
3 16 -66.364 20 19 -64.964 20 19 -65.364 30 20
2 24 -63 -7 19 -63 -4 19
4 16 -64.964 20 19 -64.964 20 -19 -65.364 30 -20 -65.364 30 20
1 16 -64.982 8 0 0 -1 -0.018 0 0 -12 19 0 0 rect3.dat
1 16 -64 -4 0 0 0 1 0 -1 0 19 0 0 rect3.dat
1 16 -68 21 -11 0 0 -1 1 0 0 0 22 0 8\2-4cyli.dat
1 16 -68 21 11 0 0 -1 1 0 0 0 1 0 8\2-8sphe.dat
1 16 -68 21 11 0 1 0 1 0 0 0 0 1 8\2-4edge.dat
1 16 -68 21 -11 0 0 -1 1 0 0 0 -1 0 8\2-8sphe.dat
1 16 -68 21 -11 0 1 0 1 0 0 0 0 -1 8\2-4edge.dat
2 24 -68 20 -11 -68 20 11
2 24 -68 22 -11 -68 22 11
1 16 -68 26 -11 0 0 -1 1 0 0 0 22 0 8\2-4cyli.dat
1 16 -68 26 11 0 0 -1 1 0 0 0 1 0 8\2-8sphe.dat
1 16 -68 26 11 0 1 0 1 0 0 0 0 1 8\2-4edge.dat
1 16 -68 26 -11 0 0 -1 1 0 0 0 -1 0 8\2-8sphe.dat
1 16 -68 26 -11 0 1 0 1 0 0 0 0 -1 8\2-4edge.dat
2 24 -68 25 -11 -68 25 11
2 24 -68 27 -11 -68 27 11
1 16 -69 20 10 0 2.636 0 -9 0 0 0 0 9 1-4cylo.dat
0 BFC INVERTNEXT
1 16 -69 20 10 0 1 0 -6 0 0 0 0 6 1-4cylo.dat
1 16 -69 20 10 0 1 0 -3 0 0 0 0 3 1-4ring2.dat
1 16 -68 20 10 0 1 0 -6 0 0 0 0 6 1-4chrd.dat
1 16 -69 20 -10 0 2.636 0 -9 0 0 0 0 -9 1-4cylo.dat
0 BFC INVERTNEXT
1 16 -69 20 -10 0 1 0 -6 0 0 0 0 -6 1-4cylo.dat
1 16 -69 20 -10 0 1 0 -3 0 0 0 0 -3 1-4ring2.dat
1 16 -68 20 -10 0 1 0 -6 0 0 0 0 -6 1-4chrd.dat
1 16 51 3.5 59 0 -1 0 0 0 26.5 -32 0 0 rect2p.dat
1 16 51 3.5 -59 0 -1 0 0 0 26.5 -32 0 0 rect2p.dat
4 16 11 -23 95 -11 -23 95 -15 -23 91 15 -23 91
4 16 -51 -23 91 -51 -23 27 51 -23 27 51 -23 91
4 16 -51 -23 27 -51 -23 -27 51 -23 -27 51 -23 27
4 16 -51 -23 -27 -51 -23 -91 51 -23 -91 51 -23 -27
4 16 51 30 91 51 30 27 -51 30 27 -51 30 91
4 16 51 30 27 51 30 -27 -51 30 -27 -51 30 27
4 16 51 30 -27 51 30 -91 -51 30 -91 -51 30 -27
