0 ~Sticker System US-Flag Pattern - Star
0 Name: s\004159e1.dat
0 Author: Willy Tschager [Holly-Wood]
0 !LICENSE Licensed under CC BY 4.0 : see CAreadme.txt
0 BFC CERTIFY CW
3 15 -0.244 0 0.225 0 0 1 0.244 0 0.225
3 15 0.244 0 0.225 1 0 0.225 0.389 0 -0.235
3 15 0.389 0 -0.235 0.63 0 -1 0 0 -0.527
3 15 0 0 -0.527 -0.63 0 -1 -0.389 0 -0.235
3 15 -0.389 0 -0.235 -1 0 0.226 -0.244 0 0.225
4 15 0.389 0 -0.235 -0.389 0 -0.235 -0.244 0 0.225 0.244 0 0.225
3 15 0.389 0 -0.235 0 0 -0.527 -0.389 0 -0.235
4 16 1 0 1 1 0 0.225 0.244 0 0.225 0 0 1
4 16 0.63 0 -1 0.389 0 -0.235 1 0 0.225 1 0 -1
3 16 -0.63 0 -1 0 0 -0.527 0.63 0 -1
4 16 -1 0 0.226 -0.389 0 -0.235 -0.63 0 -1 -1 0 -1
4 16 -1 0 1 0 0 1 -0.244 0 0.225 -1 0 0.226
