0 ~Electric Brick  4 x  4 x  0.667 Round - Top
0 Name: s\18602s01.dat
0 Author: Evert-Jan Boer [ejboer]
0 !LDRAW_ORG Unofficial_Subpart
0 !LICENSE Redistributable under CCAL version 2.0 : see CAreadme.txt

0 BFC CERTIFY CCW

1 16 0 8 0 1 0 0 0 -1 0 0 0 -1 48\4-4rin37.dat
1 16 0 8 0 1 0 0 0 -1 0 0 0 -1 48\4-4ring38.dat
1 16 0 8 0 0 0 1 0 -1 0 1 0 0 48\1-4rin39.dat
1 16 0 8 0 1 0 0 0 -1 0 0 0 -1 48\1-4rin39.dat
1 16 0 8 0 0 0 -1 0 -1 0 -1 0 0 48\1-4rin39.dat
1 16 0 8 0 -1 0 0 0 -1 0 0 0 1 48\1-4rin39.dat
0 BFC INVERTNEXT
1 16 0 5.5 0 37 0 0 0 2.5 0 0 0 37 48\4-4cylo.dat
0 BFC INVERTNEXT
1 16 0 -5.5 0 36 0 0 0 10 0 0 0 36 48\4-4cylo.dat
1 16 0 -5.5 0 36 0 0 0 -1 0 0 0 -36 48\4-4disc.dat
1 16 0 -8 0 40 0 0 0 16 0 0 0 40 48\4-4cylo.dat
0 BFC INVERTNEXT
1 16 0 5.5 0 0 0 -1 0 -1 0 1 0 0 48\1-4con36.dat
0 BFC INVERTNEXT
1 16 0 5.5 0 0 0 1 0 -1 0 1 0 0 48\1-4con36.dat
0 BFC INVERTNEXT
1 16 0 5.5 0 1 0 0 0 -1 0 0 0 -1 48\1-4con36.dat
0 BFC INVERTNEXT
1 16 0 5.5 0 0 0 -1 0 -1 0 -1 0 0 48\1-4con36.dat
0 BFC INVERTNEXT
1 16 0 -5.5 0 15.706 0 6.5056 0 6 0 -6.5056 0 15.706 48\1-8cylo.dat
1 16 0 -5.5 0 17.3205 0 10 0 6 0 -10 0 17.3205 48\1-12cylo.dat
1 16 0 -5.5 0 20 0 0 0 6 0 0 0 20 48\1-12cylo.dat
4 16 18.4765 0.5 -7.6537 17.3205 0.5 -10 15.706 0.5 -6.5056 16.4199 0.5 -4.4
4 16 19.3179 0.5 -5.1764 18.4765 0.5 -7.6537 16.4199 0.5 -4.4 16.8541 0.5 -2.2191
4 16 19.8294 0.5 -2.6104 19.3179 0.5 -5.1764 16.8541 0.5 -2.2191 17 0.5 0
4 16 16.4217 0.5 4.4003 15.7058 0.5 6.5056 17.32 0.5 10 18.478 0.5 7.654
4 16 16.4217 0.5 4.4003 18.478 0.5 7.654 19.318 0.5 5.176 16.8542 0.5 2.2192
4 16 16.8542 0.5 2.2192 19.318 0.5 5.176 19.828 0.5 2.61 17 0.5 0
4 16 20 0.5 0 19.8294 0.5 -2.6104 17 0.5 0 19.828 0.5 2.61
4 16 17.32 0.5 10 15.7058 0.5 6.5056 15.7058 -5.5 6.5056 17.32 -5.5 10
4 16 15.706 0.5 -6.5056 17.3205 0.5 -10 17.3205 -5.5 -10 15.706 -5.5 -6.5056
2 24 15.7058 0.5 6.5056 17.32 0.5 10
2 24 17.32 0.5 10 17.32 -5.5 10
2 24 17.32 -5.5 10 15.7058 -5.5 6.5056
2 24 15.7058 -5.5 6.5056 15.7058 0.5 6.5056
2 24 17.3205 0.5 -10 15.706 0.5 -6.5056
2 24 15.706 0.5 -6.5056 15.706 -5.5 -6.5056
2 24 17.3205 0.5 -10 17.3205 -5.5 -10
2 24 17.3205 -5.5 -10 15.706 -5.5 -6.5056
0 BFC INVERTNEXT
1 16 0 -5.5 0 6.5056 0 -15.706 0 6 0 15.706 0 6.5056 48\1-8cylo.dat
1 16 0 -5.5 0 10 0 -17.3205 0 6 0 17.3205 0 10 48\1-12cylo.dat
1 16 0 -5.5 0 0 0 -20 0 6 0 20 0 0 48\1-12cylo.dat
4 16 7.6537 0.5 18.4765 10 0.5 17.3205 6.5056 0.5 15.706 4.4 0.5 16.4199
4 16 5.1764 0.5 19.3179 7.6537 0.5 18.4765 4.4 0.5 16.4199 2.2191 0.5 16.8541
4 16 2.6104 0.5 19.8294 5.1764 0.5 19.3179 2.2191 0.5 16.8541 0 0.5 17
4 16 -4.4003 0.5 16.4217 -6.5056 0.5 15.7058 -10 0.5 17.32 -7.654 0.5 18.478
4 16 -4.4003 0.5 16.4217 -7.654 0.5 18.478 -5.176 0.5 19.318 -2.2192 0.5 16.8542
4 16 -2.2192 0.5 16.8542 -5.176 0.5 19.318 -2.61 0.5 19.828 0 0.5 17
4 16 -0 0.5 20 2.6104 0.5 19.8294 0 0.5 17 -2.61 0.5 19.828
4 16 -10 0.5 17.32 -6.5056 0.5 15.7058 -6.5056 -5.5 15.7058 -10 -5.5 17.32
4 16 6.5056 0.5 15.706 10 0.5 17.3205 10 -5.5 17.3205 6.5056 -5.5 15.706
2 24 -6.5056 0.5 15.7058 -10 0.5 17.32
2 24 -10 0.5 17.32 -10 -5.5 17.32
2 24 -10 -5.5 17.32 -6.5056 -5.5 15.7058
2 24 -6.5056 -5.5 15.7058 -6.5056 0.5 15.7058
2 24 10 0.5 17.3205 6.5056 0.5 15.706
2 24 6.5056 0.5 15.706 6.5056 -5.5 15.706
2 24 10 0.5 17.3205 10 -5.5 17.3205
2 24 10 -5.5 17.3205 6.5056 -5.5 15.706
0 BFC INVERTNEXT
1 16 0 -5.5 0 -15.706 0 -6.5056 0 6 0 6.5056 0 -15.706 48\1-8cylo.dat
1 16 0 -5.5 0 -17.3205 0 -10 0 6 0 10 0 -17.3205 48\1-12cylo.dat
1 16 0 -5.5 0 -20 0 0 0 6 0 0 0 -20 48\1-12cylo.dat
4 16 -18.4765 0.5 7.6537 -17.3205 0.5 10 -15.706 0.5 6.5056 -16.4199 0.5 4.4
4 16 -19.3179 0.5 5.1764 -18.4765 0.5 7.6537 -16.4199 0.5 4.4 -16.8541 0.5 2.2191
4 16 -19.8294 0.5 2.6104 -19.3179 0.5 5.1764 -16.8541 0.5 2.2191 -17 0.5 0
4 16 -16.4217 0.5 -4.4003 -15.7058 0.5 -6.5056 -17.32 0.5 -10 -18.478 0.5 -7.654
4 16 -16.4217 0.5 -4.4003 -18.478 0.5 -7.654 -19.318 0.5 -5.176 -16.8542 0.5 -2.2192
4 16 -16.8542 0.5 -2.2192 -19.318 0.5 -5.176 -19.828 0.5 -2.61 -17 0.5 0
4 16 -20 0.5 -0 -19.8294 0.5 2.6104 -17 0.5 0 -19.828 0.5 -2.61
4 16 -17.32 0.5 -10 -15.7058 0.5 -6.5056 -15.7058 -5.5 -6.5056 -17.32 -5.5 -10
4 16 -15.706 0.5 6.5056 -17.3205 0.5 10 -17.3205 -5.5 10 -15.706 -5.5 6.5056
2 24 -15.7058 0.5 -6.5056 -17.32 0.5 -10
2 24 -17.32 0.5 -10 -17.32 -5.5 -10
2 24 -17.32 -5.5 -10 -15.7058 -5.5 -6.5056
2 24 -15.7058 -5.5 -6.5056 -15.7058 0.5 -6.5056
2 24 -17.3205 0.5 10 -15.706 0.5 6.5056
2 24 -15.706 0.5 6.5056 -15.706 -5.5 6.5056
2 24 -17.3205 0.5 10 -17.3205 -5.5 10
2 24 -17.3205 -5.5 10 -15.706 -5.5 6.5056
0 BFC INVERTNEXT
1 16 0 -5.5 0 -6.5056 0 15.706 0 6 0 -15.706 0 -6.5056 48\1-8cylo.dat
1 16 0 -5.5 0 -10 0 17.3205 0 6 0 -17.3205 0 -10 48\1-12cylo.dat
1 16 0 -5.5 0 0 0 20 0 6 0 -20 0 0 48\1-12cylo.dat
4 16 -7.6537 0.5 -18.4765 -10 0.5 -17.3205 -6.5056 0.5 -15.706 -4.4 0.5 -16.4199
4 16 -5.1764 0.5 -19.3179 -7.6537 0.5 -18.4765 -4.4 0.5 -16.4199 -2.2191 0.5 -16.8541
4 16 -2.6104 0.5 -19.8294 -5.1764 0.5 -19.3179 -2.2191 0.5 -16.8541 0 0.5 -17
4 16 4.4003 0.5 -16.4217 6.5056 0.5 -15.7058 10 0.5 -17.32 7.654 0.5 -18.478
4 16 4.4003 0.5 -16.4217 7.654 0.5 -18.478 5.176 0.5 -19.318 2.2192 0.5 -16.8542
4 16 2.2192 0.5 -16.8542 5.176 0.5 -19.318 2.61 0.5 -19.828 0 0.5 -17
4 16 0 0.5 -20 -2.6104 0.5 -19.8294 0 0.5 -17 2.61 0.5 -19.828
4 16 10 0.5 -17.32 6.5056 0.5 -15.7058 6.5056 -5.5 -15.7058 10 -5.5 -17.32
4 16 -6.5056 0.5 -15.706 -10 0.5 -17.3205 -10 -5.5 -17.3205 -6.5056 -5.5 -15.706
2 24 6.5056 0.5 -15.7058 10 0.5 -17.32
2 24 10 0.5 -17.32 10 -5.5 -17.32
2 24 10 -5.5 -17.32 6.5056 -5.5 -15.7058
2 24 6.5056 -5.5 -15.7058 6.5056 0.5 -15.7058
2 24 -10 0.5 -17.3205 -6.5056 0.5 -15.706
2 24 -6.5056 0.5 -15.706 -6.5056 -5.5 -15.706
2 24 -10 0.5 -17.3205 -10 -5.5 -17.3205
2 24 -10 -5.5 -17.3205 -6.5056 -5.5 -15.706
