0 ~Brick  6 x  6 Round with Holes -  1/8
0 Name: s\18897s01.dat
0 Author: Massimo Maso [Sirio]
0 !LDRAW_ORG Unofficial_Subpart
0 !LICENSE Redistributable under CCAL version 2.0 : see CAreadme.txt

0 BFC CERTIFY CCW

0 // Deformed stud at 20, 20
0 // Primitives
1 16 20 24 20 -1.4142 0 1.4142 0 -1 0 -1.4142 0 -1.4142 1-4ring3.dat
0 BFC INVERTNEXT
1 16 20 4 20 -4.2426 0 4.2426 0 20 0 -4.2426 0 -4.2426 1-4cylo.dat
1 16 20 4 20 -5.6569 0 5.6569 0 20 0 -5.6569 0 -5.6569 1-4cylo.dat
0 // Faces
4 16 24.8587 24 16.6793 27.2384 24 16.7101 25.6569 24 14.3431 24.2426 24 15.7574
4 16 27.2384 24 16.7101 24.8587 24 16.6793 23.8006 24 18.2628 25.3873 24 19.4804
4 16 25.3873 24 19.4804 23.8006 24 18.2628 21.2132 24 21.2132 22.6274 24 22.6274
4 16 24.2426 24 15.7574 24.2426 4 15.7574 24.8587 4 16.6793 24.8587 24 16.6793
4 16 24.8587 24 16.6793 24.8587 4 16.6793 23.8006 4 18.2628 23.8006 24 18.2628
4 16 23.8006 24 18.2628 23.8006 4 18.2628 21.2132 4 21.2132 21.2132 24 21.2132
4 16 27.2384 24 16.7101 27.2384 4 16.7101 25.6569 4 14.3131 25.6569 24 14.3431
4 16 25.3873 24 19.4804 25.3873 4 19.4804 27.2384 4 16.7101 27.2384 24 16.7101
4 16 22.6274 24 22.6274 22.6274 4 22.6274 25.3873 4 19.4804 25.3873 24 19.4804
0 // Edge lines
1 16 0 24 0 23.8006 0 -18.2628 0 1 0 18.2628 0 23.8006 48\1-48edge.dat
1 16 0 24 0 25.3873 0 -19.4804 0 1 0 19.4804 0 25.3873 48\1-48edge.dat
1 16 0 4 0 23.8006 0 -18.2628 0 1 0 18.2628 0 23.8006 48\1-48edge.dat
1 16 0 4 0 25.3873 0 -19.4804 0 1 0 19.4804 0 25.3873 48\1-48edge.dat
2 24 24.2426 24 15.7574 24.8587 24 16.6793
2 24 24.8587 24 16.6793 23.8006 24 18.2628
2 24 25.6569 24 14.3431 27.2384 24 16.7101
2 24 27.2384 24 16.7101 25.3873 24 19.4804
2 24 24.2426 4 15.7574 24.8587 4 16.6793
2 24 24.8587 4 16.6793 23.8006 4 18.2628
2 24 25.6569 4 14.3431 27.2384 4 16.7101
2 24 27.2384 4 16.7101 25.3873 4 19.4804
2 24 24.8587 24 16.6793 24.8587 4 16.6793
2 24 27.2384 24 16.7101 27.2384 4 16.7101
0 // Conditional lines
5 24 23.8006 24 18.2628 23.8006 4 18.2628 24.8587 24 16.6793 21.2132 24 21.2132
5 24 21.2132 24 21.2132 21.2132 4 21.2132 23.8006 24 18.2628 18.2628 24 23.8006
5 24 25.3873 24 19.4804 25.3873 4 19.4804 27.2384 24 16.7101 22.6274 24 22.6274
5 24 22.6274 24 22.6274 22.6274 4 22.6274 25.3873 24 19.4804 19.4804 24 25.3873
0 // Space for stud at 50, 30
4 16 48.0867 20 35.7991 44.768 20 33.5815 44.768 24 33.5815 48.0867 24 35.7991
4 16 51.9615 20 30 48.4974 20 28 44.768 20 33.5815 48.0867 20 35.7991
4 16 54.2259 20 25.4084 50.6461 20 23.643 48.4974 20 28 51.9615 20 30
4 16 54.2259 20 25.4084 54.2259 24 25.4084 50.6461 24 23.643 50.6461 20 23.643
0 // Space for stud at 50,10
0 // Primitives
0 BFC INVERTNEXT
1 16 50 20 10 5.5433 0 2.2961 0 4 0 -2.2961 0 5.5433 3-16cylo.dat
1 16 50 20 10 5.5433 0 2.2961 0 -1 0 -2.2961 0 5.5433 3-16chrd.dat
0 // Faces
4 16 54.1264 20 14.3203 54.1264 24 14.3203 54.2426 24 14.2426 54.2426 20 14.2426
4 16 55.5433 20 7.7039 55.5433 24 7.7039 55.4656 24 7.5876 55.4656 20 7.5876
4 16 54.2426 20 14.2426 55.5433 20 7.7039 55.4656 20 7.5876 54.1264 20 14.3203
0 // Edge lines
2 24 54.1264 24 14.3203 54.2426 24 14.2426
2 24 55.5433 24 7.7039 55.4656 24 7.5876
2 24 54.1264 20 14.3203 55.4656 20 7.5876
2 24 54.1264 20 14.3203 54.2426 20 14.2426
2 24 55.5433 20 7.7039 55.4656 20 7.5876
0 // Deformed stud at 40, 0
0 // Primitives
1 16 40 24 0 2 0 0 0 -1 0 0 0 2 1-8ring3.dat
0 BFC INVERTNEXT
1 16 40 24 0 6 0 0 0 -5 0 0 0 6 3-16cyli.dat
1 16 40 24 0 8 0 0 0 -5 0 0 0 8 1-8cyli.dat
0 // Faces
4 16 44 24 8 42.2961 24 5.5433 42 24 5.6022 42 24 8
3 16 44 24 6.7639 42.2961 24 5.5433 44 24 8
4 16 45.6569 24 5.6569 44.2426 24 4.2426 42.2961 24 5.5433 44 24 6.7639
3 16 45.5433 18.5433 2.2961 45.5433 19 2.2961 46 19 0
3 16 44.2426 19 4.2426 45.5433 19 2.2961 44.762 18.3149 3.4442
3 16 45.5433 19 2.2961 45.5433 18.5433 2.2961 44.762 18.3149 3.4442
5 24 45.5433 19 2.2961 44.762 18.3149 3.4442 44.2426 19 4.2426 45.5433 18.5433 2.2961
3 16 44.2426 17.7814 4.2426 44.2426 19 4.2426 44.762 18.3149 3.4442
4 16 42.2961 19 5.5433 44.2426 19 4.2426 44.2426 17.7814 4.2426 42.2961 16.9123 5.5433
3 16 42 16.873 5.6022 42.2961 19 5.5433 42.2961 16.9123 5.5433
4 16 42 24 5.6022 42.2961 24 5.5433 42.2961 19 5.5433 42 16.873 5.6022
4 16 42 24 8 42 24 5.6022 42 16.873 5.6022 42 16.364 6.364
3 16 42 24 8 42 16.364 6.364 42 13.9155 8
4 16 44 24 8 42 24 8 42 13.9155 8 44 13.9155 8
4 16 44 13.9155 8 44 15.7654 6.7639 44 24 6.7639 44 24 8
4 16 44 15.7654 6.7639 45.6569 19 5.6569 45.6569 24 5.6569 44 24 6.7639
3 16 44 15.7654 6.7639 44.5986 16.364 6.364 45.6569 19 5.6569
3 16 45.6569 19 5.6569 44.5986 16.364 6.364 45.6569 16.8364 5.6569
4 16 45.6569 16.8364 5.6569 47.1353 18.3149 3.4442 47.391 19 3.0615 45.6569 19 5.6569
3 16 47.391 19 3.0615 47.1353 18.3149 3.4442 47.391 18.391 3.0615
3 16 47.391 18.391 3.0615 48 19 0 47.391 19 3.0615
0 // Edge lines
1 16 40 24 0 6 0 0 0 1 0 0 0 6 3-16edge.dat
1 16 40 24 0 8 0 0 0 1 0 0 0 8 1-8edge.dat
1 16 42 10 0 0 1 0 9 0 0 0 0 9 1-16edge.dat
2 24 42.2961 24 5.5433 42 24 5.6022
2 24 42 24 5.6022 42 24 8
2 24 42 24 8 44 24 8
2 24 44 24 8 44 24 6.7639
2 24 44 24 6.7639 45.6569 24 5.6969
2 24 42 24 5.6022 42 16.873 5.6022
2 24 42 24 8 42 13.9155 8
2 24 44 24 8 44 13.9155 8
2 24 44 24 6.7639 44 15.7654 6.7639
2 24 42 18.3149 3.4442 42 16.873 5.6022
2 24 42 16.873 5.6022 42.2961 16.9123 5.5433
2 24 42.2961 16.9123 5.5433 44.2426 17.7814 4.2426
2 24 44.2426 17.7814 4.2426 44.7762 18.3149 3.4442
2 24 44.7762 18.3149 3.4442 45.5433 18.5433 2.2961
2 24 45.5433 18.5433 2.2961 46 19 0
2 24 42 13.9155 8 44 13.9155 8
2 24 44 13.9155 8 44 15.7654 6.7639
2 24 44 15.7654 6.7639 44.5986 16.364 6.364
2 24 44.5986 16.364 6.364 45.6569 16.8364 5.6569
2 24 45.6569 16.8364 5.6569 47.1353 18.3149 3.4442
2 24 47.1353 18.3149 3.4442 47.391 18.391 3.0615
2 24 47.391 18.391 3.0615 48 19 0
0 // Conditional lines
5 24 45.5433 19 2.2961 45.5433 18.5433 2.2961 46 19 0 44.2426 19 4.2426
5 24 44.2426 19 4.2426 44.2426 17.7814 4.2426 45.5433 19 2.2961 42.2961 19 5.5433
5 24 42.2961 19 5.5433 42.2961 16.9123 5.5433 44.2426 19 4.2426 42 19 5.6022
5 24 47.391 19 3.0615 47.391 18.391 3.0615 48 19 0 45.6569 19 5.6569
5 24 45.6569 19 5.6569 45.6569 16.8364 5.6569 47.391 19 3.0615 44 19 6.7639
0 // Base
0 // Primitives
1 16 0 24 0 60 0 0 0 -1 0 0 0 60 48\1-16chrd.dat
0 // Faces
4 16 47.6012 24 36.5257 44.4278 24 34.0906 39.598 24 39.598 42.4264 24 42.4264
4 16 48.0867 24 35.7991 44.768 24 33.5815 44.4278 24 34.0906 47.6012 24 36.5257
4 16 55.4328 24 22.961 51.7373 24 21.4303 50.6461 24 23.643 54.2259 24 25.4084
3 16 54.0918 24 14.4939 51.7373 24 21.4303 55.4328 24 22.961
4 16 54.2426 24 14.2426 54.1264 24 14.3203 54.0918 24 14.4939 55.4328 24 22.961
3 16 55.5433 24 12.2961 54.2426 24 14.2426 55.4328 24 22.961
4 16 55.4328 24 22.961 60 24 0 56 24 10 55.5433 24 12.2961
3 16 60 24 0 55.5433 24 7.7039 56 24 10
4 16 55.5209 24 7.3095 55.4656 24 7.5876 55.5433 24 7.7039 60 24 0
3 16 60 24 0 56 24 0 55.5209 24 7.3095
0 // Edge lines
1 16 0 24 0 44.4278 0 -34.0906 0 1 0 34.0906 0 44.4278 48\1-48edge.dat
1 16 0 24 0 47.6012 0 -36.5257 0 1 0 36.5257 0 47.6012 48\1-48edge.dat
2 24 44.4278 24 34.0906 44.768 24 33.5815
2 24 44.768 24 33.5815 48.0867 24 35.7991
2 24 48.0867 24 35.7991 47.6012 24 36.5257
2 24 50.6461 24 23.643 54.2259 24 25.4084
2 24 50.6461 24 23.643 51.7373 24 21.4303
2 24 51.7373 24 21.4303 54.0918 24 14.4939
2 24 54.0918 24 14.4939 54.1264 24 14.3203
2 24 55.4656 24 7.5876 55.5209 24 7.3095
2 24 55.5209 24 7.3095 56 24 0
2 24 60 24 0 59.4867 24 7.8316
2 24 59.4867 24 7.8316 57.9555 24 15.5291
2 24 57.9555 24 15.5291 55.4328 24 22.961
2 24 55.4328 24 22.961 54.2259 24 25.4084
0 // Internal cylindrical surface
0 // Faces
4 16 39.598 4 39.598 39.598 20 39.598 44.4278 20 34.0906 44.4278 4 34.0906
4 16 39.598 20 39.598 39.598 24 39.598 44.4278 24 34.0906 44.4278 20 34.0906
4 16 44.4278 4 34.0906 44.4278 20 34.0906 44.768 20 33.5815 44.768 4 33.5815
4 16 44.4278 20 34.0906 44.4278 24 34.0906 44.768 24 33.5815 44.768 20 33.5815
4 16 44.768 4 33.5815 44.768 20 33.5815 48.4974 20 28 48.4974 4 28
4 16 48.4974 4 28 48.4974 20 28 50.6461 20 23.643 50.6461 4 23.643
4 16 50.6461 4 23.643 50.6461 20 23.643 51.7373 20 21.4303 51.7373 4 21.4303
4 16 50.6461 20 23.643 50.6461 24 23.643 51.7373 24 21.4303 51.7373 20 21.4303
4 16 51.7373 4 21.4303 51.7373 20 21.4303 54.0918 20 14.4939 54.0918 4 14.4939
4 16 51.7373 20 21.4303 51.7373 24 21.4303 54.0918 24 14.4939 54.0918 20 14.4939
4 16 54.0918 4 14.4939 54.0918 20 14.4939 55.1846 10 9 55.1846 4 9
4 16 55.1846 10 9 54.0918 20 14.4939 54.1264 20 14.3203 55.3209 13.4442 8.3149
3 16 55.3209 13.4442 8.3149 54.1264 20 14.3203 55.4656 20 7.5876
4 16 54.0918 20 14.4939 54.0918 24 14.4939 54.1264 24 14.3203 54.1264 20 14.3203
4 16 55.4656 20 7.5876 55.4656 24 7.5876 55.5209 24 7.3095 55.5209 20 7.3095
4 16 55.3209 13.4442 8.3149 55.4656 20 7.5876 55.5209 20 7.3095 55.5209 14.9489 7.3095
4 16 55.5209 20 7.3095 55.5209 24 7.3095 56 24 0 56 20 0
4 16 55.7743 18.3149 3.4442 55.5209 20 7.3095 56 20 0 56 19 0
3 16 55.5209 20 7.3095 55.7743 18.3149 3.4442 55.5829 16.364 6.364
3 16 55.5209 20 7.3095 55.5829 16.364 6.364 55.5209 14.9489 7.3095
0 // Edge lines
1 16 0 4 0 54.0918 0 -14.4939 0 1 0 14.4939 0 54.0918 48\1-12edge.dat
2 24 44.768 24 33.5815 44.768 20 33.5815
2 24 48.0867 24 35.7991 48.0867 20 35.7991
2 24 44.768 20 33.5815 48.0867 20 35.7991
2 24 44.768 20 33.5815 48.4974 20 28
2 24 48.4974 20 28 50.6461 20 23.643
2 24 50.6461 20 23.643 54.2259 20 25.4084
2 24 54.2259 20 25.4084 51.9615 20 30
2 24 51.9615 20 30 48.0867 20 35.7991
2 24 50.6461 24 23.643 50.6461 20 23.643
2 24 54.2259 24 25.4084 54.2259 20 25.4084
2 24 54.1264 24 14.3203 54.1264 20 14.3203
2 24 55.4656 24 7.5876 55.4656 20 7.5876
2 24 54.0918 4 14.4939 55.1846 4 9
0 // Conditional lines
5 24 39.598 4 39.598 39.598 24 39.598 44.4278 4 34.0906 34.0906 4 44.4278
5 24 44.4278 4 34.0906 44.4278 24 34.0906 48.4974 4 28 39.598 4 39.598
5 24 48.4974 4 28 48.4974 20 28 51.7373 4 21.4303 44.4278 4 34.0906
5 24 51.7373 4 21.4303 51.7373 24 21.4303 54.0918 4 14.4939 48.4974 4 28
5 24 54.0918 4 14.4939 54.0918 24 14.4939 55.5209 4 7.30951 51.7373 4 21.4303
0 // External cylindrical surface
0 // Faces
4 16 60 0 0 60 2 0 59.7993 2.609 3.0615 59.4867 0 7.8316
3 16 59.7993 2.609 3.0615 59.6292 4.3431 5.6569 59.4867 0 7.8316
3 16 59.6292 4.3431 5.6569 59.5156 6.9385 7.391 59.4867 0 7.8316
3 16 59.5156 6.9385 7.391 59.4867 9.1533 7.8316 59.4867 0 7.8316
3 16 59.4867 24 7.8316 59.4867 10.8467 7.8316 59.5156 13.0615 7.391
3 16 59.4867 24 7.8316 59.5156 13.0615 7.391 59.6292 15.6569 5.6569
3 16 59.4867 24 7.8316 59.6292 15.6569 5.6569 59.7993 17.391 3.0615
4 16 59.4867 24 7.8316 59.7993 17.391 3.0615 60 18 0 60 24 0
4 16 59.4867 0 7.8316 59.4867 9.1533 7.8316 59.4532 10 8 57.9555 0 15.5291
3 16 57.9555 0 15.5291 59.4532 10 8 57.9555 24 15.5291
4 16 57.9555 24 15.5291 59.4532 10 8 59.4867 10.8467 7.8316 59.4867 24 7.8316
4 16 57.9555 0 15.5291 57.9555 24 15.5291 55.4328 24 22.961 55.4328 0 22.961
4 16 55.4328 0 22.961 55.4328 24 22.961 54.2259 24 25.4084 54.2259 20 25.4084
4 16 55.4328 0 22.961 54.2259 20 25.4084 51.9615 20 30 51.9615 0 30
4 16 51.9615 0 30 51.9615 20 30 48.0867 20 35.7991 47.6012 0 36.5257
4 16 47.6012 24 36.5257 47.6012 0 36.5257 48.0867 20 35.7991 48.0867 24 35.7991
4 16 42.4264 24 42.4264 42.4264 0 42.4264 47.6012 0 36.5257 47.6012 24 36.5257
0 // Conditional lines
5 24 60 0 0 60 2 0 59.4867 0 -7.8316 59.4866 0 7.8316
5 24 60 24 0 60 18 0 59.4867 24 -7.8316 59.4864 24 7.8316
5 24 59.4867 0 7.8316 59.4867 9.1533 7.8316 60 0 0 57.9555 0 15.5291
5 24 59.4867 24 7.8316 59.4867 10.8467 7.8316 60 24 0 57.9555 24 15.5291
5 24 57.9555 0 15.5291 57.9555 24 15.5291 59.4867 0 7.8316 55.4328 0 22.961
5 24 55.4328 0 22.961 55.4328 24 22.961 57.9555 0 15.5291 54.2259 0 25.4084
5 24 51.9615 0 30 51.9615 20 30 55.4328 0 22.961 47.6012 0 36.5257
5 24 47.6012 0 36.5257 47.6012 24 36.5257 51.9616 0 30 42.4264 0 42.4264
5 24 42.4264 0 42.4264 42.4264 24 42.4264 47.6012 0 36.5257 36.5257 0 47.6012
5 24 59.4532 2 0 60 2 0 59.4532 2.609 -3.0615 59.4532 2.609 3.0615
0 // Hole
0 // Primitives
0 BFC INVERTNEXT
1 16 42 10 0 0 16 0 6 0 0 0 0 6 2-4cylo.dat
1 16 58 10 0 0 -1 0 2 0 0 0 0 2 2-4ring3.dat
0 BFC INVERTNEXT
1 16 58 10 0 0 1.4532 0 8 0 0 0 0 8 2-4cyli.dat
1 16 42 10 0 0 1 0 3 0 0 0 0 3 1-4ring2.dat
1 16 48 10 0 0 7.1846 0 9 0 0 0 0 9 1-4cyli.dat
1 16 42 10 0 0 2.7762 0 9 0 0 0 0 9 1-16cyli.dat
1 16 42 10 0 0 6 0 3.4442 0 -8.3149 8.3149 0 3.4442 1-16cyli.dat
1 16 42 10 0 0 1 0 -6 0 0 0 0 6 1-4ndis.dat
1 16 45 7 9 0 0 -3 -3 0 0 0 -1 0 rect2a.dat
1 16 51.592 7 9 3.5923 0 0 0 0 -3 0 -1 0 rect2a.dat
0 // Faces
4 16 59.7993 2.609 3.0615 60 2 0 59.4532 2 0 59.4532 2.609 3.0615
4 16 59.6269 4.3431 5.6569 59.7993 2.609 3.0615 59.4532 2.609 3.0615 59.4532 4.3431 5.6569
4 16 59.5156 6.9385 7.391 59.6292 4.3431 5.6569 59.4532 4.3431 5.6569 59.4532 6.9385 7.391
4 16 59.4867 9.1533 7.8316 59.5156 6.9385 7.391 59.4532 6.9385 7.391 59.4532 9.1533 7.8316
3 16 59.4532 9.1533 7.8316 59.4532 10 8 59.4867 9.1533 7.8316
3 16 59.4867 10.8467 7.8316 59.4532 10 8 59.4532 10.8467 7.8316
4 16 59.4532 10.8467 7.8316 59.4532 13.0615 7.391 59.5156 13.0615 7.391 59.4867 10.8467 7.8316
4 16 59.4532 13.0615 7.391 59.4532 15.6569 5.6569 59.6292 15.6569 5.6569 59.5156 13.0615 7.391
4 16 59.4532 15.6569 5.6569 59.4532 17.391 3.0615 59.7993 17.391 3.0615 59.6269 15.6569 5.6569
4 16 59.4532 17.391 3.0615 59.4532 18 0 60 18 0 59.7993 17.391 3.0615
3 16 42.2961 16.9123 5.5433 42 18.3149 3.4442 42 16.873 5.6022
4 16 42.2961 16.9123 5.5433 44.2426 17.7814 4.2426 44.7762 18.3149 3.4442 42 18.3149 3.4442
4 16 45.5433 18.5433 2.2961 46 19 0 44.7762 19 0 44.7762 18.3149 3.4442
4 16 55.1846 18.3149 3.4442 55.7743 18.3149 3.4442 56 19 0 55.1846 19 0
4 16 55.1846 16.364 6.364 55.5829 16.364 6.364 55.7743 18.3149 3.4442 55.1846 18.3149 3.4442
4 16 55.1846 14.9489 7.3095 55.5209 14.9489 7.3095 55.5829 16.364 6.364 55.1846 16.364 6.364
4 16 55.1846 13.4442 8.3149 55.3209 13.4442 8.3149 55.5209 14.9489 7.3095 55.1846 14.9489 7.3095
3 16 55.3209 13.4442 8.3149 55.1846 13.4442 8.3149 55.1846 10 9
4 16 42 4 6 42 4 9 42 10 9 42 10 6
4 16 48 13.4442 8.3149 44 13.9155 8 42 13.9155 8 42 13.4442 8.3149
3 16 48 13.4442 8.3149 44 15.7654 6.7639 44 13.9155 8
4 16 48 16.364 6.364 44.5986 16.364 6.364 44 15.7654 6.7639 48 13.4442 8.3149
3 16 45.6569 16.8364 5.6569 44.5986 16.364 6.364 48 16.364 6.364
4 16 48 18.3149 3.4442 47.1353 18.3149 3.4442 45.6569 16.8364 5.6569 48 16.364 6.364
3 16 47.391 18.391 3.0615 47.1353 18.3149 3.4442 48 18.3149 3.4442
3 16 48 19 0 47.391 18.391 3.0615 48 18.3149 3.4442
0 // Edge lines
1 16 58 10 0 0 1 0 8 0 0 0 0 8 2-4edge.dat
1 16 60 10 0 0 -0.997859 -0.523225 8 0 0 0 -0.0654031 7.98287 3-16edge.dat
1 16 60 10 0 0 0.99786 -0.523225 -8 0 0 0 0.0654032 7.98287 3-16edge.dat
1 16 42 10 0 0 1 0 6 0 0 0 0 6 1-4edge.dat
1 16 42 10 0 0 1 0 3.4442 0 -8.3149 8.3149 0 3.4442 1-16edge.dat
2 24 59.5156 6.9385 7.391 59.4867 9.1533 7.8316
2 24 59.4867 9.1533 7.8316 59.4532 10 8
2 24 59.4532 10 8 59.4867 10.8467 7.8316
2 24 59.4867 10.8467 7.8316 59.5156 13.0615 7.391
2 24 42 4 9 42 4 0
2 24 42 13.9155 8 42 13.4442 8.3149
2 24 56 19 0 55.7743 18.3149 3.4442
2 24 55.7743 18.3149 3.4442 55.5829 16.364 6.364
2 24 55.5829 16.364 6.364 55.5209 14.9489 7.3095
2 24 55.5209 14.9489 7.3095 55.3209 13.4442 8.3149
2 24 55.3209 13.4442 8.3149 55.1846 10 9
0 // Conditional lines
5 24 59.4532 2.609 3.0615 59.7993 2.609 3.0615 59.4532 2 0 59.4532 4.3431 5.6569
5 24 59.4532 4.3431 5.6569 59.6292 4.3431 5.6569 59.4532 2.609 3.0615 59.4532 6.9385 7.391
5 24 59.4532 6.9385 7.391 59.5156 6.9385 7.391 59.4532 4.3431 5.6569 59.4532 10 8
5 24 59.4532 13.0615 7.391 59.5156 13.0615 7.391 59.4532 10 8 59.4532 15.6569 5.6569
5 24 59.4532 15.6569 5.6569 59.6292 15.6569 5.6569 59.4532 13.0615 7.391 59.4532 17.391 3.0615
5 24 59.4532 18 0 60 18 0 59.4532 17.391 3.0615 59.4532 17.391 -3.0615
5 24 56 24 0 56 19 0 55.5209 24 -7.3095 55.5209 24 7.3095
5 24 55.5209 24 7.3095 55.5209 14.9489 7.3095 56 24 0 54.0918 24 14.4939
5 24 55.1846 19 0 56 19 0 55.1846 18.3149 -3.4442 55.1846 18.3149 3.4442
5 24 55.1846 18.3149 3.4442 55.7743 18.3149 3.4442 55.1846 19 0 55.1846 16.364 6.364
5 24 55.1846 16.364 6.364 55.5829 16.364 6.364 55.1846 18.3149 3.4442 55.1846 13.4442 8.3149
5 24 55.1846 13.4442 8.3149 55.3209 13.4442 8.3149 55.1846 16.364 6.364 55.1846 10 9
5 24 42 19 0 46 19 0 42 18.3149 -3.4442 42 18.3149 3.4442
5 24 44.7762 18.3149 3.4442 42 18.3149 3.4442 42 19 0 42.2961 16.9123 5.5433
5 24 47.1353 18.3149 3.4442 48 18.3149 3.4442 48 19 0 48 16.364 6.364
5 24 44.5986 16.364 6.364 48 16.364 6.364 48 18.3149 3.4442 48 13.4442 8.3149
5 24 42 13.4442 8.3149 48 13.4442 8.3149 48 10 9 48 16.364 6.364
