0 ~Timetable 9 Dot Ellipsis
0 Name: s\195505s01.dat
0 Author: Ulrich Röder [UR]
0 !LDRAW_ORG Unofficial_Subpart
0 !LICENSE Redistributable under CCAL version 2.0 : see CAreadme.txt

0 BFC CERTIFY CCW




0 // Font: "Swiss BT Bold"


0 // Main

4 16 -3.3 0 -.1 -3.3 0 .1 -3.5 0 .2 -3.5 0 -.2
4 16 3.1 0 .1 2.5 0 .1 2.5 0 -.1 3.1 0 -.1
4 16 2.3 0 .1 1.7 0 .1 1.7 0 -.1 2.3 0 -.1
4 16 .9 0 -.1 1.5 0 -.1 1.5 0 .1 .9 0 .1
4 16 .7 0 .1 .1 0 .1 .1 0 -.1 .7 0 -.1
4 16 -.1 0 .1 -.7 0 .1 -.7 0 -.1 -.1 0 -.1
4 16 -.9 0 .1 -1.5 0 .1 -1.5 0 -.1 -.9 0 -.1
4 16 -1.7 0 .1 -2.3 0 .1 -2.3 0 -.1 -1.7 0 -.1
4 16 -2.5 0 .1 -3.1 0 .1 -3.1 0 -.1 -2.5 0 -.1
4 16 3.7 0 -.2 3.7 0 .2 3.3 0 .1 3.3 0 -.1
4 16 -1.6 0 .15 -3.5 0 .2 -2.3 0 .1 -1.7 0 .1
3 16 -3.5 0 .2 -2.5 0 .1 -2.3 0 .1
3 16 -3.5 0 .2 -3.1 0 .1 -2.5 0 .1
3 16 -3.5 0 .2 -3.3 0 .1 -3.1 0 .1
3 16 -1.5 0 .1 -1.6 0 .15 -1.7 0 .1
3 16 3.3 0 .1 3.7 0 .2 3.1 0 .1
3 16 2.5 0 .1 3.1 0 .1 3.7 0 .2
3 16 2.5 0 .1 3.7 0 .2 2.3 0 .1
3 16 1.5 0 .1 1.7 0 .1 1.6 0 .15
3 16 -.1 0 .1 .1 0 .1 0 0 .16
4 16 2.3 0 .1 3.7 0 .2 1.6 0 .15 1.7 0 .1
3 16 0 0 .16 .1 0 .1 .7 0 .1
4 16 -3.5 0 .2 0 0 .16 1.6 0 .15 3.7 0 .2
4 16 0 0 .16 .7 0 .1 .9 0 .1 .8 0 .13
4 16 1.5 0 .1 1.6 0 .15 .8 0 .13 .9 0 .1
3 16 .8 0 .13 1.6 0 .15 0 0 .16
4 16 0 0 .16 -.8 0 .13 -.7 0 .1 -.1 0 .1
4 16 -.7 0 .1 -.8 0 .13 -1.6 0 .15 -.9 0 .1
3 16 -.9 0 .1 -1.6 0 .15 -1.5 0 .1
3 16 -1.6 0 .15 -.8 0 .13 0 0 .16
3 16 -1.6 0 .15 0 0 .16 -3.5 0 .2
4 16 -2.3 0 -.1 -3.5 0 -.2 -1.6 0 -.15 -1.7 0 -.1
3 16 -2.5 0 -.1 -3.5 0 -.2 -2.3 0 -.1
3 16 -3.1 0 -.1 -3.5 0 -.2 -2.5 0 -.1
3 16 -3.3 0 -.1 -3.5 0 -.2 -3.1 0 -.1
3 16 -1.6 0 -.15 -1.5 0 -.1 -1.7 0 -.1
3 16 3.7 0 -.2 3.3 0 -.1 3.1 0 -.1
3 16 3.1 0 -.1 2.5 0 -.1 3.7 0 -.2
3 16 3.7 0 -.2 2.5 0 -.1 2.3 0 -.1
3 16 1.7 0 -.1 1.5 0 -.1 1.6 0 -.15
3 16 .1 0 -.1 -.1 0 -.1 0 0 -.16
4 16 1.6 0 -.15 3.7 0 -.2 2.3 0 -.1 1.7 0 -.1
3 16 .1 0 -.1 0 0 -.16 .7 0 -.1
4 16 1.6 0 -.15 0 0 -.16 -3.5 0 -.2 3.7 0 -.2
4 16 .9 0 -.1 .7 0 -.1 0 0 -.16 .8 0 -.13
4 16 .8 0 -.13 1.6 0 -.15 1.5 0 -.1 .9 0 -.1
3 16 1.6 0 -.15 .8 0 -.13 0 0 -.16
4 16 -.7 0 -.1 -.8 0 -.13 0 0 -.16 -.1 0 -.1
4 16 -1.6 0 -.15 -.8 0 -.13 -.7 0 -.1 -.9 0 -.1
3 16 -1.6 0 -.15 -.9 0 -.1 -1.5 0 -.1
3 16 -.8 0 -.13 -1.6 0 -.15 0 0 -.16
3 16 0 0 -.16 -1.6 0 -.15 -3.5 0 -.2

0 // Black
4 0 .1 0 -.1 .1 0 .1 -.1 0 .1 -.1 0 -.1
4 0 .9 0 -.1 .9 0 .1 .7 0 .1 .7 0 -.1
4 0 1.7 0 -.1 1.7 0 .1 1.5 0 .1 1.5 0 -.1
4 0 2.5 0 -.1 2.5 0 .1 2.3 0 .1 2.3 0 -.1
4 0 3.3 0 -.1 3.3 0 .1 3.1 0 .1 3.1 0 -.1
4 0 -3.1 0 -.1 -3.1 0 .1 -3.3 0 .1 -3.3 0 -.1
4 0 -2.3 0 -.1 -2.3 0 .1 -2.5 0 .1 -2.5 0 -.1
4 0 -1.5 0 -.1 -1.5 0 .1 -1.7 0 .1 -1.7 0 -.1
4 0 -.7 0 -.1 -.7 0 .1 -.9 0 .1 -.9 0 -.1
