0 ~Minifig Leg Left Dual Mould Lower Half
0 Name: s\20460bs02.dat
0 Author: Magnus Forsberg [MagFors]
0 !LICENSE Licensed under CC BY 4.0 : see CAreadme.txt
0 BFC CERTIFY CCW
1 16 0 0 0 1 0 0 0 1 0 0 0 1 s\20460bs03.dat
4 16 19.25 28 -11.25 18.978 20 -11.25 1.25 20 -11.25 1.25 28 -11.25
4 16 1.25 20 -5.75 1.25 20 -11.25 18.978 20 -11.25 18.978 20 -5.75
4 16 1.25 12.4 -5.75 1.25 20 -5.75 18.978 20 -5.75 18.72 12.4 -5.75
4 16 19.25 28 -11.25 19.25 28 8.75 18.978 20 -5.75 18.978 20 -11.25
4 16 19.25 28 8.75 18.72 12.4 8.75 18.72 12.4 -5.75 18.978 20 -5.75
