0 ~Minifig Helmet SW Stormtrooper Ep.  8 with Pointed Mouth -Peak Level Button
0 Name: s\20904ps0s02.dat
0 Author: Ulrich Röder [UR]
0 !LDRAW_ORG Unofficial_Subpart
0 !LICENSE Redistributable under CCAL version 2.0 : see CAreadme.txt

0 BFC CERTIFY CCW


0 // Main
3 16 5.978 20.91 -20.449 8.973 22.75 -18.381 9.067 22.165 -18.317
3 16 5.978 20.91 -20.449 9.063 23.095 -18.318 8.973 22.75 -18.381
3 16 5.978 20.91 -20.449 9.067 22.165 -18.317 9.214 21.845 -18.217
3 16 12.03 25.196 -16.268 11.244 24.064 -16.812 11.144 24.145 -16.881
3 16 12.03 25.196 -16.268 11.48 23.873 -16.65 11.244 24.064 -16.812
3 16 12.03 25.196 -16.268 11.677 23.682 -16.515 11.48 23.873 -16.65
3 16 12.03 25.196 -16.268 11.734 23.558 -16.475 11.677 23.682 -16.515
3 16 12.03 25.196 -16.268 11.144 24.145 -16.881 10.739 24.281 -17.16
3 16 12.808 24.725 -15.221 11.911 23.156 -16.207 11.819 23.377 -16.348
4 16 11.819 23.377 -16.348 11.734 23.558 -16.475 12.03 25.196 -16.268 12.808 24.725 -15.221
3 16 13.694 20.92 -14.063 13.618 21.471 -14.222 13.528 21.453 -14.097
3 16 11.889 22.255 -16.197 13.618 21.471 -14.222 13.694 20.92 -14.063
3 16 11.889 22.255 -16.197 11.903 22.337 -16.197 13.618 21.471 -14.222
4 16 13.618 21.471 -14.222 11.903 22.337 -16.197 11.917 22.424 -16.206 13.774 21.948 -14.196
4 16 9.612 23.984 -18.006 9.138 23.38 -18.297 5.978 20.91 -20.449 10.335 26.041 -17.714
3 16 10.111 24.257 -17.65 10.335 26.041 -17.714 10.637 24.316 -17.245
4 16 12.03 25.196 -16.268 10.739 24.281 -17.16 10.637 24.316 -17.245 10.335 26.041 -17.714
3 16 5.978 20.91 -20.449 9.138 23.38 -18.297 9.063 23.095 -18.318
3 16 13.694 20.92 -14.063 11.354 21.295 -16.181 11.736 21.784 -16.099
3 16 13.694 20.92 -14.063 10.856 21.02 -16.462 11.354 21.295 -16.181
3 16 13.694 20.92 -14.063 10.301 20.975 -16.9 10.856 21.02 -16.462
3 16 13.694 20.92 -14.063 6.699 20.911 -19.852 10.301 20.975 -16.9
3 16 9.612 23.984 -18.006 10.335 26.041 -17.714 10.111 24.257 -17.65
3 16 10.301 20.975 -16.9 6.699 20.911 -19.852 9.752 21.181 -17.453
3 16 9.752 21.181 -17.453 6.699 20.911 -19.852 9.317 21.608 -18.017
3 16 13.694 20.92 -14.063 11.736 21.784 -16.099 11.889 22.255 -16.197
4 16 13.044 22.395 -14.985 13.3 22.28 -14.708 13.774 21.948 -14.196 12.683 22.479 -15.375
4 16 12.148 22.602 -15.955 12.683 22.479 -15.375 13.774 21.948 -14.196 11.917 22.424 -16.206
3 16 11.917 22.424 -16.206 11.903 22.64 -16.219 12.148 22.602 -15.955
4 16 12.695 22.702 -15.361 12.275 22.799 -15.815 11.911 23.156 -16.207 12.808 24.725 -15.221
3 16 11.911 23.156 -16.207 12.275 22.799 -15.815 11.957 23.003 -16.158
3 16 11.957 23.003 -16.158 12.275 22.799 -15.815 12.004 22.845 -16.108
3 16 13.3 22.28 -14.708 13.695 22.086 -14.281 13.774 21.948 -14.196

0 // Grey
4 7 10.174 21.733 -17.368 10.484 21.681 -17.086 10.358 21.344 -17.029 10.237 21.355 -17.135
4 7 11.012 21.813 -16.712 10.856 21.397 -16.642 10.705 21.348 -16.743 10.857 21.747 -16.809
4 7 9.694 22.336 -17.884 9.499 22.673 -18.018 9.816 22.949 -17.799 9.893 22.787 -17.746
4 7 9.677 23.809 -17.931 10.096 24.006 -17.628 10.339 23.998 -17.436 9.443 23.364 -18.055
4 7 10.513 23.993 -17.316 10.431 23.457 -17.374 10.268 23.521 -17.486 10.339 23.998 -17.436
4 7 9.958 22.06 -17.703 10.352 22.605 -17.431 10.497 22.679 -17.33 11.125 22.397 -16.898
3 7 10.339 23.998 -17.436 10.268 23.521 -17.486 10.104 23.513 -17.599
3 7 9.958 23.438 -17.7 9.849 23.302 -17.775 9.443 23.364 -18.055
4 7 10.104 23.513 -17.599 9.958 23.438 -17.7 9.443 23.364 -18.055 10.339 23.998 -17.436
4 7 10.563 23.331 -17.284 10.431 23.457 -17.374 10.513 23.993 -17.316 10.857 23.793 -17.08
4 7 10.358 21.344 -17.029 10.484 21.681 -17.086 10.857 21.747 -16.809 10.705 21.348 -16.743
3 7 10.174 21.733 -17.368 10.237 21.355 -17.135 9.887 21.447 -17.469
4 7 9.958 22.06 -17.703 9.694 22.336 -17.884 9.893 22.787 -17.746 10.025 22.66 -17.656
3 7 9.958 22.06 -17.703 10.188 22.597 -17.543 10.352 22.605 -17.431
4 7 10.606 22.815 -17.255 10.656 22.989 -17.22 11.254 23.129 -16.808 11.252 22.76 -16.81
3 7 11.125 22.397 -16.898 10.857 22.046 -16.952 10.446 21.909 -17.227
4 7 10.446 21.909 -17.227 10.139 21.945 -17.499 9.958 22.06 -17.703 11.125 22.397 -16.898
3 7 10.05 21.77 -17.488 9.82 21.484 -17.541 9.9 21.839 -17.645
4 7 10.174 21.733 -17.368 9.887 21.447 -17.469 9.82 21.484 -17.541 10.05 21.77 -17.488
4 7 10.497 22.679 -17.33 10.606 22.815 -17.255 11.252 22.76 -16.81 11.125 22.397 -16.898
4 7 10.857 23.793 -17.08 11.09 23.486 -16.92 10.639 23.168 -17.231 10.563 23.331 -17.284
4 7 9.8 23.128 -17.81 9.816 22.949 -17.799 9.499 22.673 -18.018 9.422 23.017 -18.07
4 7 10.856 21.397 -16.642 11.012 21.813 -16.712 11.175 21.952 -16.643 11.165 21.584 -16.476
4 7 11.165 21.584 -16.476 11.175 21.952 -16.643 11.46 22.043 -16.451 11.4 21.885 -16.425
3 7 11.175 21.952 -16.643 11.493 22.394 -16.591 11.46 22.043 -16.451
3 7 10.025 22.66 -17.656 10.188 22.597 -17.543 9.958 22.06 -17.703
4 7 9.849 23.302 -17.775 9.8 23.128 -17.81 9.422 23.017 -18.07 9.443 23.364 -18.055
4 7 11.09 23.486 -16.92 11.254 23.129 -16.808 10.656 22.989 -17.22 10.639 23.168 -17.231
4 7 10.145 23.362 -17.571 10.005 22.877 -17.669 9.954 22.986 -17.704 10.048 23.312 -17.638
4 7 10.254 23.367 -17.496 10.092 22.793 -17.609 10.005 22.877 -17.669 10.145 23.362 -17.571
4 7 10.363 23.324 -17.421 10.201 22.751 -17.534 10.092 22.793 -17.609 10.254 23.367 -17.496
4 7 10.513 23.013 -17.318 10.48 22.896 -17.341 10.408 22.806 -17.392 10.502 23.132 -17.326
4 7 10.451 23.24 -17.361 10.311 22.756 -17.459 10.201 22.751 -17.534 10.363 23.324 -17.421
4 7 10.502 23.132 -17.326 10.408 22.806 -17.392 10.311 22.756 -17.459 10.451 23.24 -17.361
4 7 9.943 23.105 -17.711 9.976 23.221 -17.688 10.048 23.312 -17.638 9.954 22.986 -17.704

0 // Dark Bluish Grey
3 72 10.358 21.344 -17.029 10.301 20.975 -16.9 10.237 21.355 -17.135
3 72 10.358 21.344 -17.029 10.705 21.348 -16.743 10.301 20.975 -16.9
3 72 11.46 22.043 -16.451 11.736 21.784 -16.099 11.4 21.885 -16.425
3 72 10.446 21.909 -17.227 9.9 21.839 -17.645 10.139 21.945 -17.499
4 72 11.493 22.394 -16.591 11.547 22.519 -16.607 11.889 22.255 -16.197 11.736 21.784 -16.099
3 72 11.709 23.416 -16.493 11.86 23.067 -16.263 11.547 22.519 -16.607
3 72 11.493 22.394 -16.591 11.736 21.784 -16.099 11.46 22.043 -16.451
3 72 10.857 22.046 -16.952 11.175 21.952 -16.643 10.446 21.909 -17.227
4 72 10.254 23.367 -17.496 10.268 23.521 -17.486 10.431 23.457 -17.374 10.363 23.324 -17.421
4 72 10.104 23.513 -17.599 10.268 23.521 -17.486 10.254 23.367 -17.496 10.145 23.362 -17.571
3 72 11.86 23.067 -16.263 11.903 22.64 -16.219 11.917 22.424 -16.206
3 72 11.917 22.424 -16.206 11.547 22.519 -16.607 11.86 23.067 -16.263
3 72 11.86 23.067 -16.263 11.889 22.865 -16.233 11.903 22.64 -16.219
4 72 9.849 23.302 -17.775 9.958 23.438 -17.7 10.048 23.312 -17.638 9.976 23.221 -17.688
4 72 9.976 23.221 -17.688 9.943 23.105 -17.711 9.8 23.128 -17.81 9.849 23.302 -17.775
3 72 11.917 22.424 -16.206 11.903 22.337 -16.197 11.547 22.519 -16.607
4 72 9.954 22.986 -17.704 9.816 22.949 -17.799 9.8 23.128 -17.81 9.943 23.105 -17.711
4 72 10.005 22.877 -17.669 9.893 22.787 -17.746 9.816 22.949 -17.799 9.954 22.986 -17.704
4 72 10.092 22.793 -17.609 10.025 22.66 -17.656 9.893 22.787 -17.746 10.005 22.877 -17.669
4 72 10.201 22.751 -17.534 10.188 22.597 -17.543 10.025 22.66 -17.656 10.092 22.793 -17.609
4 72 10.201 22.751 -17.534 10.311 22.756 -17.459 10.352 22.605 -17.431 10.188 22.597 -17.543
4 72 10.311 22.756 -17.459 10.408 22.806 -17.392 10.497 22.679 -17.33 10.352 22.605 -17.431
4 72 10.408 22.806 -17.392 10.48 22.896 -17.341 10.606 22.815 -17.255 10.497 22.679 -17.33
4 72 10.48 22.896 -17.341 10.513 23.013 -17.318 10.656 22.989 -17.22 10.606 22.815 -17.255
4 72 10.145 23.362 -17.571 10.048 23.312 -17.638 9.958 23.438 -17.7 10.104 23.513 -17.599
4 72 10.502 23.132 -17.326 10.639 23.168 -17.231 10.656 22.989 -17.22 10.513 23.013 -17.318
4 72 10.451 23.24 -17.361 10.563 23.331 -17.284 10.639 23.168 -17.231 10.502 23.132 -17.326
4 72 10.363 23.324 -17.421 10.431 23.457 -17.374 10.563 23.331 -17.284 10.451 23.24 -17.361
4 72 11.203 24.006 -16.841 11.638 23.578 -16.542 11.254 23.129 -16.808 11.09 23.486 -16.92
4 72 10.637 24.21 -17.23 11.203 24.006 -16.841 11.09 23.486 -16.92 10.857 23.793 -17.08
4 72 11.252 22.76 -16.81 11.254 23.129 -16.808 11.709 23.416 -16.493 11.547 22.519 -16.607
3 72 10.637 24.21 -17.23 10.513 23.993 -17.316 10.339 23.998 -17.436
3 72 11.252 22.76 -16.81 11.547 22.519 -16.607 11.125 22.397 -16.898
3 72 11.254 23.129 -16.808 11.638 23.578 -16.542 11.709 23.416 -16.493
3 72 10.857 23.793 -17.08 10.513 23.993 -17.316 10.637 24.21 -17.23
4 72 9.6 23.89 -18.003 9.443 23.364 -18.055 9.145 23.153 -18.261 9.221 23.409 -18.236
4 72 10.637 24.21 -17.23 10.339 23.998 -17.436 10.096 24.006 -17.628 10.099 24.166 -17.647
4 72 10.096 24.006 -17.628 9.677 23.809 -17.931 9.6 23.89 -18.003 10.099 24.166 -17.647
4 72 9.694 22.336 -17.884 9.067 22.165 -18.317 9.038 22.793 -18.335 9.499 22.673 -18.018
3 72 9.422 23.017 -18.07 9.145 23.153 -18.261 9.443 23.364 -18.055
4 72 9.499 22.673 -18.018 9.038 22.793 -18.335 9.145 23.153 -18.261 9.422 23.017 -18.07
3 72 9.6 23.89 -18.003 9.677 23.809 -17.931 9.443 23.364 -18.055
3 72 9.958 22.06 -17.703 10.139 21.945 -17.499 9.9 21.839 -17.645
4 72 9.067 22.165 -18.317 9.694 22.336 -17.884 9.958 22.06 -17.703 9.214 21.845 -18.217
3 72 10.301 20.975 -16.9 9.887 21.447 -17.469 10.237 21.355 -17.135
4 72 11.493 22.394 -16.591 10.857 22.046 -16.952 11.125 22.397 -16.898 11.547 22.519 -16.607
3 72 11.903 22.337 -16.197 11.889 22.255 -16.197 11.547 22.519 -16.607
4 72 9.82 21.484 -17.541 10.301 20.975 -16.9 9.752 21.181 -17.453 9.317 21.608 -18.017
4 72 11.012 21.813 -16.712 10.484 21.681 -17.086 10.174 21.733 -17.368 11.175 21.952 -16.643
4 72 10.174 21.733 -17.368 10.05 21.77 -17.488 9.9 21.839 -17.645 11.175 21.952 -16.643
3 72 9.9 21.839 -17.645 10.446 21.909 -17.227 11.175 21.952 -16.643
4 72 10.705 21.348 -16.743 10.856 21.397 -16.642 10.856 21.02 -16.462 10.301 20.975 -16.9
3 72 10.484 21.681 -17.086 11.012 21.813 -16.712 10.857 21.747 -16.809
3 72 11.493 22.394 -16.591 11.175 21.952 -16.643 10.857 22.046 -16.952
3 72 10.301 20.975 -16.9 9.82 21.484 -17.541 9.887 21.447 -17.469
3 72 9.317 21.608 -18.017 9.9 21.839 -17.645 9.82 21.484 -17.541
4 72 9.958 22.06 -17.703 9.9 21.839 -17.645 9.317 21.608 -18.017 9.214 21.845 -18.217
4 72 10.856 21.397 -16.642 11.165 21.584 -16.476 11.354 21.295 -16.181 10.856 21.02 -16.462
4 72 11.4 21.885 -16.425 11.736 21.784 -16.099 11.354 21.295 -16.181 11.165 21.584 -16.476

0 // Metallic Silver
3 80 9.067 22.165 -18.317 8.973 22.75 -18.381 9.038 22.793 -18.335
4 80 8.973 22.75 -18.381 9.063 23.095 -18.318 9.145 23.153 -18.261 9.038 22.793 -18.335
4 80 9.6 23.89 -18.003 9.612 23.984 -18.006 10.111 24.257 -17.65 10.099 24.166 -17.647
4 80 9.221 23.409 -18.236 9.145 23.153 -18.261 9.063 23.095 -18.318 9.138 23.38 -18.297
4 80 11.677 23.682 -16.515 11.638 23.578 -16.542 11.203 24.006 -16.841 11.48 23.873 -16.65
3 80 11.203 24.006 -16.841 11.244 24.064 -16.812 11.48 23.873 -16.65
4 80 11.734 23.558 -16.475 11.819 23.377 -16.348 11.86 23.067 -16.263 11.709 23.416 -16.493
3 80 11.819 23.377 -16.348 11.911 23.156 -16.207 11.86 23.067 -16.263
4 80 11.911 23.156 -16.207 11.957 23.003 -16.158 11.889 22.865 -16.233 11.86 23.067 -16.263
4 80 10.637 24.21 -17.23 10.739 24.281 -17.16 11.144 24.145 -16.881 11.203 24.006 -16.841
4 80 11.677 23.682 -16.515 11.734 23.558 -16.475 11.709 23.416 -16.493 11.638 23.578 -16.542
3 80 11.203 24.006 -16.841 11.144 24.145 -16.881 11.244 24.064 -16.812
4 80 9.6 23.89 -18.003 9.221 23.409 -18.236 9.138 23.38 -18.297 9.612 23.984 -18.006
4 80 10.637 24.316 -17.245 10.637 24.21 -17.23 10.099 24.166 -17.647 10.111 24.257 -17.65
4 80 12.004 22.845 -16.108 12.275 22.799 -15.815 12.683 22.479 -15.375 12.148 22.602 -15.955
3 80 12.275 22.799 -15.815 12.695 22.702 -15.361 12.683 22.479 -15.375
3 80 10.637 24.316 -17.245 10.739 24.281 -17.16 10.637 24.21 -17.23
4 80 12.148 22.602 -15.955 11.903 22.64 -16.219 11.889 22.865 -16.233 12.004 22.845 -16.108
3 80 11.889 22.865 -16.233 11.957 23.003 -16.158 12.004 22.845 -16.108
4 80 6.699 20.911 -19.852 5.978 20.91 -20.449 9.214 21.845 -18.217 9.317 21.608 -18.017
