0 ~Minifig Helmet SW Walker Driver Ep.8 with Light Bluish Grey Stripe on the Right Side -Half
0 Name: s\20905ps1s01.dat
0 Author: Ulrich Röder [UR]
0 !LDRAW_ORG Unofficial_Subpart
0 !LICENSE Redistributable under CCAL version 2.0 : see CAreadme.txt

0 BFC CERTIFY CCW



0 // Main
3 16 -2.906 4.376 -18.066 -3.944 5.015 -17.202 -2.712 5.024 -17.603
4 16 -12.727 3.419 -11.742 -14.037 3.205 -9.029 -13.112 3.973 -9.722 -12.863 3.991 -10.283
3 16 -13.112 3.973 -9.722 -14.037 3.205 -9.029 -13.122 4.109 -9.427
4 16 -12.727 3.419 -11.742 -12.863 3.991 -10.283 -12.889 4.34 -9.529 -12.705 4.522 -9.609
4 16 -17.53 12.844 2.209 -17.072 10.444 1.608 -15.628 9.749 5.322 -15.108 9.679 6.805
3 16 -3.946 -1.192 -18.099 -4.812 -.952 -17.85 -4.812 -.289 -17.888
4 16 -10.034 8.309 13.256 -12.305 9.602 11.469 -14.228 9.31 9.339 -13.869 8.06 9.156
3 16 -4.812 -5.22 -15.681 -4.812 -4.738 -15.929 -4.467 -5.336 -15.773
3 16 -15.348 16.994 -8.888 -14.349 15.382 -9.243 -14.959 13.721 -7.816
4 16 -14.299 9.558 9.375 -12.379 9.861 11.507 -12.063 9.957 11.879 -15.129 12.447 9.797
3 16 -4.812 5.635 -16.956 -4.812 7.087 -16.696 -3.436 7.232 -17.494
4 16 -11.908 3.432 -12.699 -11.958 3.02 -12.713 -12.656 2.473 -11.992 -12.727 3.419 -11.742
4 16 0 -1.561 -18.518 0 -5.831 -16.265 -4.467 -5.336 -15.773 -3.946 -1.192 -18.099
3 16 -2.169 1.841 -18.667 0 1.833 -18.941 0 -1.561 -18.518
4 16 -2.637 2.574 -18.699 -2.912 3.004 -18.718 0 3.004 -19.087 0 2.583 -19.035
4 16 0 22.869 -21.934 0 20.14 -22.323 -3.335 20.366 -21.401 -.898 22.869 -21.695
4 16 -4.812 -8.46 -11.601 -4.467 -5.336 -15.773 0 -5.831 -16.265 0 -8.988 -12.204
4 16 -2.308 10.974 -19.12 -2.144 10.155 -18.923 -4.812 11.218 -17.1 -3.529 11.34 -18.236
3 16 -6.168 12.942 -16.666 -7.98 13.768 -15.504 -6.209 13.063 -16.684
3 16 -12.216 1.25 -12.728 -12.174 1.25 -12.779 -12.453 1.004 -12.495
3 16 -12.453 1.004 -12.495 -12.381 1.167 -12.546 -12.358 1.189 -12.569
3 16 -12.453 1.004 -12.495 -12.373 .823 -12.551 -12.428 .904 -12.503
4 16 -12.828 -3.6 -8.954 -11.873 -4.437 -9.402 -9.658 -8.444 -5.148 -13.47 -4.669 -4.245
3 16 -4.856 -10.294 -5.632 -4.812 -8.46 -11.601 0 -10.862 -5.836
3 16 -4.812 -8.46 -11.601 0 -8.988 -12.204 0 -10.862 -5.836
3 16 -9.854 -8.921 .366 -9.658 -8.444 -5.148 -4.829 -10.756 .217
3 16 -9.658 -8.444 -5.148 -4.856 -10.294 -5.632 -4.829 -10.756 .217
4 16 0 -10.862 -5.836 0 -11.304 .154 -4.829 -10.756 .217 -4.856 -10.294 -5.632
3 16 -11.873 -4.437 -9.402 -9.254 -6.734 -10.633 -9.658 -8.444 -5.148
4 16 -14.738 9.802 -5.942 -15.166 9.164 -4.219 -16.637 10.929 -1.467 -15.613 11.827 -5.084
4 16 -3.156 23.962 -21.367 0 23.791 -21.803 -.654 23.119 -21.724 -3.198 23.119 -21.375
3 16 -4.812 11.218 -17.1 -4.812 11.929 -17.392 -3.529 11.34 -18.236
4 16 -16.53 7.676 .832 -15.049 8.965 -4.392 -14.399 9.017 -6.274 -16.527 7.588 .894
4 16 -13.513 -5.194 .754 -13.47 -4.669 -4.245 -9.658 -8.444 -5.148 -9.854 -8.921 .366
3 16 -3.436 7.232 -17.494 -2.144 10.155 -18.923 0 7.016 -18.358
3 16 -2.144 10.155 -18.923 0 9.871 -19.691 0 7.016 -18.358
3 16 -3.436 7.232 -17.494 -4.812 7.087 -16.696 -4.812 7.609 -16.602
4 16 -12.216 .75 -12.728 -12.299 .769 -12.63 -12.373 .823 -12.551 -12.453 1.004 -12.495
3 16 -12.495 1.006 -12.443 -12.459 .866 -12.455 -12.547 1.009 -12.38
4 16 -2.712 5.024 -17.603 -3.944 5.015 -17.202 -4.812 5.635 -16.956 -3.436 7.232 -17.494
4 16 -11.464 5.316 -11.007 -12.705 4.522 -9.609 -11.24 6.846 -11.02 -11.24 6.12 -11.145
3 16 0 5.043 -17.923 -2.712 5.024 -17.603 0 7.016 -18.358
3 16 -2.712 5.024 -17.603 -3.436 7.232 -17.494 0 7.016 -18.358
3 16 -11.958 .65 -13.022 -12.349 .646 -12.54 -12.164 .65 -12.769
3 16 -2.889 16.571 -20.797 -3.577 16.38 -20.138 -3.335 20.366 -21.401
3 16 -7.099 18.009 -18.38 -6.724 18.437 -18.942 -6.455 18.009 -18.887
3 16 -9.426 28.586 -18.264 -8.079 27.784 -20.13 -10.32 29.193 -19.86
4 16 -3.577 16.38 -20.138 -5.586 17.689 -19.372 -6.591 18.655 -19.183 -6.929 20.834 -20.278
3 16 -1.659 15.414 -20.838 -3.577 16.38 -20.138 -2.889 16.571 -20.797
3 16 -6.929 20.834 -20.278 -6.591 18.655 -19.183 -6.72 18.732 -19.13
3 16 -6.591 18.655 -19.183 -5.869 17.816 -19.229 -6.177 17.955 -19.072
4 16 -4.145 16.331 -19.66 -5 17.103 -19.468 -5.586 17.689 -19.372 -3.577 16.38 -20.138
3 16 -8.079 27.784 -20.13 -9.006 28.158 -21.009 -10.32 29.193 -19.86
3 16 -6.929 20.834 -20.278 -6.72 18.732 -19.13 -7.051 18.795 -18.908
3 16 -10.134 14.566 -13.975 -9.327 14.287 -14.997 -10.453 14.349 -13.403
3 16 -6.929 20.834 -20.278 -3.335 20.366 -21.401 -3.577 16.38 -20.138
4 16 -13.022 6.144 -8.434 -12.631 6.546 -8.9 -12.15 6.596 -9.656 -12.934 4.946 -9.067
4 16 -11.24 6.846 -11.02 -12.705 4.522 -9.609 -12.934 4.946 -9.067 -12.15 6.596 -9.656
4 16 -12.216 .75 -12.728 -12.453 1.004 -12.495 -11.958 .975 -13.098 -12.174 .75 -12.78
3 16 -4.856 -10.294 -5.632 -6.833 -7.675 -11.161 -4.812 -8.46 -11.601
3 16 -3.946 -1.192 -18.099 -4.812 1.849 -18.01 -3.448 1.845 -18.518
3 16 -13.255 5.904 -8.157 -13.224 5.484 -8.378 -13.381 5.775 -8.007
3 16 -12.705 4.522 -9.609 -11.464 5.316 -11.007 -11.667 4.633 -10.874
4 16 -13.44 22.641 -18.363 -12.959 20.513 -16.314 -13.213 19.624 -14.881 -13.851 20.723 -15.443
3 16 -12.959 20.513 -16.314 -13.44 22.641 -18.363 -11.901 20.417 -17.539
4 16 -13.206 19.134 -14.277 -13.767 19.492 -14.011 -13.851 20.723 -15.443 -13.213 19.624 -14.881
4 16 -15.85 19.586 -7.33 -16.111 20.116 -7.182 -14.96 22.618 -12.113 -14.691 22.135 -12.328
3 16 -14.691 22.135 -12.328 -14.685 21.638 -12.571 -15.85 19.586 -7.33
3 16 -14.685 21.638 -12.571 -15.787 18.998 -7.579 -15.85 19.586 -7.33
3 16 -14.95 21.226 -12.939 -16.031 18.545 -7.995 -14.685 21.638 -12.571
3 16 -16.031 18.545 -7.995 -15.787 18.998 -7.579 -14.685 21.638 -12.571
3 16 -11.85 3.782 -12.282 -11.908 3.432 -12.699 -12.727 3.419 -11.742
4 16 -12.963 18.985 -14.399 -12.963 19.589 -15.155 -12.776 20.245 -16.213 -11.346 18.145 -15.407
4 16 -11.126 18.007 -15.513 -10.754 18.348 -16.412 -10.421 18.277 -16.747 -9.395 16.794 -16.198
3 16 -9.395 16.794 -16.198 -9.855 17.837 -16.809 -9.262 17.759 -17.244
4 16 -11.346 18.145 -15.407 -12.776 20.245 -16.213 -11.745 20.152 -17.407 -10.828 18.62 -16.658
3 16 -11.126 18.007 -15.513 -9.395 16.794 -16.198 -11.165 17.881 -15.306
3 16 -7.528 21.651 -20.649 -6.929 20.834 -20.278 -7.722 21.412 -20.535
4 16 -9.68 18.819 -17.908 -9.769 18.895 -17.905 -9.128 18.731 -18.297 -9.362 18.723 -18.089
4 16 -10.152 19.73 -18.382 -9.583 19.949 -19.083 -9.015 19.553 -19.189 -9.128 18.731 -18.297
4 16 -9.35 18.474 -17.859 -9.755 18.067 -17.118 -10.165 18.478 -17.161 -9.807 18.599 -17.587
4 16 -9.807 18.599 -17.587 -10.165 18.478 -17.161 -10.629 18.577 -16.858 -9.944 18.715 -17.581
4 16 -9.944 18.715 -17.581 -10.629 18.577 -16.858 -11.707 20.136 -17.435 -10.949 19.824 -17.787
3 16 -10.949 19.824 -17.787 -10.428 19.762 -18.176 -9.944 18.715 -17.581
3 16 -3.216 15.492 -20.203 -3.577 16.38 -20.138 -1.659 15.414 -20.838
3 16 0 15.897 -21.87 0 15.04 -21.345 -2.889 16.571 -20.797
3 16 -13.44 22.641 -18.363 -11.685 20.397 -17.707 -11.901 20.417 -17.539
4 16 -11.685 20.397 -17.707 -9.83 20.122 -19.037 -10.184 19.986 -18.601 -10.885 20.068 -18.077
3 16 -9.83 20.122 -19.037 -11.685 20.397 -17.707 -13.44 22.641 -18.363
4 16 -4.812 2.567 -18.065 -4.812 3.004 -18.099 -3.258 3.004 -18.678 -3.329 2.572 -18.618
3 16 -3.946 -1.192 -18.099 -4.812 -.289 -17.888 -4.812 1.849 -18.01
4 16 -14.037 3.205 -9.029 -14 2.536 -9.058 -14 1.88 -9 -14.585 .363 -7.474
3 16 -12.027 -2.556 -11.37 -11.873 -4.437 -9.402 -12.828 -3.6 -8.954
3 16 -14 2.536 -9.058 -14.037 3.205 -9.029 -13.584 2.537 -10.048
3 16 -13.47 -4.669 -4.245 -14.585 .363 -7.474 -12.828 -3.6 -8.954
3 16 -5.497 16.215 -18.521 -5.731 17.48 -19.127 -5.173 16.922 -19.219
3 16 -12.453 1.004 -12.495 -11.958 1.206 -13.049 -11.958 .975 -13.098
3 16 -14.585 .363 -7.474 -12.547 1.009 -12.38 -12.828 -3.6 -8.954
3 16 -12.547 1.009 -12.38 -13.136 1.877 -11.055 -12.609 1.837 -12.161
3 16 -14.388 19.86 -13.681 -13.851 20.723 -15.443 -13.925 19.594 -13.936
3 16 0 15.897 -21.87 -2.889 16.571 -20.797 0 20.14 -22.323
3 16 -9.262 17.759 -17.244 -7.866 16.285 -16.813 -9.395 16.794 -16.198
3 16 -14.037 3.205 -9.029 -14.585 .363 -7.474 -14.966 2.9 -6.505
3 16 -13.513 -5.194 .754 -15.235 -.523 1.415 -13.47 -4.669 -4.245
3 16 -13.47 -4.669 -4.245 -15.235 -.523 1.415 -14.585 .363 -7.474
3 16 -13.44 22.641 -18.363 -13.851 20.723 -15.443 -14.388 19.86 -13.681
3 16 -15.235 -.523 1.415 -15.38 4.187 -4.354 -14.585 .363 -7.474
3 16 -14.585 .363 -7.474 -15.38 4.187 -4.354 -14.966 2.9 -6.505
3 16 -15.38 4.187 -4.354 -13.381 5.775 -8.007 -14.966 2.9 -6.505
3 16 -12.892 4.388 -9.352 -12.934 4.946 -9.067 -12.705 4.522 -9.609
4 16 -13.13 4.217 -9.025 -14.966 2.9 -6.505 -13.381 5.775 -8.007 -13.224 5.484 -8.378
3 16 -12.889 4.34 -9.529 -12.892 4.388 -9.352 -12.705 4.522 -9.609
4 16 -14.966 2.9 -6.505 -13.13 4.217 -9.025 -13.122 4.109 -9.427 -14.037 3.205 -9.029
3 16 -2.889 16.571 -20.797 -3.335 20.366 -21.401 0 20.14 -22.323
4 16 -9.228 18.009 -17.515 -9.163 18.479 -18.025 -8.472 18.501 -18.551 -8.218 18.009 -18.253
3 16 -8.599 18.747 -18.7 -9.128 18.731 -18.297 -9.015 19.553 -19.189
4 16 -4.812 11.218 -17.1 -2.144 10.155 -18.923 -3.436 7.232 -17.494 -4.812 9.861 -16.885
3 16 -10.134 14.566 -13.975 -9.395 16.794 -16.198 -9.348 15.062 -15.368
4 16 -4.812 12.506 -17.628 -4.881 12.878 -17.722 -3.668 15.564 -19.852 -3.352 15.279 -20
4 16 -4.812 -.952 -17.85 -3.946 -1.192 -18.099 -4.467 -5.336 -15.773 -4.812 -4.738 -15.929
3 16 -7.866 16.285 -16.813 -9.348 15.062 -15.368 -9.395 16.794 -16.198
4 16 -11.958 1.833 -12.924 -12.196 1.343 -12.732 -12.282 1.323 -12.635 -12.609 1.837 -12.161
4 16 -12.243 10.78 -9.76 -12.4 8.856 -9.545 -13.316 6.727 -8.092 -14.399 9.017 -6.274
4 16 -12.07 9.891 -10.061 -11.995 10.751 -10.166 -11.825 11.916 -10.419 -11.202 12.617 -11.422
3 16 -13.316 6.727 -8.092 -12.4 8.856 -9.545 -13.07 6.752 -8.495
3 16 -2.703 14.794 -20.331 -2.363 11.252 -19.187 -3.127 15.076 -20.107
3 16 -12.243 10.78 -9.76 -14.399 9.017 -6.274 -12.127 11.575 -9.932
3 16 -9.006 28.158 -21.009 -8.079 27.784 -20.13 -8.175 26.036 -21.663
3 16 -12.15 8.984 -9.82 -11.256 7.961 -10.539 -12.15 7.041 -9.474
3 16 -12.609 1.837 -12.161 -12.282 1.323 -12.635 -12.387 1.247 -12.525
3 16 -9.403 20.018 -19.327 -9.25 20.077 -19.487 -9.015 19.553 -19.189
4 16 -12.477 1.076 -12.45 -12.547 1.009 -12.38 -12.609 1.837 -12.161 -12.462 1.134 -12.457
3 16 -5.174 12.418 -17.286 -6.168 12.942 -16.666 -6.209 13.063 -16.684
4 16 -2.088 11.21 -19.388 -2.363 11.252 -19.187 -2.703 14.794 -20.331 -1.916 14.422 -20.805
4 16 -13.44 22.641 -18.363 -12.561 23.809 -20.452 -9.572 20.221 -19.387 -9.83 20.122 -19.037
3 16 -12.4 8.856 -9.545 -12.4 6.821 -9.182 -13.07 6.752 -8.495
3 16 -13.049 6.503 -8.471 -12.631 6.546 -8.9 -13.022 6.144 -8.434
3 16 -13.271 6.119 -8.179 -13.255 5.904 -8.157 -13.381 5.775 -8.007
3 16 -13.381 5.775 -8.007 -15.38 4.187 -4.354 -14.399 9.017 -6.274
3 16 -15.235 -.523 1.415 -16.527 7.588 .894 -15.38 4.187 -4.354
3 16 -16.527 7.588 .894 -14.399 9.017 -6.274 -15.38 4.187 -4.354
3 16 -2.144 10.155 -18.923 -2.308 10.974 -19.12 -2.101 10.961 -19.278
3 16 -6.313 22.869 -20.776 -7.013 22.447 -20.803 -6.591 22.869 -20.839
3 16 -6.695 23.119 -20.941 -5.779 24.633 -21.207 -6.237 23.119 -20.837
3 16 -12.609 1.837 -12.161 -12.387 1.247 -12.525 -12.462 1.134 -12.457
4 16 -11.619 13.564 -11.717 -12.15 14.772 -12.094 -12.026 15.216 -12.537 -11.552 13.773 -11.933
4 16 -4.812 12.506 -17.628 -3.352 15.279 -20 -3.127 15.076 -20.107 -4.534 12.06 -17.681
4 16 -7.483 21.721 -20.682 -7.013 22.447 -20.803 -6.313 22.869 -20.776 -6.929 20.834 -20.278
3 16 -9.317 24.656 -22.021 -7.209 22.605 -20.897 -7.629 21.955 -20.789
3 16 -.404 10.892 -19.952 0 10.875 -20.117 0 9.871 -19.691
3 16 -4.812 7.609 -16.602 -4.812 9.861 -16.885 -3.436 7.232 -17.494
3 16 -12.164 .65 -12.769 -12.349 .646 -12.54 -12.28 .677 -12.632
4 16 -4.829 -10.756 .217 0 -11.304 .154 0 -11.016 4.487 -4.6 -10.465 4.305
3 16 0 -10.019 8.229 -4.173 -9.426 8.066 0 -11.016 4.487
3 16 -4.173 -9.426 8.066 -4.6 -10.465 4.305 0 -11.016 4.487
3 16 0 -8.237 11.207 0 -4.399 14.125 -3.995 -7.61 10.901
3 16 0 -4.399 14.125 -3.698 -3.781 13.797 -3.995 -7.61 10.901
3 16 -3.995 -7.61 10.901 -4.173 -9.426 8.066 0 -8.237 11.207
3 16 -4.173 -9.426 8.066 0 -10.019 8.229 0 -8.237 11.207
3 16 -3.698 -3.781 13.797 0 -4.399 14.125 0 .989 15.53
4 16 -9.854 -8.921 .366 -4.829 -10.756 .217 -4.6 -10.465 4.305 -9.089 -8.809 4.226
3 16 -13.005 -5.312 4.303 -15.235 -.523 1.415 -13.513 -5.194 .754
3 16 -13.513 -5.194 .754 -9.854 -8.921 .366 -13.005 -5.312 4.303
3 16 -9.854 -8.921 .366 -9.089 -8.809 4.226 -13.005 -5.312 4.303
4 16 -13.005 -5.312 4.303 -9.089 -8.809 4.226 -8.123 -8.059 7.438 -11.934 -4.619 7.526
3 16 -15.235 -.523 1.415 -13.005 -5.312 4.303 -12.791 .077 8.753
3 16 -13.005 -5.312 4.303 -11.934 -4.619 7.526 -12.791 .077 8.753
4 16 -16.527 7.588 .894 -12.791 .077 8.753 -15.12 6.947 4.859 -16.429 7.605 1.198
3 16 -9.395 16.794 -16.198 -11.344 17.294 -14.707 -11.165 17.881 -15.306
4 16 -15.143 7.194 4.903 -13.741 7.112 9.108 -13.869 8.06 9.156 -16.085 7.667 2.268
3 16 -16.527 7.588 .894 -15.235 -.523 1.415 -12.791 .077 8.753
3 16 -9.089 -8.809 4.226 -4.6 -10.465 4.305 -8.123 -8.059 7.438
3 16 -4.6 -10.465 4.305 -4.173 -9.426 8.066 -8.123 -8.059 7.438
3 16 -12.791 .077 8.753 -11.934 -4.619 7.526 -10.2 -3.962 10.048
3 16 -11.934 -4.619 7.526 -8.123 -8.059 7.438 -10.2 -3.962 10.048
3 16 -8.123 -8.059 7.438 -7.211 -6.403 10.404 -10.2 -3.962 10.048
3 16 -3.995 -7.61 10.901 -7.211 -6.403 10.404 -4.173 -9.426 8.066
3 16 -7.211 -6.403 10.404 -8.123 -8.059 7.438 -4.173 -9.426 8.066
3 16 -10.2 -3.962 10.048 -7.211 -6.403 10.404 -8.169 -2.594 12.326
3 16 -3.995 -7.61 10.901 -3.698 -3.781 13.797 -7.211 -6.403 10.404
3 16 -7.211 -6.403 10.404 -3.698 -3.781 13.797 -8.169 -2.594 12.326
3 16 -12.791 .077 8.753 -10.2 -3.962 10.048 -9.445 1.013 12.338
3 16 -10.2 -3.962 10.048 -8.169 -2.594 12.326 -9.445 1.013 12.338
3 16 -10.034 8.309 13.256 -11.789 7.391 11.21 -10.008 7.99 13.216
4 16 -11.344 17.294 -14.707 -9.395 16.794 -16.198 -10.453 14.349 -13.403 -11.685 16.426 -13.747
3 16 -11.773 7.128 11.171 -9.445 1.013 12.338 -9.987 7.726 13.183
3 16 -15.12 6.947 4.859 -12.791 .077 8.753 -13.707 6.863 9.096
3 16 -13.741 7.112 9.108 -13.309 7.168 9.559 -13.869 8.06 9.156
4 16 -13.309 7.168 9.559 -11.789 7.391 11.21 -10.034 8.309 13.256 -13.869 8.06 9.156
3 16 -5.862 4.756 14.862 -3.275 5.605 15.705 -5.298 8.223 15.613
3 16 -5.298 8.223 15.613 -3.275 5.605 15.705 0 8.33 16.409
3 16 0 8.33 16.409 -3.275 5.605 15.705 0 5.626 16.033
4 16 -8.169 -2.594 12.326 -4.978 1.407 14.744 -5.858 3.671 14.719 -9.445 1.013 12.338
3 16 -5.858 3.671 14.719 -9.987 7.726 13.183 -9.445 1.013 12.338
3 16 -13.199 18.514 -13.83 -13.767 19.492 -14.011 -13.206 19.134 -14.277
3 16 -10.008 7.99 13.216 -9.987 7.726 13.183 -5.858 3.671 14.719
3 16 -5.858 3.671 14.719 -5.862 4.756 14.862 -10.034 8.309 13.256
3 16 -10.034 8.309 13.256 -5.862 4.756 14.862 -5.298 8.223 15.613
3 16 -4.978 1.407 14.744 -8.169 -2.594 12.326 -3.698 -3.781 13.797
3 16 -13.693 24.492 -16.901 -13.217 25.509 -18.433 -13.781 24.075 -17.287
3 16 -13.217 25.509 -18.433 -13.186 24.96 -18.746 -13.781 24.075 -17.287
3 16 -14.039 25.017 -16.48 -13.256 25.824 -18.194 -13.693 24.492 -16.901
3 16 -13.256 25.824 -18.194 -13.217 25.509 -18.433 -13.693 24.492 -16.901
3 16 -13.781 24.075 -17.287 -13.186 24.96 -18.746 -14.003 23.632 -17.442
3 16 -12.561 23.809 -20.452 -13.44 22.641 -18.363 -13.186 24.96 -18.746
3 16 -13.44 22.641 -18.363 -14.003 23.632 -17.442 -13.186 24.96 -18.746
3 16 -10.314 27.058 -14.083 -13.262 26.463 -15.531 -12.14 24.75 -10.726
3 16 -13.262 26.463 -15.531 -14.107 24.069 -11.332 -12.14 24.75 -10.726
3 16 -10.314 27.058 -14.083 -7.775 27.917 -16.05 -11.632 27.828 -17.401
3 16 -7.775 27.917 -16.05 -9.426 28.586 -18.264 -11.632 27.828 -17.401
3 16 -8.079 27.784 -20.13 -5.105 26.289 -19.86 -8.175 26.036 -21.663
3 16 -5.105 26.289 -19.86 -5.779 24.633 -21.207 -8.175 26.036 -21.663
3 16 -8.175 26.036 -21.663 -5.779 24.633 -21.207 -9.317 24.656 -22.021
3 16 -10.008 7.99 13.216 -5.858 3.671 14.719 -10.034 8.309 13.256
3 16 -11.958 3.02 -12.713 -11.958 2.47 -12.811 -12.656 2.473 -11.992
4 16 -10.588 14.036 -13.044 -11.202 12.617 -11.422 -11.466 13.218 -11.609 -11.344 13.604 -12.009
3 16 -9.234 27.709 -21.169 -9.344 26.658 -21.71 -9.192 28.053 -20.994
4 16 -13.454 17.736 -13.018 -13.845 18.635 -13.302 -13.767 19.492 -14.011 -13.199 18.514 -13.83
3 16 -14.96 22.618 -12.113 -14.039 25.017 -16.48 -14.691 22.135 -12.328
3 16 -14.039 25.017 -16.48 -13.693 24.492 -16.901 -14.691 22.135 -12.328
3 16 -14.691 22.135 -12.328 -13.693 24.492 -16.901 -14.685 21.638 -12.571
3 16 -13.693 24.492 -16.901 -13.781 24.075 -17.287 -14.685 21.638 -12.571
3 16 -14.95 21.226 -12.939 -14.685 21.638 -12.571 -14.003 23.632 -17.442
3 16 -14.685 21.638 -12.571 -13.781 24.075 -17.287 -14.003 23.632 -17.442
3 16 -14.95 21.226 -12.939 -14.003 23.632 -17.442 -14.388 19.86 -13.681
3 16 -14.003 23.632 -17.442 -13.44 22.641 -18.363 -14.388 19.86 -13.681
4 16 -16.031 18.545 -7.995 -14.95 21.226 -12.939 -14.388 19.86 -13.681 -15.348 16.994 -8.888
4 16 -13.265 17.307 -12.885 -12.309 15.133 -12.207 -12.6 14.093 -10.568 -13.41 14.948 -10.072
3 16 -13.855 14.13 -9.211 -14.884 13.124 -7.624 -14.473 14.439 -8.676
4 16 -11.58 17.376 -14.542 -11.922 16.506 -13.579 -13.265 17.307 -12.885 -12.963 18.283 -13.886
3 16 -12.727 3.419 -11.742 -11.761 4.316 -11.361 -11.85 3.782 -12.282
3 16 -16.754 14.466 -3.967 -15.115 13.221 -7.133 -15.725 12.084 -4.975
3 16 -13.925 19.594 -13.936 -13.971 18.912 -13.385 -14.388 19.86 -13.681
3 16 -12.701 24.976 -21.387 -12.561 23.809 -20.452 -13.546 26.024 -20.446
4 16 -14 1.88 -9 -13.136 1.877 -11.055 -12.547 1.009 -12.38 -14.585 .363 -7.474
3 16 -13.948 10.658 -7.519 -14.399 9.017 -6.274 -14.484 9.735 -6.509
4 16 -11.619 13.564 -11.717 -11.739 13.184 -11.094 -12.4 13.881 -10.69 -12.15 14.772 -12.094
3 16 -11.466 13.218 -11.609 -11.202 12.617 -11.422 -11.543 12.977 -11.214
3 16 -14.906 14.477 9.724 -17.074 15.346 2.872 -14.925 13.974 9.639
3 16 -17.074 15.346 2.872 -17.243 14.736 2.7 -14.925 13.974 9.639
3 16 0 15.194 16.91 -5.386 15.049 16.283 0 14.563 17.069
3 16 -5.386 15.049 16.283 -5.42 14.551 16.358 0 14.563 17.069
3 16 0 13.062 17.335 -5.602 13.002 16.673 0 8.33 16.409
3 16 -5.602 13.002 16.673 -5.298 8.223 15.613 0 8.33 16.409
3 16 -5.386 15.049 16.283 -10.599 14.809 14.121 -5.42 14.551 16.358
3 16 -10.599 14.809 14.121 -10.809 14.132 14.09 -5.42 14.551 16.358
3 16 -5.602 13.002 16.673 -10.888 12.639 14.263 -5.298 8.223 15.613
4 16 -12.4 13.881 -10.69 -11.739 13.184 -11.094 -12.022 12.296 -10.377 -12.46 13.666 -10.526
3 16 -10.454 10.438 13.751 -10.401 10.17 13.689 -5.298 8.223 15.613
3 16 -5.298 8.223 15.613 -10.401 10.17 13.689 -10.034 8.309 13.256
3 16 -10.599 14.809 14.121 -14.906 14.477 9.724 -10.809 14.132 14.09
3 16 -14.906 14.477 9.724 -14.925 13.974 9.639 -10.809 14.132 14.09
4 16 -12.063 9.957 11.879 -10.454 10.438 13.751 -10.888 12.639 14.263 -15.129 12.447 9.797
3 16 -10.401 10.17 13.689 -11.809 9.751 12.051 -10.034 8.309 13.256
3 16 -10.454 10.438 13.751 -5.298 8.223 15.613 -10.888 12.639 14.263
3 16 -10.034 8.309 13.256 -11.809 9.751 12.051 -12.305 9.602 11.469
4 16 -17.074 15.346 2.872 -16.752 17.154 -2.47 -16.921 16.583 -2.745 -17.243 14.736 2.7
3 16 0 15.04 -21.345 -1.659 15.414 -20.838 -2.889 16.571 -20.797
3 16 -14.884 13.124 -7.624 -14.163 10.786 -7.342 -14.534 10.148 -6.645
3 16 -14.623 9.534 -6.055 -14.484 9.735 -6.509 -14.399 9.017 -6.274
4 16 -13.855 14.13 -9.211 -13.41 14.948 -10.072 -12.6 14.093 -10.568 -12.698 13.743 -10.3
3 16 -13.855 14.13 -9.211 -12.698 13.743 -10.3 -13.213 12.349 -9.098
3 16 -13.265 17.307 -12.885 -12.266 15.284 -12.358 -12.309 15.133 -12.207
4 16 -13.615 15.165 -9.947 -14 15.576 -9.719 -13.845 18.635 -13.302 -13.454 17.736 -13.018
3 16 -15.348 16.994 -8.888 -14.202 15.784 -9.588 -14.349 15.382 -9.243
4 16 -14.163 10.786 -7.342 -14.884 13.124 -7.624 -13.855 14.13 -9.211 -13.213 12.349 -9.098
3 16 -14.399 9.017 -6.274 -15.049 8.965 -4.392 -14.623 9.534 -6.055
3 16 -16.637 10.929 -1.467 -15.166 9.164 -4.219 -16.54 7.983 .615
3 16 -10.884 23.718 -21.56 -12.561 23.809 -20.452 -12.701 24.976 -21.387
3 16 -9.834 25.218 -22.309 -9.317 24.656 -22.021 -11.283 24.657 -22.082
3 16 -13.217 25.509 -18.433 -13.256 25.824 -18.194 -13.474 27.426 -19.627
3 16 -13.546 26.024 -20.446 -13.217 25.509 -18.433 -13.474 27.426 -19.627
3 16 -12.561 23.809 -20.452 -13.186 24.96 -18.746 -13.546 26.024 -20.446
3 16 -9.317 24.656 -22.021 -10.884 23.718 -21.56 -11.283 24.657 -22.082
3 16 -9.834 25.218 -22.309 -8.919 26.438 -21.993 -9.317 24.656 -22.021
3 16 -8.919 26.438 -21.993 -8.175 26.036 -21.663 -9.317 24.656 -22.021
4 16 -14.534 10.148 -6.645 -14.738 9.802 -5.942 -15.613 11.827 -5.084 -14.884 13.124 -7.624
3 16 -15.725 12.084 -4.975 -16.647 11.239 -1.686 -16.754 14.466 -3.967
3 16 -11.283 24.657 -22.082 -10.884 23.718 -21.56 -12.701 24.976 -21.387
4 16 0 11.125 -20.223 -.504 11.145 -20.016 -1.916 14.422 -20.805 0 14.131 -21.5
3 16 -8.919 26.438 -21.993 -9.006 28.158 -21.009 -8.175 26.036 -21.663
4 16 -5.056 12.603 -17.461 -4.812 12.506 -17.628 -4.534 12.06 -17.681 -4.812 12.216 -17.509
3 16 -15.85 19.586 -7.33 -15.787 18.998 -7.579 -16.752 17.154 -2.47
3 16 -15.787 18.998 -7.579 -16.921 16.583 -2.745 -16.752 17.154 -2.47
4 16 -15.108 9.679 6.805 -14.299 9.558 9.375 -15.129 12.447 9.797 -17.53 12.844 2.209
3 16 -14.228 9.31 9.339 -14.903 9.412 7.193 -13.869 8.06 9.156
4 16 -15.575 9.502 5.278 -17.026 10.201 1.548 -16.586 7.899 .972 -16.085 7.667 2.268
4 16 -16.085 7.667 2.268 -13.869 8.06 9.156 -14.903 9.412 7.193 -15.575 9.502 5.278
3 16 -11.632 27.828 -17.401 -12.522 28.646 -19.281 -13.474 27.426 -19.627
3 16 -16.429 7.605 1.198 -16.54 7.657 .91 -16.527 7.588 .894
3 16 -13.256 25.824 -18.194 -11.632 27.828 -17.401 -13.474 27.426 -19.627
4 16 -16.647 11.239 -1.686 -17.072 10.444 1.608 -17.53 12.844 2.209 -16.754 14.466 -3.967
4 16 -16.586 7.899 .972 -17.026 10.201 1.548 -16.637 10.929 -1.467 -16.54 7.983 .615
3 16 -13.186 24.96 -18.746 -13.217 25.509 -18.433 -13.546 26.024 -20.446
3 16 -16.54 7.657 .91 -16.53 7.676 .832 -16.527 7.588 .894
3 16 -4.856 -10.294 -5.632 -9.658 -8.444 -5.148 -9.254 -6.734 -10.633
3 16 -5.056 12.603 -17.461 -4.812 12.216 -17.509 -5.174 12.418 -17.286
3 16 -12.383 .753 -12.522 -12.349 .646 -12.54 -12.459 .866 -12.455
3 16 -5.174 12.418 -17.286 -6.209 13.063 -16.684 -5.056 12.603 -17.461
4 16 -3.946 -1.192 -18.099 -3.448 1.845 -18.518 -2.169 1.841 -18.667 0 -1.561 -18.518
4 16 -7.114 17.759 -18.212 -6.351 17.759 -18.813 -6.097 17.645 -18.942 -7.169 16.835 -17.591
3 16 -10.884 23.718 -21.56 -7.731 21.798 -20.715 -7.924 21.56 -20.601
3 16 -17.182 16.165 -3.059 -16.031 18.545 -7.995 -16.754 14.466 -3.967
3 16 -16.031 18.545 -7.995 -15.348 16.994 -8.888 -16.754 14.466 -3.967
3 16 -17.537 14.432 2.636 -17.182 16.165 -3.059 -17.53 12.844 2.209
3 16 -17.182 16.165 -3.059 -16.754 14.466 -3.967 -17.53 12.844 2.209
3 16 -15.06 13.734 9.733 -17.537 14.432 2.636 -15.129 12.447 9.797
3 16 -17.537 14.432 2.636 -17.53 12.844 2.209 -15.129 12.447 9.797
3 16 -10.935 13.87 14.273 -15.06 13.734 9.733 -10.888 12.639 14.263
3 16 -15.06 13.734 9.733 -15.129 12.447 9.797 -10.888 12.639 14.263
3 16 -5.544 14.25 16.616 -10.935 13.87 14.273 -5.602 13.002 16.673
3 16 -10.935 13.87 14.273 -10.888 12.639 14.263 -5.602 13.002 16.673
3 16 -5.602 13.002 16.673 0 13.062 17.335 -5.544 14.25 16.616
3 16 0 13.062 17.335 0 14.322 17.307 -5.544 14.25 16.616
3 16 -16.921 16.583 -2.745 -15.787 18.998 -7.579 -17.182 16.165 -3.059
3 16 -15.787 18.998 -7.579 -16.031 18.545 -7.995 -17.182 16.165 -3.059
3 16 -17.243 14.736 2.7 -16.921 16.583 -2.745 -17.537 14.432 2.636
3 16 -16.921 16.583 -2.745 -17.182 16.165 -3.059 -17.537 14.432 2.636
3 16 -14.925 13.974 9.639 -17.243 14.736 2.7 -15.06 13.734 9.733
3 16 -17.243 14.736 2.7 -17.537 14.432 2.636 -15.06 13.734 9.733
3 16 -14.925 13.974 9.639 -15.06 13.734 9.733 -10.809 14.132 14.09
3 16 -15.06 13.734 9.733 -10.935 13.87 14.273 -10.809 14.132 14.09
3 16 -5.42 14.551 16.358 -10.809 14.132 14.09 -5.544 14.25 16.616
3 16 -10.809 14.132 14.09 -10.935 13.87 14.273 -5.544 14.25 16.616
3 16 -5.544 14.25 16.616 0 14.322 17.307 -5.42 14.551 16.358
3 16 0 14.322 17.307 0 14.563 17.069 -5.42 14.551 16.358
3 16 0 25.096 -20.455 -2.582 25.393 -19.921 0 24.645 -18.225
3 16 -2.582 25.393 -19.921 -2.468 25.18 -18.101 0 24.645 -18.225
3 16 -2.582 25.393 -19.921 -5.105 26.289 -19.86 -2.468 25.18 -18.101
3 16 -5.105 26.289 -19.86 -5.461 26.696 -17.46 -2.468 25.18 -18.101
4 16 -2.582 25.393 -19.921 0 25.096 -20.455 0 23.791 -21.803 -3.156 23.962 -21.367
3 16 -2.582 25.393 -19.921 -3.156 23.962 -21.367 -5.105 26.289 -19.86
3 16 -3.156 23.962 -21.367 -5.779 24.633 -21.207 -5.105 26.289 -19.86
3 16 -4.769 22.869 -21.287 -3.21 22.869 -21.377 -3.335 20.366 -21.401
4 16 -5.779 24.633 -21.207 -3.156 23.962 -21.367 -3.198 23.119 -21.375 -4.912 23.119 -21.276
4 16 -4.769 22.869 -21.287 -3.335 20.366 -21.401 -6.929 20.834 -20.278 -6.313 22.869 -20.776
3 16 -4.912 23.119 -21.276 -6.237 23.119 -20.837 -5.779 24.633 -21.207
3 16 0 23.119 -21.899 -.654 23.119 -21.724 0 23.791 -21.803
3 16 -3.21 22.869 -21.377 -.898 22.869 -21.695 -3.335 20.366 -21.401
3 16 0 15.783 17.181 -5.349 15.512 16.536 0 15.194 16.91
3 16 -5.349 15.512 16.536 -5.386 15.049 16.283 0 15.194 16.91
3 16 0 17.528 16.425 -4.945 17.546 15.833 0 15.783 17.181
3 16 -4.945 17.546 15.833 -5.349 15.512 16.536 0 15.783 17.181
4 16 -11.958 1.25 -13.04 -11.958 1.206 -13.049 -12.453 1.004 -12.495 -12.174 1.25 -12.779
3 16 -4.298 18.9 14.144 -4.945 17.546 15.833 0 17.528 16.425
3 16 -13.711 22.344 -5.703 -15.572 21.377 -6.449 -14.562 20.628 -1.205
3 16 -15.572 21.377 -6.449 -16.313 19.382 -1.614 -14.562 20.628 -1.205
3 16 -4.298 18.9 14.144 -8.709 19.09 11.902 -4.945 17.546 15.833
3 16 -8.709 19.09 11.902 -9.948 17.697 13.672 -4.945 17.546 15.833
3 16 -5.349 15.512 16.536 -10.665 15.443 14.444 -5.386 15.049 16.283
3 16 -10.665 15.443 14.444 -10.599 14.809 14.121 -5.386 15.049 16.283
3 16 -8.709 19.09 11.902 -11.875 19.171 8.621 -9.948 17.697 13.672
3 16 -11.875 19.171 8.621 -13.872 17.958 9.618 -9.948 17.697 13.672
3 16 -10.665 15.443 14.444 -15.105 15.51 9.984 -10.599 14.809 14.121
3 16 -15.105 15.51 9.984 -14.906 14.477 9.724 -10.599 14.809 14.121
3 16 -11.875 19.171 8.621 -14.517 19.657 2.907 -13.872 17.958 9.618
3 16 -14.517 19.657 2.907 -16.31 18.267 3.01 -13.872 17.958 9.618
3 16 -14.906 14.477 9.724 -15.105 15.51 9.984 -17.074 15.346 2.872
3 16 -15.105 15.51 9.984 -17.356 16.086 2.917 -17.074 15.346 2.872
4 16 -16.31 18.267 3.01 -14.517 19.657 2.907 -14.562 20.628 -1.205 -16.313 19.382 -1.614
3 16 -17.074 15.346 2.872 -17.356 16.086 2.917 -16.752 17.154 -2.47
3 16 -17.356 16.086 2.917 -16.988 17.59 -2.361 -16.752 17.154 -2.47
3 16 -16.752 17.154 -2.47 -16.988 17.59 -2.361 -15.85 19.586 -7.33
3 16 -16.988 17.59 -2.361 -16.111 20.116 -7.182 -15.85 19.586 -7.33
3 16 -15.572 21.377 -6.449 -16.111 20.116 -7.182 -16.313 19.382 -1.614
3 16 -16.111 20.116 -7.182 -16.988 17.59 -2.361 -16.313 19.382 -1.614
3 16 -16.313 19.382 -1.614 -16.988 17.59 -2.361 -16.31 18.267 3.01
3 16 -16.988 17.59 -2.361 -17.356 16.086 2.917 -16.31 18.267 3.01
3 16 -13.872 17.958 9.618 -16.31 18.267 3.01 -15.105 15.51 9.984
3 16 -16.31 18.267 3.01 -17.356 16.086 2.917 -15.105 15.51 9.984
4 16 -15.105 15.51 9.984 -10.665 15.443 14.444 -9.948 17.697 13.672 -13.872 17.958 9.618
3 16 -10.665 15.443 14.444 -5.349 15.512 16.536 -9.948 17.697 13.672
3 16 -5.349 15.512 16.536 -4.945 17.546 15.833 -9.948 17.697 13.672
3 16 -15.572 21.377 -6.449 -13.711 22.344 -5.703 -14.107 24.069 -11.332
3 16 -13.711 22.344 -5.703 -12.14 24.75 -10.726 -14.107 24.069 -11.332
3 16 -14.107 24.069 -11.332 -14.96 22.618 -12.113 -15.572 21.377 -6.449
3 16 -14.96 22.618 -12.113 -16.111 20.116 -7.182 -15.572 21.377 -6.449
3 16 -14.96 22.618 -12.113 -14.107 24.069 -11.332 -14.039 25.017 -16.48
3 16 -14.107 24.069 -11.332 -13.262 26.463 -15.531 -14.039 25.017 -16.48
4 16 -3.258 3.004 -18.678 -2.912 3.004 -18.718 -2.637 2.574 -18.699 -3.329 2.572 -18.618
3 16 0 3.127 15.792 -3.117 3.128 15.456 0 .989 15.53
3 16 -5.858 3.671 14.719 -4.978 1.407 14.744 -3.117 3.128 15.456
4 16 -3.698 -3.781 13.797 0 .989 15.53 -3.117 3.128 15.456 -4.978 1.407 14.744
3 16 -5.858 3.671 14.719 -4.358 3.975 15.079 -5.862 4.756 14.862
3 16 -5.862 4.756 14.862 -4.358 3.975 15.079 0 4.823 15.594
3 16 0 4.823 15.594 -4.358 3.975 15.079 0 3.916 15.526
3 16 0 3.916 15.526 -3.117 3.128 15.456 0 3.127 15.792
3 16 -3.275 5.605 15.705 -5.862 4.756 14.862 0 4.823 15.594
3 16 -4.467 -5.336 -15.773 -4.812 -8.46 -11.601 -4.812 -5.22 -15.681
3 16 -11.24 6.12 -11.145 -11.24 5.894 -11.184 -11.464 5.316 -11.007
3 16 -11.958 .65 -13.022 -11.958 -.547 -12.744 -12.349 .646 -12.54
3 16 -4.856 -10.294 -5.632 -9.254 -6.734 -10.633 -6.833 -7.675 -11.161
3 16 -6.591 18.655 -19.183 -5.586 17.689 -19.372 -5.869 17.816 -19.229
3 16 -12.522 28.646 -19.281 -11.632 27.828 -17.401 -10.32 29.193 -19.86
3 16 -10.32 29.193 -19.86 -11.632 27.828 -17.401 -9.426 28.586 -18.264
4 16 -8.079 27.784 -20.13 -9.426 28.586 -18.264 -7.775 27.917 -16.05 -5.461 26.696 -17.46
3 16 -8.079 27.784 -20.13 -5.461 26.696 -17.46 -5.105 26.289 -19.86
3 16 -4.358 3.975 15.079 -5.858 3.671 14.719 -3.117 3.128 15.456
3 16 -3.275 5.605 15.705 0 4.823 15.594 0 5.626 16.033
3 16 0 3.916 15.526 -4.358 3.975 15.079 -3.117 3.128 15.456
3 16 -3.668 15.564 -19.852 -4.881 12.878 -17.722 -5.423 15.813 -18.478
4 16 -9.317 24.656 -22.021 -7.629 21.955 -20.789 -7.731 21.798 -20.715 -10.884 23.718 -21.56
3 16 -8.934 20.199 -19.607 -9.015 19.553 -19.189 -9.25 20.077 -19.487
4 16 -9.015 19.553 -19.189 -8.934 20.199 -19.607 -8.138 20.901 -20.157 -6.929 20.834 -20.278
3 16 -9.353 20.305 -19.617 -8.318 21.075 -20.242 -9.066 20.416 -19.726
3 16 -6.929 20.834 -20.278 -8.138 20.901 -20.157 -7.722 21.412 -20.535
4 16 -.404 10.892 -19.952 0 9.871 -19.691 -2.144 10.155 -18.923 -2.101 10.961 -19.278
4 16 -7.924 21.56 -20.601 -8.318 21.075 -20.242 -9.353 20.305 -19.617 -10.884 23.718 -21.56
3 16 -1.916 14.422 -20.805 -.504 11.145 -20.016 -2.088 11.21 -19.388
4 16 0 5.043 -17.923 0 3.655 -18.994 -1.251 3.839 -18.692 -2.712 5.024 -17.603
3 16 -9.583 19.949 -19.083 -9.403 20.018 -19.327 -9.015 19.553 -19.189
3 16 -12.547 1.009 -12.38 -12.349 .646 -12.54 -11.958 -.547 -12.744
4 16 -11.667 4.633 -10.874 -11.761 4.316 -11.361 -12.727 3.419 -11.742 -12.705 4.522 -9.609
4 16 -1.251 3.839 -18.692 -2.375 4.092 -18.351 -2.906 4.376 -18.066 -2.712 5.024 -17.603
4 16 -7.066 18.544 -18.739 -6.815 18.496 -18.907 -6.724 18.437 -18.942 -7.099 18.009 -18.38
3 16 -3.577 16.38 -20.138 -3.216 15.492 -20.203 -4.145 16.331 -19.66
3 16 -11.632 27.828 -17.401 -13.256 25.824 -18.194 -13.262 26.463 -15.531
3 16 -13.256 25.824 -18.194 -14.039 25.017 -16.48 -13.262 26.463 -15.531
3 16 -13.262 26.463 -15.531 -10.314 27.058 -14.083 -11.632 27.828 -17.401
3 16 -13.265 17.307 -12.885 -11.922 16.506 -13.579 -12.266 15.284 -12.358
3 16 -11.958 .975 -13.098 -11.958 .75 -13.046 -12.174 .75 -12.78
4 16 -14 15.576 -9.719 -13.615 15.165 -9.947 -13.711 14.962 -9.75 -14.159 15.212 -9.375
4 16 -12.15 6.596 -9.656 -12.15 7.041 -9.474 -11.256 7.961 -10.539 -11.24 6.846 -11.02
3 16 -11.958 1.833 -12.924 -11.958 1.569 -12.97 -12.196 1.343 -12.732
3 16 -12.547 1.009 -12.38 -12.459 .866 -12.455 -12.349 .646 -12.54
3 16 -11.346 18.145 -15.407 -11.385 18.016 -15.195 -12.963 18.985 -14.399
4 16 -10.629 18.577 -16.858 -10.828 18.62 -16.658 -11.745 20.152 -17.407 -11.707 20.136 -17.435
4 16 -9.395 16.794 -16.198 -10.421 18.277 -16.747 -10.32 18.255 -16.813 -9.855 17.837 -16.809
3 16 -7.528 21.651 -20.649 -7.483 21.721 -20.682 -6.929 20.834 -20.278
3 16 -12.216 1.25 -12.728 -12.453 1.004 -12.495 -12.3 1.231 -12.631
3 16 -12.381 1.167 -12.546 -12.453 1.004 -12.495 -12.429 1.096 -12.504
3 16 -12.453 1.004 -12.495 -12.358 1.189 -12.569 -12.3 1.231 -12.631
4 16 -9.163 18.479 -18.025 -9.228 18.009 -17.515 -9.755 18.067 -17.118 -9.35 18.474 -17.859
3 16 -11.958 1.569 -12.97 -11.958 1.35 -13.018 -12.196 1.343 -12.732
3 16 -12.477 1.076 -12.45 -12.495 1.006 -12.443 -12.547 1.009 -12.38
3 16 -9.769 18.895 -17.905 -10.152 19.73 -18.382 -9.128 18.731 -18.297
4 16 -12.727 3.419 -11.742 -12.656 2.473 -11.992 -13.584 2.537 -10.048 -14.037 3.205 -9.029
4 16 -7.866 16.285 -16.813 -9.262 17.759 -17.244 -8.089 17.759 -18.101 -7.472 16.566 -17.377
4 16 -7.114 17.759 -18.212 -7.169 16.835 -17.591 -7.472 16.566 -17.377 -8.089 17.759 -18.101
4 16 -8.218 18.009 -18.253 -8.472 18.501 -18.551 -7.066 18.544 -18.739 -7.099 18.009 -18.38
4 16 -7.051 18.795 -18.908 -8.599 18.747 -18.7 -9.015 19.553 -19.189 -6.929 20.834 -20.278
3 16 -10.134 14.566 -13.975 -10.453 14.349 -13.403 -9.395 16.794 -16.198
4 16 -14.399 9.017 -6.274 -13.316 6.727 -8.092 -13.271 6.119 -8.179 -13.381 5.775 -8.007
4 16 -12.15 8.984 -9.82 -12.07 9.891 -10.061 -11.202 12.617 -11.422 -11.256 7.961 -10.539
3 16 -5.497 16.215 -18.521 -5.173 16.922 -19.219 -4.486 16.302 -19.373
4 16 -4.534 12.06 -17.681 -3.127 15.076 -20.107 -2.363 11.252 -19.187 -3.442 11.575 -18.406
4 16 -9.572 20.221 -19.387 -12.561 23.809 -20.452 -10.884 23.718 -21.56 -9.353 20.305 -19.617
4 16 -5.497 16.215 -18.521 -4.486 16.302 -19.373 -3.668 15.564 -19.852 -5.423 15.813 -18.478
4 16 -7.209 22.605 -20.897 -9.317 24.656 -22.021 -5.779 24.633 -21.207 -6.695 23.119 -20.941
4 16 -11.552 13.773 -11.933 -12.026 15.216 -12.537 -11.685 16.426 -13.747 -10.453 14.349 -13.403
3 16 -11.773 7.128 11.171 -13.16 6.93 9.666 -9.445 1.013 12.338
4 16 -13.707 6.863 9.096 -12.791 .077 8.753 -9.445 1.013 12.338 -13.16 6.93 9.666
4 16 -12.547 1.009 -12.38 -11.958 -.547 -12.744 -12.027 -2.556 -11.37 -12.828 -3.6 -8.954
4 16 -11.58 17.376 -14.542 -12.963 18.283 -13.886 -12.963 18.985 -14.399 -11.385 18.016 -15.195
4 16 -14.388 19.86 -13.681 -13.971 18.912 -13.385 -14.202 15.784 -9.588 -15.348 16.994 -8.888
4 16 -11.543 12.977 -11.214 -11.202 12.617 -11.422 -11.825 11.916 -10.419 -11.778 12.24 -10.619
4 16 -12.127 11.575 -9.932 -12.987 12.24 -9.295 -12.46 13.666 -10.526 -12.022 12.296 -10.377
4 16 -15.115 13.221 -7.133 -16.754 14.466 -3.967 -15.348 16.994 -8.888 -14.959 13.721 -7.816
4 16 -12.987 12.24 -9.295 -12.127 11.575 -9.932 -14.399 9.017 -6.274 -13.948 10.658 -7.519
3 16 -12.28 .677 -12.632 -12.349 .646 -12.54 -12.383 .753 -12.522
3 16 0 18.835 14.806 -4.298 18.9 14.144 0 17.528 16.425

0 // Black
3 0 -9.148 4.901 -13.943 -6.18 6.475 -15.985 -5.356 5.004 -16.743
4 0 -9.353 20.305 -19.617 -9.066 20.416 -19.726 -8.934 20.199 -19.607 -9.25 20.077 -19.487
3 0 -4.812 5.008 -16.92 -4.812 5.635 -16.956 -3.944 5.015 -17.202
4 0 -4.812 5.635 -16.956 -5.356 5.004 -16.743 -6.18 6.475 -15.985 -5.9 6.602 -16.131
4 0 -10.152 19.73 -18.382 -10.428 19.762 -18.176 -10.885 20.068 -18.077 -10.184 19.986 -18.601
4 0 -12.4 13.881 -10.69 -12.6 14.093 -10.568 -12.309 15.133 -12.207 -12.15 14.772 -12.094
3 0 -4.812 2.567 -18.065 -6.844 1.828 -17.351 -6.656 2.512 -17.433
4 0 -13.014 27.367 -19.847 -12.563 27.322 -20.057 -12.504 26.592 -20.525 -12.953 26.329 -20.501
4 0 -12.953 26.329 -20.501 -12.504 26.592 -20.525 -11.968 26.304 -20.91 -12.353 25.853 -21.019
4 0 -10.425 26.184 -21.547 -10.643 26.554 -21.257 -10.134 26.917 -21.257 -9.711 26.899 -21.433
4 0 -9.711 26.899 -21.433 -10.134 26.917 -21.257 -10.035 27.686 -20.872 -9.532 27.902 -20.947
4 0 -9.532 27.902 -20.947 -10.035 27.686 -20.872 -10.694 28.321 -20.223 -10.481 28.81 -20.02
3 0 -3.258 3.004 -18.678 -4.812 3.004 -18.099 -4.812 3.249 -18.118
4 0 -10.481 28.81 -20.02 -10.694 28.321 -20.223 -12.079 27.967 -19.866 -12.302 28.303 -19.574
4 0 -3.127 15.076 -20.107 -3.216 15.492 -20.203 -2.628 15.027 -20.483 -2.703 14.794 -20.331
4 0 -11.241 26.337 -21.155 -11.234 25.917 -21.395 -12.353 25.853 -21.019 -11.968 26.304 -20.91
4 0 -13.855 14.13 -9.211 -13.711 14.962 -9.75 -13.615 15.165 -9.947 -13.41 14.948 -10.072
3 0 -10.06 3.004 -14.955 -10.45 3.004 -14.484 -9.969 3.462 -14.966
3 0 -3.216 15.492 -20.203 -1.902 14.679 -20.919 -2.628 15.027 -20.483
3 0 -1.659 15.414 -20.838 -1.902 14.679 -20.919 -3.216 15.492 -20.203
3 0 -1.902 14.679 -20.919 -1.659 15.414 -20.838 0 15.04 -21.345
3 0 -9.148 4.901 -13.943 -5.356 5.004 -16.743 -6.386 3.496 -17.551
3 0 -4.812 5.008 -16.92 -4.812 4.611 -17.243 -5.356 5.004 -16.743
3 0 -3.187 3.436 -18.737 -4.812 3.466 -18.135 -4.812 4.611 -17.243
4 0 -8.318 21.075 -20.242 -8.138 20.901 -20.157 -8.934 20.199 -19.607 -9.066 20.416 -19.726
4 0 -12.963 18.283 -13.886 -13.199 18.514 -13.83 -13.206 19.134 -14.277 -12.963 18.985 -14.399
3 0 -.837 14.441 -21.274 0 14.379 -21.519 0 14.254 -21.552
3 0 -2.375 4.092 -18.351 -3.187 3.436 -18.737 -2.906 4.376 -18.066
3 0 -14.884 13.124 -7.624 -15.115 13.221 -7.133 -14.959 13.721 -7.816
4 0 -9.659 3.014 -15.225 -9.969 3.462 -14.966 -6.386 3.496 -17.551 -6.521 3.004 -17.492
3 0 -6.386 3.496 -17.551 -4.812 3.004 -18.099 -6.521 3.004 -17.492
3 0 -4.812 3.466 -18.135 -4.812 3.249 -18.118 -6.386 3.496 -17.551
4 0 -14.228 9.31 9.339 -14.299 9.558 9.375 -15.108 9.679 6.805 -14.903 9.412 7.193
3 0 -2.912 3.004 -18.718 -3.258 3.004 -18.678 -3.187 3.436 -18.737
4 0 -2.637 2.574 -18.699 0 2.583 -19.035 0 1.833 -18.941 -2.169 1.841 -18.667
4 0 0 3.46 -19.144 -3.187 3.436 -18.737 -1.251 3.839 -18.692 0 3.655 -18.994
4 0 -15.115 13.221 -7.133 -14.884 13.124 -7.624 -15.613 11.827 -5.084 -15.725 12.084 -4.975
4 0 -14.534 10.148 -6.645 -14.484 9.735 -6.509 -14.623 9.534 -6.055 -14.738 9.802 -5.942
4 0 -9.25 20.077 -19.487 -9.403 20.018 -19.327 -9.572 20.221 -19.387 -9.353 20.305 -19.617
4 0 -9.583 19.949 -19.083 -9.83 20.122 -19.037 -9.572 20.221 -19.387 -9.403 20.018 -19.327
3 0 -9.969 3.462 -14.966 -9.148 4.901 -13.943 -6.386 3.496 -17.551
4 0 -14.163 10.786 -7.342 -13.948 10.658 -7.519 -14.484 9.735 -6.509 -14.534 10.148 -6.645
3 0 -6.577 7.189 -15.604 -9.148 4.901 -13.943 -6.914 7.481 -15.341
3 0 -6.914 7.481 -15.341 -9.148 4.901 -13.943 -7.452 7.796 -14.912
4 0 -13.948 10.658 -7.519 -14.163 10.786 -7.342 -13.213 12.349 -9.098 -12.987 12.24 -9.295
4 0 -5.869 17.816 -19.229 -5.586 17.689 -19.372 -5.731 17.48 -19.127 -5.973 17.738 -19.097
4 0 -3.448 1.845 -18.518 -3.329 2.572 -18.618 -2.637 2.574 -18.699 -2.169 1.841 -18.667
4 0 -12.4 13.881 -10.69 -12.46 13.666 -10.526 -12.698 13.743 -10.3 -12.6 14.093 -10.568
4 0 -12.46 13.666 -10.526 -12.987 12.24 -9.295 -13.213 12.349 -9.098 -12.698 13.743 -10.3
3 0 -4.812 5.635 -16.956 -4.812 5.008 -16.92 -5.356 5.004 -16.743
4 0 -6.177 17.955 -19.072 -6.455 18.009 -18.887 -6.724 18.437 -18.942 -6.591 18.655 -19.183
3 0 -6.591 18.655 -19.183 -7.051 18.795 -18.908 -6.72 18.732 -19.13
4 0 -11.667 4.633 -10.874 -11.464 5.316 -11.007 -11.24 5.894 -11.184 -9.148 4.901 -13.943
3 0 -6.591 18.655 -19.183 -6.724 18.437 -18.942 -6.815 18.496 -18.907
4 0 -6.455 18.009 -18.887 -6.351 17.759 -18.813 -7.114 17.759 -18.212 -7.099 18.009 -18.38
4 0 -5.173 16.922 -19.219 -5 17.103 -19.468 -4.145 16.331 -19.66 -4.486 16.302 -19.373
4 0 -5 17.103 -19.468 -5.173 16.922 -19.219 -5.731 17.48 -19.127 -5.586 17.689 -19.372
3 0 -5.869 17.816 -19.229 -5.973 17.738 -19.097 -6.177 17.955 -19.072
3 0 -5.731 17.48 -19.127 -6.097 17.645 -18.942 -6.028 17.697 -19.029
3 0 -9.148 4.901 -13.943 -7.804 8.002 -14.567 -7.452 7.796 -14.912
4 0 -2.703 14.794 -20.331 -2.628 15.027 -20.483 -1.902 14.679 -20.919 -1.916 14.422 -20.805
3 0 -5.731 17.48 -19.127 -6.028 17.697 -19.029 -5.973 17.738 -19.097
4 0 -11.24 5.894 -11.184 -11.089 6.284 -11.304 -10.605 7.304 -11.726 -9.148 4.901 -13.943
4 0 -11.667 4.633 -10.874 -9.148 4.901 -13.943 -11.85 3.782 -12.282 -11.761 4.316 -11.361
4 0 -4.769 22.869 -21.287 -4.912 23.119 -21.276 -3.198 23.119 -21.375 -3.21 22.869 -21.377
4 0 -4.912 23.119 -21.276 -4.769 22.869 -21.287 -6.313 22.869 -20.776 -6.237 23.119 -20.837
4 0 -12.963 19.589 -15.155 -13.206 19.134 -14.277 -13.213 19.624 -14.881 -12.959 20.513 -16.314
3 0 -11.745 20.152 -17.407 -11.901 20.417 -17.539 -11.707 20.136 -17.435
3 0 -13.206 19.134 -14.277 -12.963 19.589 -15.155 -12.963 18.985 -14.399
3 0 -3.127 15.076 -20.107 -3.352 15.279 -20 -3.216 15.492 -20.203
4 0 -11.346 18.145 -15.407 -11.126 18.007 -15.513 -11.165 17.881 -15.306 -11.385 18.016 -15.195
3 0 -10.754 18.348 -16.412 -10.629 18.577 -16.858 -10.421 18.277 -16.747
3 0 -11.346 18.145 -15.407 -10.754 18.348 -16.412 -11.126 18.007 -15.513
4 0 -.837 14.441 -21.274 0 14.131 -21.5 -1.916 14.422 -20.805 -1.902 14.679 -20.919
4 0 -9.807 18.599 -17.587 -10.428 19.762 -18.176 -10.152 19.73 -18.382 -9.769 18.895 -17.905
4 0 -9.362 18.723 -18.089 -9.128 18.731 -18.297 -9.163 18.479 -18.025 -9.35 18.474 -17.859
3 0 -9.944 18.715 -17.581 -10.428 19.762 -18.176 -9.807 18.599 -17.587
4 0 -9.68 18.819 -17.908 -9.35 18.474 -17.859 -9.807 18.599 -17.587 -9.769 18.895 -17.905
3 0 -9.35 18.474 -17.859 -9.68 18.819 -17.908 -9.362 18.723 -18.089
4 0 -10.428 19.762 -18.176 -10.949 19.824 -17.787 -11.685 20.397 -17.707 -10.885 20.068 -18.077
4 0 -12.563 27.322 -20.057 -13.014 27.367 -19.847 -12.302 28.303 -19.574 -12.079 27.967 -19.866
4 0 -6.028 17.697 -19.029 -6.455 18.009 -18.887 -6.177 17.955 -19.072 -5.973 17.738 -19.097
4 0 -.654 23.119 -21.724 0 23.119 -21.899 0 22.869 -21.934 -.898 22.869 -21.695
4 0 -13.136 1.877 -11.055 -13.584 2.537 -10.048 -12.656 2.473 -11.992 -12.609 1.837 -12.161
4 0 -.898 22.869 -21.695 -3.21 22.869 -21.377 -3.198 23.119 -21.375 -.654 23.119 -21.724
4 0 -14.349 15.382 -9.243 -14.159 15.212 -9.375 -13.855 14.13 -9.211 -14.473 14.439 -8.676
4 0 -13.584 2.537 -10.048 -13.136 1.877 -11.055 -14 1.88 -9 -14 2.536 -9.058
4 0 -9.969 3.462 -14.966 -11.908 3.432 -12.699 -11.85 3.782 -12.282 -9.148 4.901 -13.943
4 0 -6.695 23.119 -20.941 -6.237 23.119 -20.837 -6.313 22.869 -20.776 -6.591 22.869 -20.839
4 0 -7.209 22.605 -20.897 -7.013 22.447 -20.803 -7.483 21.721 -20.682 -7.629 21.955 -20.789
3 0 0 14.131 -21.5 -.837 14.441 -21.274 0 14.254 -21.552
4 0 -8.472 18.501 -18.551 -8.599 18.747 -18.7 -7.051 18.795 -18.908 -7.066 18.544 -18.739
4 0 -9.228 18.009 -17.515 -8.218 18.009 -18.253 -8.089 17.759 -18.101 -9.262 17.759 -17.244
3 0 -3.352 15.279 -20 -3.668 15.564 -19.852 -3.216 15.492 -20.203
4 0 -11.685 16.426 -13.747 -11.922 16.506 -13.579 -11.58 17.376 -14.542 -11.344 17.294 -14.707
4 0 -12.15 14.772 -12.094 -12.309 15.133 -12.207 -12.266 15.284 -12.358 -12.026 15.216 -12.537
4 0 -11.58 17.376 -14.542 -11.385 18.016 -15.195 -11.165 17.881 -15.306 -11.344 17.294 -14.707
4 0 -13.454 17.736 -13.018 -13.199 18.514 -13.83 -12.963 18.283 -13.886 -13.265 17.307 -12.885
4 0 -3.668 15.564 -19.852 -4.486 16.302 -19.373 -4.145 16.331 -19.66 -3.216 15.492 -20.203
3 0 -7.924 21.56 -20.601 -7.528 21.651 -20.649 -7.722 21.412 -20.535
3 0 -7.483 21.721 -20.682 -7.731 21.798 -20.715 -7.629 21.955 -20.789
4 0 -7.924 21.56 -20.601 -7.722 21.412 -20.535 -8.138 20.901 -20.157 -8.318 21.075 -20.242
4 0 -11.773 7.128 11.171 -9.987 7.726 13.183 -10.008 7.99 13.216 -11.789 7.391 11.21
4 0 -13.454 17.736 -13.018 -13.265 17.307 -12.885 -13.41 14.948 -10.072 -13.615 15.165 -9.947
4 0 -13.741 7.112 9.108 -13.707 6.863 9.096 -13.16 6.93 9.666 -13.309 7.168 9.559
4 0 -11.809 9.751 12.051 -12.063 9.957 11.879 -12.379 9.861 11.507 -12.305 9.602 11.469
4 0 0 15.04 -21.345 0 14.379 -21.519 -.837 14.441 -21.274 -1.902 14.679 -20.919
4 0 -14.903 9.412 7.193 -15.108 9.679 6.805 -15.628 9.749 5.322 -15.575 9.502 5.278
3 0 -3.944 5.015 -17.202 -2.906 4.376 -18.066 -3.187 3.436 -18.737
4 0 -16.54 7.657 .91 -16.586 7.899 .972 -16.54 7.983 .615 -16.53 7.676 .832
4 0 -15.049 8.965 -4.392 -16.53 7.676 .832 -16.54 7.983 .615 -15.166 9.164 -4.219
4 0 -16.647 11.239 -1.686 -16.637 10.929 -1.467 -17.026 10.201 1.548 -17.072 10.444 1.608
4 0 -5.356 5.004 -16.743 -4.812 4.611 -17.243 -4.812 3.466 -18.135 -6.386 3.496 -17.551
4 0 -15.725 12.084 -4.975 -15.613 11.827 -5.084 -16.637 10.929 -1.467 -16.647 11.239 -1.686
4 0 -3.258 3.004 -18.678 -4.812 3.249 -18.118 -4.812 3.466 -18.135 -3.187 3.436 -18.737
4 0 -16.429 7.605 1.198 -16.085 7.667 2.268 -16.586 7.899 .972 -16.54 7.657 .91
4 0 -3.187 3.436 -18.737 0 3.46 -19.144 0 3.004 -19.087 -2.912 3.004 -18.718
3 0 -6.18 6.475 -15.985 -6.577 7.189 -15.604 -5.9 6.602 -16.131
3 0 -1.251 3.839 -18.692 -3.187 3.436 -18.737 -2.375 4.092 -18.351
4 0 -9.187 8.056 -13.35 -8.793 8.158 -13.676 -7.804 8.002 -14.567 -9.148 4.901 -13.943
4 0 -10.605 7.304 -11.726 -9.84 7.887 -12.572 -9.187 8.056 -13.35 -9.148 4.901 -13.943
4 0 -14.623 9.534 -6.055 -15.049 8.965 -4.392 -15.166 9.164 -4.219 -14.738 9.802 -5.942
3 0 -4.812 3.249 -18.118 -4.812 3.004 -18.099 -6.386 3.496 -17.551
3 0 -12.959 20.513 -16.314 -12.776 20.245 -16.213 -12.963 19.589 -15.155
4 0 -11.901 20.417 -17.539 -11.745 20.152 -17.407 -12.776 20.245 -16.213 -12.959 20.513 -16.314
4 0 -4.812 5.008 -16.92 -3.944 5.015 -17.202 -3.187 3.436 -18.737 -4.812 4.611 -17.243
4 0 -10.828 18.62 -16.658 -10.629 18.577 -16.858 -10.754 18.348 -16.412 -11.346 18.145 -15.407
4 0 -10.165 18.478 -17.161 -9.755 18.067 -17.118 -9.855 17.837 -16.809 -10.32 18.255 -16.813
4 0 -9.262 17.759 -17.244 -9.855 17.837 -16.809 -9.755 18.067 -17.118 -9.228 18.009 -17.515
4 0 -10.629 18.577 -16.858 -10.165 18.478 -17.161 -10.32 18.255 -16.813 -10.421 18.277 -16.747
4 0 -11.901 20.417 -17.539 -11.685 20.397 -17.707 -10.949 19.824 -17.787 -11.707 20.136 -17.435
4 0 -9.583 19.949 -19.083 -10.152 19.73 -18.382 -10.184 19.986 -18.601 -9.83 20.122 -19.037
4 0 -7.013 22.447 -20.803 -7.209 22.605 -20.897 -6.695 23.119 -20.941 -6.591 22.869 -20.839
3 0 -9.969 3.462 -14.966 -9.659 3.014 -15.225 -10.06 3.004 -14.955
4 0 -7.099 18.009 -18.38 -7.114 17.759 -18.212 -8.089 17.759 -18.101 -8.218 18.009 -18.253
4 0 -10.168 2.46 -14.943 -10.295 1.819 -14.928 -11.684 1.83 -13.246 -11.016 2.466 -13.916
4 0 -8.599 18.747 -18.7 -8.472 18.501 -18.551 -9.163 18.479 -18.025 -9.128 18.731 -18.297
4 0 -11.922 16.506 -13.579 -11.685 16.426 -13.747 -12.026 15.216 -12.537 -12.266 15.284 -12.358
4 0 -7.731 21.798 -20.715 -7.483 21.721 -20.682 -7.528 21.651 -20.649 -7.924 21.56 -20.601
4 0 -13.741 7.112 9.108 -15.143 7.194 4.903 -15.12 6.947 4.859 -13.707 6.863 9.096
4 0 -15.143 7.194 4.903 -16.085 7.667 2.268 -16.429 7.605 1.198 -15.12 6.947 4.859
4 0 -11.773 7.128 11.171 -11.789 7.391 11.21 -13.309 7.168 9.559 -13.16 6.93 9.666
4 0 -6.656 2.512 -17.433 -6.844 1.828 -17.351 -8.834 1.824 -15.914 -9.285 2.475 -15.537
3 0 -13.546 26.024 -20.446 -13.055 26.269 -20.495 -13.038 25.819 -20.765
3 0 -9.006 28.158 -21.009 -9.234 27.709 -21.169 -9.192 28.053 -20.994
3 0 -9.148 4.901 -13.943 -6.577 7.189 -15.604 -6.18 6.475 -15.985
4 0 -12.464 25.387 -21.246 -12.426 25.794 -21.025 -11.234 25.521 -21.619 -11.251 25.185 -21.801
3 0 -10.44 28.903 -19.981 -9.192 28.053 -20.994 -9.441 27.941 -20.96
4 0 -9.344 26.658 -21.71 -9.573 26.924 -21.472 -9.441 27.941 -20.96 -9.192 28.053 -20.994
3 0 -14.159 15.212 -9.375 -13.711 14.962 -9.75 -13.855 14.13 -9.211
4 0 -11.265 24.888 -21.958 -11.283 24.657 -22.082 -12.701 24.976 -21.387 -12.55 25.19 -21.322
4 0 -13.144 27.379 -19.786 -13.474 27.426 -19.627 -12.522 28.646 -19.281 -12.371 28.409 -19.482
4 0 -13.055 26.269 -20.495 -13.546 26.024 -20.446 -13.474 27.426 -19.627 -13.144 27.379 -19.786
4 0 -6.097 17.645 -18.942 -6.351 17.759 -18.813 -6.455 18.009 -18.887 -6.028 17.697 -19.029
4 0 -9.959 25.397 -22.161 -9.834 25.218 -22.309 -11.283 24.657 -22.082 -11.265 24.888 -21.958
4 0 -8.919 26.438 -21.993 -9.834 25.218 -22.309 -9.959 25.397 -22.161 -9.168 26.511 -21.856
4 0 -9.006 28.158 -21.009 -8.919 26.438 -21.993 -9.168 26.511 -21.856 -9.234 27.709 -21.169
4 0 -10.44 28.903 -19.981 -10.32 29.193 -19.86 -9.006 28.158 -21.009 -9.192 28.053 -20.994
4 0 -12.371 28.409 -19.482 -12.522 28.646 -19.281 -10.32 29.193 -19.86 -10.44 28.903 -19.981
4 0 -12.55 25.19 -21.322 -12.701 24.976 -21.387 -13.546 26.024 -20.446 -13.038 25.819 -20.765
4 0 -12.426 25.794 -21.025 -12.464 25.387 -21.246 -13.038 25.819 -20.765 -13.055 26.269 -20.495
4 0 -10.223 25.88 -21.795 -10.064 25.662 -21.978 -11.251 25.185 -21.801 -11.234 25.521 -21.619
4 0 -9.573 26.924 -21.472 -9.344 26.658 -21.71 -10.064 25.662 -21.978 -10.223 25.88 -21.795
4 0 -9.285 2.475 -15.537 -8.834 1.824 -15.914 -10.295 1.819 -14.928 -10.168 2.46 -14.943
4 0 -4.812 2.567 -18.065 -3.329 2.572 -18.618 -3.448 1.845 -18.518 -4.812 1.849 -18.01
4 0 -7.066 18.544 -18.739 -7.051 18.795 -18.908 -6.591 18.655 -19.183 -6.815 18.496 -18.907
4 0 -14.884 13.124 -7.624 -14.959 13.721 -7.816 -14.349 15.382 -9.243 -14.473 14.439 -8.676
3 0 -4.812 2.567 -18.065 -4.812 1.849 -18.01 -6.844 1.828 -17.351
4 0 -9.969 3.462 -14.966 -10.45 3.004 -14.484 -11.958 3.02 -12.713 -11.908 3.432 -12.699
4 0 -10.643 26.554 -21.257 -10.425 26.184 -21.547 -11.234 25.917 -21.395 -11.241 26.337 -21.155
4 0 -11.684 1.83 -13.246 -11.958 1.833 -12.924 -11.958 2.47 -12.811 -11.016 2.466 -13.916
4 0 -10.401 10.17 13.689 -10.454 10.438 13.751 -12.063 9.957 11.879 -11.809 9.751 12.051
4 0 -12.305 9.602 11.469 -12.379 9.861 11.507 -14.299 9.558 9.375 -14.228 9.31 9.339
4 0 -17.072 10.444 1.608 -17.026 10.201 1.548 -15.575 9.502 5.278 -15.628 9.749 5.322
4 0 -11.958 2.47 -12.811 -11.958 1.833 -12.924 -12.609 1.837 -12.161 -12.656 2.473 -11.992

0 // Light Bluish Grey
3 71 -11.202 27.282 -20.637 -11.241 26.337 -21.155 -11.968 26.304 -20.91
4 71 -12.504 26.592 -20.525 -12.563 27.322 -20.057 -12.079 27.967 -19.866 -11.202 27.282 -20.637
3 71 -11.202 27.282 -20.637 -11.968 26.304 -20.91 -12.504 26.592 -20.525
3 71 -11.202 27.282 -20.637 -10.643 26.554 -21.257 -11.241 26.337 -21.155
4 71 -10.035 27.686 -20.872 -10.134 26.917 -21.257 -10.643 26.554 -21.257 -11.202 27.282 -20.637
4 71 -12.079 27.967 -19.866 -10.694 28.321 -20.223 -10.035 27.686 -20.872 -11.202 27.282 -20.637
4 71 -12.426 25.794 -21.025 -12.353 25.853 -21.019 -11.234 25.917 -21.395 -11.226 25.679 -21.532
4 71 -12.371 28.409 -19.482 -12.302 28.303 -19.574 -13.014 27.367 -19.847 -13.144 27.379 -19.786
4 71 -13.144 27.379 -19.786 -13.014 27.367 -19.847 -12.953 26.329 -20.501 -13.055 26.269 -20.495
4 71 -13.055 26.269 -20.495 -12.953 26.329 -20.501 -12.353 25.853 -21.019 -12.426 25.794 -21.025
4 71 -11.226 25.679 -21.532 -11.234 25.917 -21.395 -10.425 26.184 -21.547 -10.32 26.003 -21.688
4 71 -10.32 26.003 -21.688 -10.425 26.184 -21.547 -9.711 26.899 -21.433 -9.573 26.924 -21.472
4 71 -9.573 26.924 -21.472 -9.711 26.899 -21.433 -9.532 27.902 -20.947 -9.441 27.941 -20.96
4 71 -9.441 27.941 -20.96 -9.532 27.902 -20.947 -10.481 28.81 -20.02 -10.44 28.903 -19.981
4 71 -10.44 28.903 -19.981 -10.481 28.81 -20.02 -12.302 28.303 -19.574 -12.371 28.409 -19.482

0 // Grey
4 7 -10.475 14.1 -13.241 -10.453 14.349 -13.403 -9.327 14.287 -14.997 -9.32 14.023 -14.87
4 7 -11.958 1.25 -13.04 -12.174 1.25 -12.779 -12.196 1.343 -12.732 -11.958 1.35 -13.018
4 7 -13.13 4.217 -9.025 -13.224 5.484 -8.378 -12.934 4.946 -9.067 -12.892 4.388 -9.352
4 7 -2.363 11.252 -19.187 -2.308 10.974 -19.12 -3.529 11.34 -18.236 -3.442 11.575 -18.406
4 7 -14 15.576 -9.719 -14.159 15.212 -9.375 -14.349 15.382 -9.243 -14.202 15.784 -9.588
4 7 -13.971 18.912 -13.385 -13.925 19.594 -13.936 -13.767 19.492 -14.011 -13.845 18.635 -13.302
3 7 -13.851 20.723 -15.443 -13.767 19.492 -14.011 -13.925 19.594 -13.936
4 7 -14 15.576 -9.719 -14.202 15.784 -9.588 -13.971 18.912 -13.385 -13.845 18.635 -13.302
4 7 -.404 10.892 -19.952 -.504 11.145 -20.016 0 11.125 -20.223 0 10.875 -20.117
3 7 -12.15 7.041 -9.474 -12.15 6.596 -9.656 -12.631 6.546 -8.9
3 7 -6.912 12.997 -16.073 -6.168 12.942 -16.666 -6.056 12.608 -16.622
4 7 -6.168 12.942 -16.666 -5.174 12.418 -17.286 -5.309 12.207 -17.085 -6.056 12.608 -16.622
4 7 -11.552 13.773 -11.933 -10.453 14.349 -13.403 -10.588 14.036 -13.044 -11.344 13.604 -12.009
3 7 -12.07 9.891 -10.061 -12.15 8.984 -9.82 -12.4 6.821 -9.182
4 7 -11.344 13.604 -12.009 -11.466 13.218 -11.609 -11.619 13.564 -11.717 -11.552 13.773 -11.933
4 7 -11.778 12.24 -10.619 -11.825 11.916 -10.419 -12.127 11.575 -9.932 -12.022 12.296 -10.377
4 7 -6.912 12.997 -16.073 -8.06 13.527 -15.339 -7.98 13.768 -15.504 -6.168 12.942 -16.666
4 7 -9.32 14.023 -14.87 -9.327 14.287 -14.997 -7.98 13.768 -15.504 -8.06 13.527 -15.339
4 7 -11.466 13.218 -11.609 -11.543 12.977 -11.214 -11.739 13.184 -11.094 -11.619 13.564 -11.717
3 7 -10.453 14.349 -13.403 -10.475 14.1 -13.241 -10.588 14.036 -13.044
3 7 -11.825 11.916 -10.419 -12.243 10.78 -9.76 -12.127 11.575 -9.932
4 7 -11.995 10.751 -10.166 -12.4 8.856 -9.545 -12.243 10.78 -9.76 -11.825 11.916 -10.419
3 7 -12.07 9.891 -10.061 -12.4 8.856 -9.545 -11.995 10.751 -10.166
3 7 -13.316 6.727 -8.092 -13.07 6.752 -8.495 -13.271 6.119 -8.179
4 7 -3.442 11.575 -18.406 -3.529 11.34 -18.236 -4.812 11.929 -17.392 -4.534 12.06 -17.681
4 7 -13.271 6.119 -8.179 -13.049 6.503 -8.471 -13.022 6.144 -8.434 -13.255 5.904 -8.157
3 7 -12.07 9.891 -10.061 -12.4 6.821 -9.182 -12.4 8.856 -9.545
3 7 -12.15 7.041 -9.474 -12.4 6.821 -9.182 -12.15 8.984 -9.82
3 7 -13.271 6.119 -8.179 -13.07 6.752 -8.495 -13.049 6.503 -8.471
4 7 -11.739 13.184 -11.094 -11.543 12.977 -11.214 -11.778 12.24 -10.619 -12.022 12.296 -10.377
4 7 -13.122 4.109 -9.427 -13.13 4.217 -9.025 -12.892 4.388 -9.352 -12.889 4.34 -9.529
3 7 -12.4 6.821 -9.182 -12.15 7.041 -9.474 -12.631 6.546 -8.9
4 7 -2.101 10.961 -19.278 -2.308 10.974 -19.12 -2.363 11.252 -19.187 -2.088 11.21 -19.388
4 7 -13.07 6.752 -8.495 -12.4 6.821 -9.182 -12.631 6.546 -8.9 -13.049 6.503 -8.471
4 7 -13.022 6.144 -8.434 -12.934 4.946 -9.067 -13.224 5.484 -8.378 -13.255 5.904 -8.157
4 7 -12.889 4.34 -9.529 -12.863 3.991 -10.283 -13.112 3.973 -9.722 -13.122 4.109 -9.427
3 7 -4.812 11.929 -17.392 -4.812 12.216 -17.509 -4.534 12.06 -17.681
4 7 -4.812 12.216 -17.509 -4.812 11.929 -17.392 -5.309 12.207 -17.085 -5.174 12.418 -17.286
4 7 -10.532 .75 -14.805 -10.413 .75 -14.902 -10.371 .65 -14.898 -10.568 .65 -14.737
4 7 -10.388 1.35 -14.917 -10.408 1.25 -14.915 -11.958 1.25 -13.04 -11.958 1.35 -13.018
3 7 -12.196 1.343 -12.732 -12.3 1.231 -12.631 -12.358 1.189 -12.569
3 7 -12.196 1.343 -12.732 -12.216 1.25 -12.728 -12.3 1.231 -12.631
3 7 -12.381 1.167 -12.546 -12.429 1.096 -12.504 -12.477 1.076 -12.45
4 7 -12.462 1.134 -12.457 -12.387 1.247 -12.525 -12.358 1.189 -12.569 -12.381 1.167 -12.546
4 7 -12.383 .753 -12.522 -12.459 .866 -12.455 -12.428 .904 -12.503 -12.373 .823 -12.551
4 7 -12.373 .823 -12.551 -12.299 .769 -12.63 -12.28 .677 -12.632 -12.383 .753 -12.522
4 7 -12.28 .677 -12.632 -12.216 .75 -12.728 -12.174 .75 -12.78 -12.164 .65 -12.769
4 7 -12.459 .866 -12.455 -12.495 1.006 -12.443 -12.453 1.004 -12.495 -12.428 .904 -12.503
4 7 -9.808 1.25 -15.32 -9.802 1.35 -15.313 -9.653 1.323 -15.417 -9.752 1.25 -15.358
4 7 -9.558 1.177 -15.497 -9.645 1.231 -15.432 -9.653 1.323 -15.417 -9.53 1.247 -15.508
4 7 -2.088 11.21 -19.388 -.504 11.145 -20.016 -.404 10.892 -19.952 -2.101 10.961 -19.278
4 7 -11.958 .65 -13.022 -12.164 .65 -12.769 -12.174 .75 -12.78 -11.958 .75 -13.046
3 7 -9.785 .75 -15.391 -9.815 .656 -15.381 -9.841 .75 -15.353
3 7 -9.841 .75 -15.353 -9.815 .656 -15.381 -10.071 .75 -15.198
3 7 -12.174 1.25 -12.779 -12.216 1.25 -12.728 -12.196 1.343 -12.732
4 7 -12.495 1.006 -12.443 -12.477 1.076 -12.45 -12.429 1.096 -12.504 -12.453 1.004 -12.495
3 7 -12.381 1.167 -12.546 -12.477 1.076 -12.45 -12.462 1.134 -12.457
4 7 -12.196 1.343 -12.732 -12.358 1.189 -12.569 -12.387 1.247 -12.525 -12.282 1.323 -12.635
3 7 -12.28 .677 -12.632 -12.299 .769 -12.63 -12.216 .75 -12.728
3 7 -9.653 1.323 -15.417 -9.645 1.231 -15.432 -9.752 1.25 -15.358
4 7 -9.802 1.35 -15.313 -9.808 1.25 -15.32 -10.408 1.25 -14.915 -10.388 1.35 -14.917
4 7 -9.502 1.096 -15.543 -9.558 1.177 -15.497 -9.53 1.247 -15.508 -9.452 1.134 -15.573
4 7 -9.487 1 -15.564 -9.502 1.096 -15.543 -9.452 1.134 -15.573 -9.431 1 -15.602
4 7 -9.487 1 -15.564 -9.431 1 -15.602 -9.469 .866 -15.591 -9.515 .904 -15.556
4 7 -9.515 .904 -15.556 -9.469 .866 -15.591 -9.562 .753 -15.541 -9.581 .823 -15.52
4 7 -9.581 .823 -15.52 -9.562 .753 -15.541 -9.695 .677 -15.459 -9.676 .769 -15.462
4 7 -9.676 .769 -15.462 -9.695 .677 -15.459 -9.815 .656 -15.381 -9.785 .75 -15.391
4 7 -10.413 .75 -14.902 -10.071 .75 -15.198 -9.815 .656 -15.381 -10.371 .65 -14.898
4 7 -11.251 25.185 -21.801 -11.265 24.888 -21.958 -12.55 25.19 -21.322 -12.464 25.387 -21.246
3 7 -9.344 26.658 -21.71 -9.234 27.709 -21.169 -9.168 26.511 -21.856
4 7 -10.064 25.662 -21.978 -9.344 26.658 -21.71 -9.168 26.511 -21.856 -9.959 25.397 -22.161
3 7 -12.55 25.19 -21.322 -13.038 25.819 -20.765 -12.464 25.387 -21.246
3 7 -11.234 25.521 -21.619 -12.426 25.794 -21.025 -11.226 25.679 -21.532
4 7 -10.064 25.662 -21.978 -9.959 25.397 -22.161 -11.265 24.888 -21.958 -11.251 25.185 -21.801
3 7 -9.573 26.924 -21.472 -10.223 25.88 -21.795 -10.32 26.003 -21.688
4 7 -10.568 .65 -14.737 -11.958 .65 -13.022 -11.958 .75 -13.046 -10.532 .75 -14.805
4 7 -10.32 26.003 -21.688 -10.223 25.88 -21.795 -11.234 25.521 -21.619 -11.226 25.679 -21.532

0 // Lines/Condlines
5 24 -9.148 4.901 -13.943 -5.356 5.004 -16.743 -6.386 3.496 -17.551 -7.18 8.259 -15.067
5 24 -5.356 5.004 -16.743 -6.386 3.496 -17.551 -9.148 4.901 -13.943 -3.187 3.436 -18.737
5 24 -6.386 3.496 -17.551 -9.148 4.901 -13.943 -5.356 5.004 -16.743 -9.969 3.462 -14.966
5 24 -2.712 5.024 -17.603 -3.187 3.436 -18.737 -5.356 5.004 -16.743 0 3.46 -19.144
5 24 -3.187 3.436 -18.737 -5.356 5.004 -16.743 -2.712 5.024 -17.603 -6.386 3.496 -17.551
5 24 -5.356 5.004 -16.743 -2.712 5.024 -17.603 -3.187 3.436 -18.737 -3.436 7.232 -17.494
5 24 -14.037 3.205 -9.029 -12.705 4.522 -9.609 -12.727 3.419 -11.742 -14.966 2.9 -6.505
5 24 -12.705 4.522 -9.609 -12.727 3.419 -11.742 -14.037 3.205 -9.029 -9.148 4.901 -13.943
5 24 -6.386 3.496 -17.551 -7.409 -.233 -17.103 -9.969 3.462 -14.966 -3.946 -1.192 -18.099
5 24 -7.409 -.233 -17.103 -9.969 3.462 -14.966 -6.386 3.496 -17.551 -10.477 .9 -14.907
5 24 -7.409 -.233 -17.103 -10.477 .9 -14.907 -9.969 3.462 -14.966 -8.385 -4.016 -14.729
5 24 -10.477 .9 -14.907 -9.969 3.462 -14.966 -7.409 -.233 -17.103 -12.547 1.009 -12.38
5 24 -7.409 -.233 -17.103 -8.385 -4.016 -14.729 -10.477 .9 -14.907 -4.467 -5.336 -15.773
5 24 -8.385 -4.016 -14.729 -10.477 .9 -14.907 -7.409 -.233 -17.103 -11.472 -1.833 -13.045
5 24 -8.385 -4.016 -14.729 -11.472 -1.833 -13.045 -10.477 .9 -14.907 -9.254 -6.734 -10.633
5 24 -11.472 -1.833 -13.045 -10.477 .9 -14.907 -8.385 -4.016 -14.729 -12.547 1.009 -12.38
5 24 -3.946 -1.192 -18.099 -4.467 -5.336 -15.773 -7.409 -.233 -17.103 0 -5.831 -16.265
5 24 -7.409 -.233 -17.103 -3.946 -1.192 -18.099 -4.467 -5.336 -15.773 -6.386 3.496 -17.551
5 24 -4.467 -5.336 -15.773 -8.385 -4.016 -14.729 -7.409 -.233 -17.103 -4.812 -8.46 -11.601
5 24 -6.386 3.496 -17.551 -3.946 -1.192 -18.099 -7.409 -.233 -17.103 -3.187 3.436 -18.737
5 24 -3.187 3.436 -18.737 -3.946 -1.192 -18.099 -6.386 3.496 -17.551 0 -1.561 -18.518
5 24 -3.946 -1.192 -18.099 0 -1.561 -18.518 0 -5.831 -16.265 -3.187 3.436 -18.737
5 24 0 -5.831 -16.265 -4.467 -5.336 -15.773 -3.946 -1.192 -18.099 0 -8.988 -12.204
5 24 -3.187 3.436 -18.737 0 -1.561 -18.518 -3.946 -1.192 -18.099 0 3.46 -19.144
5 24 0 -8.988 -12.204 -4.812 -8.46 -11.601 -4.467 -5.336 -15.773 0 -10.862 -5.836
5 24 -4.812 -8.46 -11.601 -4.467 -5.336 -15.773 0 -8.988 -12.204 -8.385 -4.016 -14.729
5 24 -4.812 -8.46 -11.601 -9.254 -6.734 -10.633 -8.385 -4.016 -14.729 -4.856 -10.294 -5.632
5 24 -9.254 -6.734 -10.633 -8.385 -4.016 -14.729 -4.812 -8.46 -11.601 -11.472 -1.833 -13.045
5 24 -9.254 -6.734 -10.633 -11.472 -1.833 -13.045 -8.385 -4.016 -14.729 -12.828 -3.6 -8.954
5 24 -9.254 -6.734 -10.633 -12.828 -3.6 -8.954 -11.472 -1.833 -13.045 -9.658 -8.444 -5.148
5 24 -12.828 -3.6 -8.954 -11.472 -1.833 -13.045 -9.254 -6.734 -10.633 -12.547 1.009 -12.38
5 24 -9.658 -8.444 -5.148 -9.254 -6.734 -10.633 -4.856 -10.294 -5.632 -12.828 -3.6 -8.954
5 24 -9.254 -6.734 -10.633 -4.856 -10.294 -5.632 -9.658 -8.444 -5.148 -4.812 -8.46 -11.601
5 24 -4.856 -10.294 -5.632 -9.658 -8.444 -5.148 -9.254 -6.734 -10.633 -4.829 -10.756 .217
5 24 -4.812 -8.46 -11.601 -4.856 -10.294 -5.632 -9.254 -6.734 -10.633 0 -10.862 -5.836
5 24 -4.812 -8.46 -11.601 0 -10.862 -5.836 -4.856 -10.294 -5.632 0 -8.988 -12.204
5 24 0 -10.862 -5.836 -4.856 -10.294 -5.632 -4.812 -8.46 -11.601 0 -11.304 .154
5 24 -9.854 -8.921 .366 -9.658 -8.444 -5.148 -4.829 -10.756 .217 -13.47 -4.669 -4.245
5 24 -9.658 -8.444 -5.148 -4.829 -10.756 .217 -9.854 -8.921 .366 -4.856 -10.294 -5.632
5 24 -4.829 -10.756 .217 -9.854 -8.921 .366 -9.658 -8.444 -5.148 -9.089 -8.809 4.226
5 24 -4.856 -10.294 -5.632 -4.829 -10.756 .217 -9.658 -8.444 -5.148 0 -11.304 .154
5 24 0 -11.304 .154 -4.829 -10.756 .217 -4.856 -10.294 -5.632 -4.6 -10.465 4.305
5 24 -9.658 -8.444 -5.148 -13.47 -4.669 -4.245 -12.828 -3.6 -8.954 -9.854 -8.921 .366
5 24 -13.47 -4.669 -4.245 -12.828 -3.6 -8.954 -9.658 -8.444 -5.148 -14.585 .363 -7.474
5 24 -9.854 -8.921 .366 -13.513 -5.194 .754 -13.47 -4.669 -4.245 -13.005 -5.312 4.303
5 24 -13.513 -5.194 .754 -13.47 -4.669 -4.245 -9.854 -8.921 .366 -15.235 -.523 1.415
5 24 -3.436 7.232 -17.494 -2.144 10.155 -18.923 0 7.016 -18.358 -5.71 11.576 -16.487
5 24 -2.144 10.155 -18.923 0 7.016 -18.358 -3.436 7.232 -17.494 0 9.871 -19.691
5 24 0 7.016 -18.358 -3.436 7.232 -17.494 -2.144 10.155 -18.923 -2.712 5.024 -17.603
5 24 -2.144 10.155 -18.923 0 9.871 -19.691 0 7.016 -18.358 -1.902 14.679 -20.919
5 24 -9.148 4.901 -13.943 -7.18 8.259 -15.067 -5.356 5.004 -16.743 -9.212 10.063 -12.973
5 24 -7.18 8.259 -15.067 -5.356 5.004 -16.743 -9.148 4.901 -13.943 -3.436 7.232 -17.494
5 24 -7.18 8.259 -15.067 -3.436 7.232 -17.494 -5.356 5.004 -16.743 -5.71 11.576 -16.487
5 24 -3.436 7.232 -17.494 -5.356 5.004 -16.743 -7.18 8.259 -15.067 -2.712 5.024 -17.603
5 24 0 5.043 -17.923 -2.712 5.024 -17.603 0 7.016 -18.358 0 3.46 -19.144
5 24 -2.712 5.024 -17.603 0 7.016 -18.358 0 5.043 -17.923 -3.436 7.232 -17.494
5 24 -2.712 5.024 -17.603 -3.436 7.232 -17.494 0 7.016 -18.358 -5.356 5.004 -16.743
5 24 -2.889 16.571 -20.797 -3.577 16.38 -20.138 -3.335 20.366 -21.401 -1.659 15.414 -20.838
5 24 -3.577 16.38 -20.138 -3.335 20.366 -21.401 -2.889 16.571 -20.797 -6.929 20.834 -20.278
5 24 -3.335 20.366 -21.401 -2.889 16.571 -20.797 -3.577 16.38 -20.138 0 20.14 -22.323
5 24 -7.215 16.068 -17.075 -6.929 20.834 -20.278 -3.577 16.38 -20.138 -9.015 19.553 -19.189
5 24 -6.929 20.834 -20.278 -3.577 16.38 -20.138 -7.215 16.068 -17.075 -3.335 20.366 -21.401
5 24 -3.577 16.38 -20.138 -7.215 16.068 -17.075 -6.929 20.834 -20.278 -3.212 15.499 -20.209
5 24 -6.929 20.834 -20.278 -3.335 20.366 -21.401 -3.577 16.38 -20.138 -5.779 24.633 -21.207
5 24 -9.148 4.901 -13.943 -9.212 10.063 -12.973 -7.18 8.259 -15.067 -12.705 4.522 -9.609
5 24 -9.212 10.063 -12.973 -7.18 8.259 -15.067 -9.148 4.901 -13.943 -5.71 11.576 -16.487
5 24 -13.381 5.775 -8.007 -9.212 10.063 -12.973 -12.705 4.522 -9.609 -11.202 12.617 -11.422
5 24 -9.212 10.063 -12.973 -12.705 4.522 -9.609 -13.381 5.775 -8.007 -9.148 4.901 -13.943
5 24 -12.705 4.522 -9.609 -13.381 5.775 -8.007 -9.212 10.063 -12.973 -14.966 2.9 -6.505
5 24 -9.148 4.901 -13.943 -12.705 4.522 -9.609 -9.212 10.063 -12.973 -12.727 3.419 -11.742
5 24 -14.96 22.618 -12.113 -14.691 22.135 -12.328 -16.111 20.116 -7.182 -14.039 25.017 -16.48
5 24 -14.691 22.135 -12.328 -15.85 19.586 -7.33 -16.111 20.116 -7.182 -14.685 21.638 -12.571
5 24 -15.85 19.586 -7.33 -16.111 20.116 -7.182 -14.691 22.135 -12.328 -16.988 17.59 -2.361
5 24 -14.691 22.135 -12.328 -14.685 21.638 -12.571 -15.85 19.586 -7.33 -13.693 24.492 -16.901
5 24 -14.685 21.638 -12.571 -15.85 19.586 -7.33 -14.691 22.135 -12.328 -15.787 18.998 -7.579
5 24 -14.685 21.638 -12.571 -15.787 18.998 -7.579 -15.85 19.586 -7.33 -16.031 18.545 -7.995
5 24 -15.787 18.998 -7.579 -15.85 19.586 -7.33 -14.685 21.638 -12.571 -16.752 17.154 -2.47
5 24 -16.031 18.545 -7.995 -14.685 21.638 -12.571 -14.95 21.226 -12.939 -15.787 18.998 -7.579
5 24 -14.685 21.638 -12.571 -14.95 21.226 -12.939 -16.031 18.545 -7.995 -14.003 23.632 -17.442
5 24 -16.031 18.545 -7.995 -15.787 18.998 -7.579 -14.685 21.638 -12.571 -17.182 16.165 -3.059
5 24 -14.388 19.86 -13.681 -13.44 22.641 -18.363 -9.395 16.794 -16.198 -14.003 23.632 -17.442
5 24 -13.44 22.641 -18.363 -9.395 16.794 -16.198 -14.388 19.86 -13.681 -9.015 19.553 -19.189
5 24 -9.395 16.794 -16.198 -14.388 19.86 -13.681 -13.44 22.641 -18.363 -11.202 12.617 -11.422
5 24 -13.44 22.641 -18.363 -9.015 19.553 -19.189 -9.395 16.794 -16.198 -12.561 23.809 -20.452
5 24 -9.015 19.553 -19.189 -9.395 16.794 -16.198 -13.44 22.641 -18.363 -7.215 16.068 -17.075
5 24 -10.477 .9 -14.907 -12.547 1.009 -12.38 -9.969 3.462 -14.966 -11.472 -1.833 -13.045
5 24 -12.547 1.009 -12.38 -9.969 3.462 -14.966 -10.477 .9 -14.907 -12.727 3.419 -11.742
5 24 -12.547 1.009 -12.38 -12.727 3.419 -11.742 -9.969 3.462 -14.966 -14.037 3.205 -9.029
5 24 -12.547 1.009 -12.38 -14.037 3.205 -9.029 -12.727 3.419 -11.742 -14.585 .363 -7.474
5 24 -12.547 1.009 -12.38 -14.585 .363 -7.474 -14.037 3.205 -9.029 -12.828 -3.6 -8.954
5 24 -14.585 .363 -7.474 -14.037 3.205 -9.029 -12.547 1.009 -12.38 -14.966 2.9 -6.505
5 24 -14.585 .363 -7.474 -14.966 2.9 -6.505 -14.037 3.205 -9.029 -15.38 4.187 -4.354
5 24 -11.472 -1.833 -13.045 -12.547 1.009 -12.38 -10.477 .9 -14.907 -12.828 -3.6 -8.954
5 24 -13.513 -5.194 .754 -15.235 -.523 1.415 -13.47 -4.669 -4.245 -13.005 -5.312 4.303
5 24 -15.235 -.523 1.415 -13.47 -4.669 -4.245 -13.513 -5.194 .754 -14.585 .363 -7.474
5 24 -13.47 -4.669 -4.245 -14.585 .363 -7.474 -12.828 -3.6 -8.954 -15.235 -.523 1.415
5 24 -14.585 .363 -7.474 -12.828 -3.6 -8.954 -13.47 -4.669 -4.245 -12.547 1.009 -12.38
5 24 -15.235 -.523 1.415 -14.585 .363 -7.474 -13.47 -4.669 -4.245 -15.38 4.187 -4.354
5 24 -15.235 -.523 1.415 -15.38 4.187 -4.354 -14.585 .363 -7.474 -16.527 7.588 .894
5 24 -15.38 4.187 -4.354 -14.585 .363 -7.474 -15.235 -.523 1.415 -14.966 2.9 -6.505
5 24 -15.38 4.187 -4.354 -14.966 2.9 -6.505 -14.585 .363 -7.474 -13.381 5.775 -8.007
5 24 -15.38 4.187 -4.354 -13.381 5.775 -8.007 -14.966 2.9 -6.505 -14.399 9.017 -6.274
5 24 -13.381 5.775 -8.007 -14.966 2.9 -6.505 -15.38 4.187 -4.354 -12.705 4.522 -9.609
5 24 -12.705 4.522 -9.609 -14.966 2.9 -6.505 -13.381 5.775 -8.007 -14.037 3.205 -9.029
5 24 -7.215 16.068 -17.075 -9.015 19.553 -19.189 -6.929 20.834 -20.278 -9.395 16.794 -16.198
5 24 -9.015 19.553 -19.189 -6.929 20.834 -20.278 -7.215 16.068 -17.075 -10.884 23.718 -21.56
5 24 -7.215 16.068 -17.075 -9.395 16.794 -16.198 -9.015 19.553 -19.189 -9.212 10.063 -12.973
5 24 -7.215 16.068 -17.075 -9.212 10.063 -12.973 -9.395 16.794 -16.198 -5.71 11.576 -16.487
5 24 -9.212 10.063 -12.973 -9.395 16.794 -16.198 -7.215 16.068 -17.075 -11.202 12.617 -11.422
5 24 -9.212 10.063 -12.973 -11.202 12.617 -11.422 -9.395 16.794 -16.198 -13.381 5.775 -8.007
5 24 -11.202 12.617 -11.422 -9.395 16.794 -16.198 -9.212 10.063 -12.973 -14.388 19.86 -13.681
5 24 -14.399 9.017 -6.274 -11.202 12.617 -11.422 -13.381 5.775 -8.007 -15.348 16.994 -8.888
5 24 -11.202 12.617 -11.422 -13.381 5.775 -8.007 -14.399 9.017 -6.274 -9.212 10.063 -12.973
5 24 -13.381 5.775 -8.007 -14.399 9.017 -6.274 -11.202 12.617 -11.422 -15.38 4.187 -4.354
5 24 -15.38 4.187 -4.354 -14.399 9.017 -6.274 -13.381 5.775 -8.007 -16.527 7.588 .894
5 24 -15.235 -.523 1.415 -16.527 7.588 .894 -15.38 4.187 -4.354 -12.791 .077 8.753
5 24 -16.527 7.588 .894 -15.38 4.187 -4.354 -15.235 -.523 1.415 -14.399 9.017 -6.274
5 24 -16.527 7.588 .894 -14.399 9.017 -6.274 -15.38 4.187 -4.354 -16.754 14.466 -3.967
5 24 -1.902 14.679 -20.919 -2.144 10.155 -18.923 -3.212 15.499 -20.209 0 9.871 -19.691
5 24 -2.144 10.155 -18.923 -3.212 15.499 -20.209 -1.902 14.679 -20.919 -5.71 11.576 -16.487
5 24 -2.144 10.155 -18.923 -5.71 11.576 -16.487 -3.212 15.499 -20.209 -3.436 7.232 -17.494
5 24 -5.71 11.576 -16.487 -3.212 15.499 -20.209 -2.144 10.155 -18.923 -7.215 16.068 -17.075
5 24 -7.18 8.259 -15.067 -5.71 11.576 -16.487 -3.436 7.232 -17.494 -9.212 10.063 -12.973
5 24 -5.71 11.576 -16.487 -3.436 7.232 -17.494 -7.18 8.259 -15.067 -2.144 10.155 -18.923
5 24 0 -11.016 4.487 -4.6 -10.465 4.305 0 -11.304 .154 -4.173 -9.426 8.066
5 24 -4.6 -10.465 4.305 -4.829 -10.756 .217 0 -11.304 .154 -9.089 -8.809 4.226
5 24 0 -10.019 8.229 -4.173 -9.426 8.066 0 -11.016 4.487 0 -8.237 11.207
5 24 -4.173 -9.426 8.066 0 -11.016 4.487 0 -10.019 8.229 -4.6 -10.465 4.305
5 24 -4.173 -9.426 8.066 -4.6 -10.465 4.305 0 -11.016 4.487 -8.123 -8.059 7.438
5 24 0 -4.399 14.125 -3.995 -7.61 10.901 0 -8.237 11.207 -3.698 -3.781 13.797
5 24 -3.995 -7.61 10.901 0 -8.237 11.207 0 -4.399 14.125 -4.173 -9.426 8.066
5 24 0 -4.399 14.125 -3.698 -3.781 13.797 -3.995 -7.61 10.901 0 .989 15.53
5 24 -3.698 -3.781 13.797 -3.995 -7.61 10.901 0 -4.399 14.125 -7.211 -6.403 10.404
5 24 -3.995 -7.61 10.901 -4.173 -9.426 8.066 0 -8.237 11.207 -7.211 -6.403 10.404
5 24 -4.173 -9.426 8.066 0 -8.237 11.207 -3.995 -7.61 10.901 0 -10.019 8.229
5 24 0 .989 15.53 -3.698 -3.781 13.797 0 -4.399 14.125 -4.978 1.407 14.744
5 24 -4.6 -10.465 4.305 -9.089 -8.809 4.226 -4.829 -10.756 .217 -8.123 -8.059 7.438
5 24 -9.089 -8.809 4.226 -9.854 -8.921 .366 -4.829 -10.756 .217 -13.005 -5.312 4.303
5 24 -13.005 -5.312 4.303 -15.235 -.523 1.415 -13.513 -5.194 .754 -12.791 .077 8.753
5 24 -13.513 -5.194 .754 -13.005 -5.312 4.303 -15.235 -.523 1.415 -9.854 -8.921 .366
5 24 -9.854 -8.921 .366 -13.005 -5.312 4.303 -13.513 -5.194 .754 -9.089 -8.809 4.226
5 24 -9.089 -8.809 4.226 -13.005 -5.312 4.303 -9.854 -8.921 .366 -11.934 -4.619 7.526
5 24 -11.934 -4.619 7.526 -13.005 -5.312 4.303 -9.089 -8.809 4.226 -12.791 .077 8.753
5 24 -9.089 -8.809 4.226 -8.123 -8.059 7.438 -11.934 -4.619 7.526 -4.6 -10.465 4.305
5 24 -8.123 -8.059 7.438 -11.934 -4.619 7.526 -9.089 -8.809 4.226 -10.2 -3.962 10.048
5 24 -13.005 -5.312 4.303 -12.791 .077 8.753 -15.235 -.523 1.415 -11.934 -4.619 7.526
5 24 -12.791 .077 8.753 -15.235 -.523 1.415 -13.005 -5.312 4.303 -16.527 7.588 .894
5 24 -11.934 -4.619 7.526 -12.791 .077 8.753 -13.005 -5.312 4.303 -10.2 -3.962 10.048
5 24 -13.869 8.06 9.156 -16.527 7.588 .894 -12.791 .077 8.753 -17.53 12.844 2.209
5 24 -16.527 7.588 .894 -12.791 .077 8.753 -13.869 8.06 9.156 -15.235 -.523 1.415
5 24 -12.791 .077 8.753 -13.869 8.06 9.156 -16.527 7.588 .894 -9.445 1.013 12.338
5 24 -4.6 -10.465 4.305 -8.123 -8.059 7.438 -9.089 -8.809 4.226 -4.173 -9.426 8.066
5 24 -4.173 -9.426 8.066 -8.123 -8.059 7.438 -4.6 -10.465 4.305 -7.211 -6.403 10.404
5 24 -11.934 -4.619 7.526 -10.2 -3.962 10.048 -12.791 .077 8.753 -8.123 -8.059 7.438
5 24 -10.2 -3.962 10.048 -12.791 .077 8.753 -11.934 -4.619 7.526 -9.445 1.013 12.338
5 24 -8.123 -8.059 7.438 -10.2 -3.962 10.048 -11.934 -4.619 7.526 -7.211 -6.403 10.404
5 24 -8.123 -8.059 7.438 -7.211 -6.403 10.404 -10.2 -3.962 10.048 -4.173 -9.426 8.066
5 24 -7.211 -6.403 10.404 -10.2 -3.962 10.048 -8.123 -8.059 7.438 -8.169 -2.594 12.326
5 24 -3.995 -7.61 10.901 -7.211 -6.403 10.404 -4.173 -9.426 8.066 -3.698 -3.781 13.797
5 24 -7.211 -6.403 10.404 -4.173 -9.426 8.066 -3.995 -7.61 10.901 -8.123 -8.059 7.438
5 24 -7.211 -6.403 10.404 -8.169 -2.594 12.326 -10.2 -3.962 10.048 -3.698 -3.781 13.797
5 24 -8.169 -2.594 12.326 -10.2 -3.962 10.048 -7.211 -6.403 10.404 -9.445 1.013 12.338
5 24 -3.698 -3.781 13.797 -7.211 -6.403 10.404 -3.995 -7.61 10.901 -8.169 -2.594 12.326
5 24 -3.698 -3.781 13.797 -8.169 -2.594 12.326 -7.211 -6.403 10.404 -4.978 1.407 14.744
5 24 -10.2 -3.962 10.048 -9.445 1.013 12.338 -12.791 .077 8.753 -8.169 -2.594 12.326
5 24 -9.445 1.013 12.338 -12.791 .077 8.753 -10.2 -3.962 10.048 -13.869 8.06 9.156
5 24 -8.169 -2.594 12.326 -9.445 1.013 12.338 -10.2 -3.962 10.048 -4.978 1.407 14.744
5 24 -10.034 8.309 13.256 -13.869 8.06 9.156 -9.445 1.013 12.338 -15.129 12.447 9.797
5 24 -13.869 8.06 9.156 -9.445 1.013 12.338 -10.034 8.309 13.256 -12.791 .077 8.753
5 24 -9.445 1.013 12.338 -10.034 8.309 13.256 -13.869 8.06 9.156 -5.858 3.671 14.719
5 24 -3.275 5.605 15.705 -5.298 8.223 15.613 -5.862 4.756 14.862 0 8.33 16.409
5 24 -5.298 8.223 15.613 -5.862 4.756 14.862 -3.275 5.605 15.705 -10.034 8.309 13.256
5 24 -3.275 5.605 15.705 0 8.33 16.409 -5.298 8.223 15.613 0 5.626 16.033
5 24 0 8.33 16.409 -5.298 8.223 15.613 -3.275 5.605 15.705 -5.602 13.002 16.673
5 24 -4.978 1.407 14.744 -5.858 3.671 14.719 -9.445 1.013 12.338 -3.117 3.128 15.456
5 24 -5.858 3.671 14.719 -9.445 1.013 12.338 -4.978 1.407 14.744 -10.034 8.309 13.256
5 24 -5.858 3.671 14.719 -10.034 8.309 13.256 -9.445 1.013 12.338 -5.862 4.756 14.862
5 24 -5.862 4.756 14.862 -10.034 8.309 13.256 -5.858 3.671 14.719 -5.298 8.223 15.613
5 24 -5.298 8.223 15.613 -10.034 8.309 13.256 -5.862 4.756 14.862 -10.888 12.639 14.263
5 24 -4.978 1.407 14.744 -3.698 -3.781 13.797 0 .989 15.53 -8.169 -2.594 12.326
5 24 -8.169 -2.594 12.326 -4.978 1.407 14.744 -9.445 1.013 12.338 -3.698 -3.781 13.797
5 24 -13.693 24.492 -16.901 -13.217 25.509 -18.433 -13.781 24.075 -17.287 -13.256 25.824 -18.194
5 24 -13.217 25.509 -18.433 -13.781 24.075 -17.287 -13.693 24.492 -16.901 -13.186 24.96 -18.746
5 24 -13.781 24.075 -17.287 -13.693 24.492 -16.901 -13.217 25.509 -18.433 -14.685 21.638 -12.571
5 24 -13.186 24.96 -18.746 -13.781 24.075 -17.287 -13.217 25.509 -18.433 -14.003 23.632 -17.442
5 24 -13.256 25.824 -18.194 -13.693 24.492 -16.901 -14.039 25.017 -16.48 -13.217 25.509 -18.433
5 24 -13.693 24.492 -16.901 -14.039 25.017 -16.48 -13.256 25.824 -18.194 -14.691 22.135 -12.328
5 24 -14.003 23.632 -17.442 -13.781 24.075 -17.287 -13.186 24.96 -18.746 -14.685 21.638 -12.571
5 24 -12.561 23.809 -20.452 -13.44 22.641 -18.363 -13.186 24.96 -18.746 -9.015 19.553 -19.189
5 24 -13.44 22.641 -18.363 -13.186 24.96 -18.746 -12.561 23.809 -20.452 -14.003 23.632 -17.442
5 24 -13.44 22.641 -18.363 -14.003 23.632 -17.442 -13.186 24.96 -18.746 -14.388 19.86 -13.681
5 24 -10.314 27.058 -14.083 -13.262 26.463 -15.531 -12.14 24.75 -10.726 -11.632 27.828 -17.401
5 24 -13.262 26.463 -15.531 -12.14 24.75 -10.726 -10.314 27.058 -14.083 -14.107 24.069 -11.332
5 24 -13.262 26.463 -15.531 -14.107 24.069 -11.332 -12.14 24.75 -10.726 -14.039 25.017 -16.48
5 24 -14.107 24.069 -11.332 -12.14 24.75 -10.726 -13.262 26.463 -15.531 -13.711 22.344 -5.703
5 24 -7.775 27.917 -16.05 -11.632 27.828 -17.401 -10.314 27.058 -14.083 -9.426 28.586 -18.264
5 24 -11.632 27.828 -17.401 -10.314 27.058 -14.083 -7.775 27.917 -16.05 -13.262 26.463 -15.531
5 24 -7.775 27.917 -16.05 -9.426 28.586 -18.264 -11.632 27.828 -17.401 -5.461 26.696 -17.46
5 24 -8.079 27.784 -20.13 -5.105 26.289 -19.86 -8.175 26.036 -21.663 -5.461 26.696 -17.46
5 24 -5.105 26.289 -19.86 -8.175 26.036 -21.663 -8.079 27.784 -20.13 -5.779 24.633 -21.207
5 24 -5.105 26.289 -19.86 -5.779 24.633 -21.207 -8.175 26.036 -21.663 -3.156 23.962 -21.367
5 24 -5.779 24.633 -21.207 -8.175 26.036 -21.663 -5.105 26.289 -19.86 -9.317 24.656 -22.021
5 24 -5.779 24.633 -21.207 -9.317 24.656 -22.021 -8.175 26.036 -21.663 -6.929 20.834 -20.278
5 24 -5.779 24.633 -21.207 -6.929 20.834 -20.278 -9.317 24.656 -22.021 -3.335 20.366 -21.401
5 24 -6.929 20.834 -20.278 -9.317 24.656 -22.021 -5.779 24.633 -21.207 -10.884 23.718 -21.56
5 24 -14.039 25.017 -16.48 -14.691 22.135 -12.328 -14.96 22.618 -12.113 -13.693 24.492 -16.901
5 24 -13.693 24.492 -16.901 -14.691 22.135 -12.328 -14.039 25.017 -16.48 -14.685 21.638 -12.571
5 24 -13.693 24.492 -16.901 -14.685 21.638 -12.571 -14.691 22.135 -12.328 -13.781 24.075 -17.287
5 24 -13.781 24.075 -17.287 -14.685 21.638 -12.571 -13.693 24.492 -16.901 -14.003 23.632 -17.442
5 24 -14.685 21.638 -12.571 -14.003 23.632 -17.442 -14.95 21.226 -12.939 -13.781 24.075 -17.287
5 24 -14.003 23.632 -17.442 -14.388 19.86 -13.681 -14.95 21.226 -12.939 -13.44 22.641 -18.363
5 24 -14.388 19.86 -13.681 -14.95 21.226 -12.939 -14.003 23.632 -17.442 -15.348 16.994 -8.888
5 24 -14.388 19.86 -13.681 -15.348 16.994 -8.888 -14.95 21.226 -12.939 -11.202 12.617 -11.422
5 24 -15.348 16.994 -8.888 -16.031 18.545 -7.995 -14.95 21.226 -12.939 -16.754 14.466 -3.967
5 24 -11.202 12.617 -11.422 -14.388 19.86 -13.681 -9.395 16.794 -16.198 -15.348 16.994 -8.888
5 24 -11.202 12.617 -11.422 -15.348 16.994 -8.888 -14.388 19.86 -13.681 -14.399 9.017 -6.274
5 24 -14.906 14.477 9.724 -17.074 15.346 2.872 -14.925 13.974 9.639 -15.105 15.51 9.984
5 24 -17.074 15.346 2.872 -14.925 13.974 9.639 -14.906 14.477 9.724 -17.243 14.736 2.7
5 24 -14.925 13.974 9.639 -14.906 14.477 9.724 -17.074 15.346 2.872 -10.809 14.132 14.09
5 24 -17.074 15.346 2.872 -17.243 14.736 2.7 -14.925 13.974 9.639 -16.752 17.154 -2.47
5 24 -17.243 14.736 2.7 -14.925 13.974 9.639 -17.074 15.346 2.872 -15.06 13.734 9.733
5 24 0 15.194 16.91 -5.386 15.049 16.283 0 14.563 17.069 -5.349 15.512 16.536
5 24 -5.386 15.049 16.283 0 14.563 17.069 0 15.194 16.91 -5.42 14.551 16.358
5 24 -5.386 15.049 16.283 -5.42 14.551 16.358 0 14.563 17.069 -10.599 14.809 14.121
5 24 -5.42 14.551 16.358 0 14.563 17.069 -5.386 15.049 16.283 0 14.322 17.307
5 24 0 13.062 17.335 -5.602 13.002 16.673 0 8.33 16.409 -5.544 14.25 16.616
5 24 -5.602 13.002 16.673 0 8.33 16.409 0 13.062 17.335 -5.298 8.223 15.613
5 24 -5.602 13.002 16.673 -5.298 8.223 15.613 0 8.33 16.409 -10.888 12.639 14.263
5 24 -5.386 15.049 16.283 -10.599 14.809 14.121 -5.42 14.551 16.358 -10.665 15.443 14.444
5 24 -10.599 14.809 14.121 -5.42 14.551 16.358 -5.386 15.049 16.283 -10.809 14.132 14.09
5 24 -10.599 14.809 14.121 -10.809 14.132 14.09 -5.42 14.551 16.358 -14.906 14.477 9.724
5 24 -10.809 14.132 14.09 -5.42 14.551 16.358 -10.599 14.809 14.121 -5.544 14.25 16.616
5 24 -5.602 13.002 16.673 -10.888 12.639 14.263 -5.298 8.223 15.613 -10.935 13.87 14.273
5 24 -10.888 12.639 14.263 -5.298 8.223 15.613 -5.602 13.002 16.673 -10.034 8.309 13.256
5 24 -10.888 12.639 14.263 -10.034 8.309 13.256 -5.298 8.223 15.613 -15.129 12.447 9.797
5 24 -10.599 14.809 14.121 -14.906 14.477 9.724 -10.809 14.132 14.09 -15.105 15.51 9.984
5 24 -14.906 14.477 9.724 -10.809 14.132 14.09 -10.599 14.809 14.121 -14.925 13.974 9.639
5 24 -14.925 13.974 9.639 -10.809 14.132 14.09 -14.906 14.477 9.724 -15.06 13.734 9.733
5 24 -10.888 12.639 14.263 -15.129 12.447 9.797 -10.034 8.309 13.256 -15.06 13.734 9.733
5 24 -15.129 12.447 9.797 -10.034 8.309 13.256 -10.888 12.639 14.263 -13.869 8.06 9.156
5 24 -15.129 12.447 9.797 -13.869 8.06 9.156 -10.034 8.309 13.256 -17.53 12.844 2.209
5 24 -16.921 16.583 -2.745 -17.243 14.736 2.7 -16.752 17.154 -2.47 -17.537 14.432 2.636
5 24 -16.752 17.154 -2.47 -16.921 16.583 -2.745 -17.243 14.736 2.7 -15.787 18.998 -7.579
5 24 -17.074 15.346 2.872 -16.752 17.154 -2.47 -17.243 14.736 2.7 -17.356 16.086 2.917
5 24 -16.754 14.466 -3.967 -15.348 16.994 -8.888 -14.399 9.017 -6.274 -16.031 18.545 -7.995
5 24 -15.348 16.994 -8.888 -14.399 9.017 -6.274 -16.754 14.466 -3.967 -11.202 12.617 -11.422
5 24 -14.399 9.017 -6.274 -16.754 14.466 -3.967 -15.348 16.994 -8.888 -16.527 7.588 .894
5 24 -15.787 18.998 -7.579 -16.752 17.154 -2.47 -15.85 19.586 -7.33 -16.921 16.583 -2.745
5 24 -16.752 17.154 -2.47 -15.85 19.586 -7.33 -15.787 18.998 -7.579 -16.988 17.59 -2.361
5 24 -15.787 18.998 -7.579 -16.921 16.583 -2.745 -16.752 17.154 -2.47 -17.182 16.165 -3.059
5 24 -15.129 12.447 9.797 -17.53 12.844 2.209 -13.869 8.06 9.156 -17.537 14.432 2.636
5 24 -17.53 12.844 2.209 -13.869 8.06 9.156 -15.129 12.447 9.797 -16.527 7.588 .894
5 24 -17.53 12.844 2.209 -16.527 7.588 .894 -13.869 8.06 9.156 -16.754 14.466 -3.967
5 24 -16.754 14.466 -3.967 -16.527 7.588 .894 -17.53 12.844 2.209 -14.399 9.017 -6.274
5 24 -16.031 18.545 -7.995 -16.754 14.466 -3.967 -17.182 16.165 -3.059 -15.348 16.994 -8.888
5 24 -16.754 14.466 -3.967 -17.182 16.165 -3.059 -16.031 18.545 -7.995 -17.53 12.844 2.209
5 24 -17.182 16.165 -3.059 -17.53 12.844 2.209 -17.537 14.432 2.636 -16.754 14.466 -3.967
5 24 -17.53 12.844 2.209 -17.537 14.432 2.636 -17.182 16.165 -3.059 -15.129 12.447 9.797
5 24 -17.537 14.432 2.636 -15.129 12.447 9.797 -15.06 13.734 9.733 -17.53 12.844 2.209
5 24 -15.129 12.447 9.797 -15.06 13.734 9.733 -17.537 14.432 2.636 -10.888 12.639 14.263
5 24 -15.06 13.734 9.733 -10.888 12.639 14.263 -10.935 13.87 14.273 -15.129 12.447 9.797
5 24 -10.888 12.639 14.263 -10.935 13.87 14.273 -15.06 13.734 9.733 -5.602 13.002 16.673
5 24 -10.935 13.87 14.273 -5.602 13.002 16.673 -5.544 14.25 16.616 -10.888 12.639 14.263
5 24 -5.602 13.002 16.673 -5.544 14.25 16.616 -10.935 13.87 14.273 0 13.062 17.335
5 24 0 13.062 17.335 -5.544 14.25 16.616 -5.602 13.002 16.673 0 14.322 17.307
5 24 -15.787 18.998 -7.579 -17.182 16.165 -3.059 -16.921 16.583 -2.745 -16.031 18.545 -7.995
5 24 -17.182 16.165 -3.059 -16.921 16.583 -2.745 -15.787 18.998 -7.579 -17.537 14.432 2.636
5 24 -16.921 16.583 -2.745 -17.537 14.432 2.636 -17.243 14.736 2.7 -17.182 16.165 -3.059
5 24 -17.537 14.432 2.636 -17.243 14.736 2.7 -16.921 16.583 -2.745 -15.06 13.734 9.733
5 24 -17.243 14.736 2.7 -15.06 13.734 9.733 -14.925 13.974 9.639 -17.537 14.432 2.636
5 24 -15.06 13.734 9.733 -14.925 13.974 9.639 -17.243 14.736 2.7 -10.809 14.132 14.09
5 24 -15.06 13.734 9.733 -10.809 14.132 14.09 -14.925 13.974 9.639 -10.935 13.87 14.273
5 24 -10.935 13.87 14.273 -10.809 14.132 14.09 -15.06 13.734 9.733 -5.544 14.25 16.616
5 24 -10.809 14.132 14.09 -5.544 14.25 16.616 -5.42 14.551 16.358 -10.935 13.87 14.273
5 24 -5.544 14.25 16.616 -5.42 14.551 16.358 -10.809 14.132 14.09 0 14.322 17.307
5 24 0 14.322 17.307 -5.42 14.551 16.358 -5.544 14.25 16.616 0 14.563 17.069
5 24 0 25.096 -20.455 -2.582 25.393 -19.921 0 24.645 -18.225 -3.156 23.962 -21.367
5 24 -2.582 25.393 -19.921 0 24.645 -18.225 0 25.096 -20.455 -2.468 25.18 -18.101
5 24 -2.582 25.393 -19.921 -2.468 25.18 -18.101 0 24.645 -18.225 -5.105 26.289 -19.86
5 24 -2.582 25.393 -19.921 -5.105 26.289 -19.86 -2.468 25.18 -18.101 -3.156 23.962 -21.367
5 24 -5.105 26.289 -19.86 -2.468 25.18 -18.101 -2.582 25.393 -19.921 -5.461 26.696 -17.46
5 24 -5.105 26.289 -19.86 -5.461 26.696 -17.46 -2.468 25.18 -18.101 -8.079 27.784 -20.13
5 24 0 23.791 -21.803 -3.156 23.962 -21.367 0 25.096 -20.455 -3.335 20.366 -21.401
5 24 -3.156 23.962 -21.367 -2.582 25.393 -19.921 0 25.096 -20.455 -5.105 26.289 -19.86
5 24 -3.156 23.962 -21.367 -5.105 26.289 -19.86 -2.582 25.393 -19.921 -5.779 24.633 -21.207
5 24 -3.156 23.962 -21.367 -5.779 24.633 -21.207 -5.105 26.289 -19.86 -3.335 20.366 -21.401
5 24 -3.156 23.962 -21.367 -3.335 20.366 -21.401 -5.779 24.633 -21.207 0 23.791 -21.803
5 24 -3.335 20.366 -21.401 -5.779 24.633 -21.207 -3.156 23.962 -21.367 -6.929 20.834 -20.278
5 24 0 20.14 -22.323 -3.335 20.366 -21.401 0 23.791 -21.803 -2.889 16.571 -20.797
5 24 -3.335 20.366 -21.401 0 23.791 -21.803 0 20.14 -22.323 -3.156 23.962 -21.367
5 24 -5.349 15.512 16.536 0 15.194 16.91 0 15.783 17.181 -5.386 15.049 16.283
5 24 -5.349 15.512 16.536 -5.386 15.049 16.283 0 15.194 16.91 -10.665 15.443 14.444
5 24 0 17.528 16.425 -4.945 17.546 15.833 0 15.783 17.181 -4.298 18.9 14.144
5 24 -4.945 17.546 15.833 0 15.783 17.181 0 17.528 16.425 -5.349 15.512 16.536
5 24 -4.945 17.546 15.833 -5.349 15.512 16.536 0 15.783 17.181 -9.948 17.697 13.672
5 24 -4.298 18.9 14.144 0 17.528 16.425 0 18.835 14.806 -4.945 17.546 15.833
5 24 -4.298 18.9 14.144 -4.945 17.546 15.833 0 17.528 16.425 -8.709 19.09 11.902
5 24 -13.711 22.344 -5.703 -15.572 21.377 -6.449 -14.562 20.628 -1.205 -14.107 24.069 -11.332
5 24 -15.572 21.377 -6.449 -14.562 20.628 -1.205 -13.711 22.344 -5.703 -16.313 19.382 -1.614
5 24 -15.572 21.377 -6.449 -16.313 19.382 -1.614 -14.562 20.628 -1.205 -16.111 20.116 -7.182
5 24 -16.313 19.382 -1.614 -14.562 20.628 -1.205 -15.572 21.377 -6.449 -14.517 19.657 2.907
5 24 -8.709 19.09 11.902 -4.945 17.546 15.833 -4.298 18.9 14.144 -9.948 17.697 13.672
5 24 -8.709 19.09 11.902 -9.948 17.697 13.672 -4.945 17.546 15.833 -11.875 19.171 8.621
5 24 -9.948 17.697 13.672 -4.945 17.546 15.833 -8.709 19.09 11.902 -5.349 15.512 16.536
5 24 -10.665 15.443 14.444 -5.386 15.049 16.283 -5.349 15.512 16.536 -10.599 14.809 14.121
5 24 -10.665 15.443 14.444 -10.599 14.809 14.121 -5.386 15.049 16.283 -15.105 15.51 9.984
5 24 -11.875 19.171 8.621 -9.948 17.697 13.672 -8.709 19.09 11.902 -13.872 17.958 9.618
5 24 -11.875 19.171 8.621 -13.872 17.958 9.618 -9.948 17.697 13.672 -14.517 19.657 2.907
5 24 -13.872 17.958 9.618 -9.948 17.697 13.672 -11.875 19.171 8.621 -10.665 15.443 14.444
5 24 -15.105 15.51 9.984 -10.599 14.809 14.121 -10.665 15.443 14.444 -14.906 14.477 9.724
5 24 -15.105 15.51 9.984 -14.906 14.477 9.724 -10.599 14.809 14.121 -17.074 15.346 2.872
5 24 -14.517 19.657 2.907 -13.872 17.958 9.618 -11.875 19.171 8.621 -16.31 18.267 3.01
5 24 -14.517 19.657 2.907 -16.31 18.267 3.01 -13.872 17.958 9.618 -16.313 19.382 -1.614
5 24 -16.31 18.267 3.01 -13.872 17.958 9.618 -14.517 19.657 2.907 -15.105 15.51 9.984
5 24 -15.105 15.51 9.984 -17.074 15.346 2.872 -14.906 14.477 9.724 -17.356 16.086 2.917
5 24 -17.356 16.086 2.917 -17.074 15.346 2.872 -15.105 15.51 9.984 -16.752 17.154 -2.47
5 24 -16.313 19.382 -1.614 -16.31 18.267 3.01 -14.517 19.657 2.907 -16.988 17.59 -2.361
5 24 -17.356 16.086 2.917 -16.752 17.154 -2.47 -17.074 15.346 2.872 -16.988 17.59 -2.361
5 24 -16.988 17.59 -2.361 -16.752 17.154 -2.47 -17.356 16.086 2.917 -15.85 19.586 -7.33
5 24 -16.988 17.59 -2.361 -15.85 19.586 -7.33 -16.752 17.154 -2.47 -16.111 20.116 -7.182
5 24 -15.572 21.377 -6.449 -16.111 20.116 -7.182 -16.313 19.382 -1.614 -14.96 22.618 -12.113
5 24 -16.111 20.116 -7.182 -16.313 19.382 -1.614 -15.572 21.377 -6.449 -16.988 17.59 -2.361
5 24 -16.988 17.59 -2.361 -16.313 19.382 -1.614 -16.111 20.116 -7.182 -16.31 18.267 3.01
5 24 -16.988 17.59 -2.361 -16.31 18.267 3.01 -16.313 19.382 -1.614 -17.356 16.086 2.917
5 24 -17.356 16.086 2.917 -16.31 18.267 3.01 -16.988 17.59 -2.361 -15.105 15.51 9.984
5 24 -16.31 18.267 3.01 -15.105 15.51 9.984 -13.872 17.958 9.618 -17.356 16.086 2.917
5 24 -15.105 15.51 9.984 -13.872 17.958 9.618 -16.31 18.267 3.01 -10.665 15.443 14.444
5 24 -10.665 15.443 14.444 -9.948 17.697 13.672 -13.872 17.958 9.618 -5.349 15.512 16.536
5 24 -5.349 15.512 16.536 -9.948 17.697 13.672 -10.665 15.443 14.444 -4.945 17.546 15.833
5 24 -13.711 22.344 -5.703 -14.107 24.069 -11.332 -15.572 21.377 -6.449 -12.14 24.75 -10.726
5 24 -14.107 24.069 -11.332 -15.572 21.377 -6.449 -13.711 22.344 -5.703 -14.96 22.618 -12.113
5 24 -14.107 24.069 -11.332 -14.96 22.618 -12.113 -15.572 21.377 -6.449 -14.039 25.017 -16.48
5 24 -14.96 22.618 -12.113 -15.572 21.377 -6.449 -14.107 24.069 -11.332 -16.111 20.116 -7.182
5 24 -14.107 24.069 -11.332 -14.039 25.017 -16.48 -14.96 22.618 -12.113 -13.262 26.463 -15.531
5 24 -13.262 26.463 -15.531 -14.039 25.017 -16.48 -14.107 24.069 -11.332 -13.256 25.824 -18.194
5 24 -11.202 26.944 -20.81 -11.283 24.657 -22.082 -12.701 24.976 -21.387 -9.834 25.218 -22.309
2 24 -11.283 24.657 -22.082 -12.701 24.976 -21.387
5 24 -12.701 24.976 -21.387 -11.202 26.944 -20.81 -11.283 24.657 -22.082 -13.546 26.024 -20.446
5 24 -3.117 3.128 15.456 0 .989 15.53 0 3.127 15.792 -4.978 1.407 14.744
5 24 -4.978 1.407 14.744 -3.117 3.128 15.456 -5.858 3.671 14.719 0 .989 15.53
5 24 -5.858 3.671 14.719 -4.358 3.975 15.079 -5.862 4.756 14.862 -3.117 3.128 15.456
5 24 -4.358 3.975 15.079 -5.862 4.756 14.862 -5.858 3.671 14.719 0 4.823 15.594
5 24 -4.358 3.975 15.079 0 4.823 15.594 -5.862 4.756 14.862 0 3.916 15.526
5 24 0 4.823 15.594 -5.862 4.756 14.862 -4.358 3.975 15.079 -3.275 5.605 15.705
5 24 -4.358 3.975 15.079 0 3.916 15.526 0 4.823 15.594 -3.117 3.128 15.456
5 24 0 3.916 15.526 -3.117 3.128 15.456 0 3.127 15.792 -4.358 3.975 15.079
5 24 0 4.823 15.594 -3.275 5.605 15.705 -5.862 4.756 14.862 0 5.626 16.033
5 24 -11.202 26.944 -20.81 -13.474 27.426 -19.627 -12.522 28.646 -19.281 -13.546 26.024 -20.446
2 24 -13.474 27.426 -19.627 -12.522 28.646 -19.281
5 24 -12.522 28.646 -19.281 -11.202 26.944 -20.81 -13.474 27.426 -19.627 -10.32 29.193 -19.86
5 24 -11.202 26.944 -20.81 -13.546 26.024 -20.446 -13.474 27.426 -19.627 -12.701 24.976 -21.387
2 24 -13.546 26.024 -20.446 -13.474 27.426 -19.627
2 24 -12.701 24.976 -21.387 -13.546 26.024 -20.446
5 24 -11.202 26.944 -20.81 -9.834 25.218 -22.309 -11.283 24.657 -22.082 -8.919 26.438 -21.993
5 24 -11.202 26.944 -20.81 -8.919 26.438 -21.993 -9.834 25.218 -22.309 -9.006 28.158 -21.009
5 24 -11.202 26.944 -20.81 -9.006 28.158 -21.009 -8.919 26.438 -21.993 -10.32 29.193 -19.86
5 24 -11.202 26.944 -20.81 -10.32 29.193 -19.86 -9.006 28.158 -21.009 -12.522 28.646 -19.281
2 24 -10.32 29.193 -19.86 -9.006 28.158 -21.009
5 24 -12.522 28.646 -19.281 -11.632 27.828 -17.401 -10.32 29.193 -19.86 -13.474 27.426 -19.627
5 24 -11.632 27.828 -17.401 -10.32 29.193 -19.86 -12.522 28.646 -19.281 -9.426 28.586 -18.264
2 24 -10.32 29.193 -19.86 -12.522 28.646 -19.281
5 24 -9.426 28.586 -18.264 -10.32 29.193 -19.86 -11.632 27.828 -17.401 -8.079 27.784 -20.13
5 24 -5.461 26.696 -17.46 -8.079 27.784 -20.13 -9.426 28.586 -18.264 -5.105 26.289 -19.86
5 24 -3.117 3.128 15.456 -4.358 3.975 15.079 -5.858 3.671 14.719 0 3.916 15.526
5 24 -7.215 16.068 -17.075 -5.71 11.576 -16.487 -9.212 10.063 -12.973 -3.212 15.499 -20.209
5 24 -5.71 11.576 -16.487 -9.212 10.063 -12.973 -7.215 16.068 -17.075 -7.18 8.259 -15.067
5 24 -7.215 16.068 -17.075 -3.212 15.499 -20.209 -5.71 11.576 -16.487 -3.577 16.38 -20.138
5 24 -3.577 16.38 -20.138 -3.212 15.499 -20.209 -7.215 16.068 -17.075 -1.659 15.414 -20.838
5 24 -13.256 25.824 -18.194 -13.262 26.463 -15.531 -11.632 27.828 -17.401 -14.039 25.017 -16.48
5 24 -13.262 26.463 -15.531 -11.632 27.828 -17.401 -13.256 25.824 -18.194 -10.314 27.058 -14.083
5 24 -6.929 20.834 -20.278 -10.884 23.718 -21.56 -9.317 24.656 -22.021 -9.015 19.553 -19.189
5 24 -9.015 19.553 -19.189 -10.884 23.718 -21.56 -6.929 20.834 -20.278 -12.561 23.809 -20.452
5 24 -9.015 19.553 -19.189 -12.561 23.809 -20.452 -10.884 23.718 -21.56 -13.44 22.641 -18.363
5 24 -8.079 27.784 -20.13 -10.32 29.193 -19.86 -9.426 28.586 -18.264 -9.006 28.158 -21.009
5 24 -8.079 27.784 -20.13 -9.006 28.158 -21.009 -10.32 29.193 -19.86 -8.175 26.036 -21.663
5 24 -9.006 28.158 -21.009 -8.175 26.036 -21.663 -8.919 26.438 -21.993 -8.079 27.784 -20.13
5 24 -8.175 26.036 -21.663 -8.919 26.438 -21.993 -9.006 28.158 -21.009 -9.317 24.656 -22.021
5 24 -11.632 27.828 -17.401 -13.474 27.426 -19.627 -13.256 25.824 -18.194 -12.522 28.646 -19.281
5 24 -13.474 27.426 -19.627 -13.256 25.824 -18.194 -11.632 27.828 -17.401 -13.217 25.509 -18.433
5 24 -13.217 25.509 -18.433 -13.546 26.024 -20.446 -13.186 24.96 -18.746 -13.474 27.426 -19.627
5 24 -13.546 26.024 -20.446 -13.186 24.96 -18.746 -13.217 25.509 -18.433 -12.561 23.809 -20.452
5 24 -13.217 25.509 -18.433 -13.474 27.426 -19.627 -13.546 26.024 -20.446 -13.256 25.824 -18.194
5 24 -12.701 24.976 -21.387 -12.561 23.809 -20.452 -13.546 26.024 -20.446 -10.884 23.718 -21.56
5 24 -12.561 23.809 -20.452 -13.546 26.024 -20.446 -12.701 24.976 -21.387 -13.186 24.96 -18.746
5 24 -11.283 24.657 -22.082 -10.884 23.718 -21.56 -12.701 24.976 -21.387 -9.317 24.656 -22.021
5 24 -10.884 23.718 -21.56 -12.701 24.976 -21.387 -11.283 24.657 -22.082 -12.561 23.809 -20.452
5 24 -9.834 25.218 -22.309 -9.317 24.656 -22.021 -11.283 24.657 -22.082 -8.919 26.438 -21.993
5 24 -9.317 24.656 -22.021 -11.283 24.657 -22.082 -9.834 25.218 -22.309 -10.884 23.718 -21.56
5 24 -8.919 26.438 -21.993 -9.317 24.656 -22.021 -9.834 25.218 -22.309 -8.175 26.036 -21.663
5 24 -1.902 14.679 -20.919 0 15.04 -21.345 0 14.254 -21.552 -1.659 15.414 -20.838
5 24 -1.902 14.679 -20.919 -1.659 15.414 -20.838 0 15.04 -21.345 -3.212 15.499 -20.209
5 24 -1.659 15.414 -20.838 0 15.04 -21.345 -1.902 14.679 -20.919 -2.889 16.571 -20.797
5 24 -3.212 15.499 -20.209 -1.659 15.414 -20.838 -1.902 14.679 -20.919 -3.577 16.38 -20.138
5 24 -3.577 16.38 -20.138 -1.659 15.414 -20.838 -3.212 15.499 -20.209 -2.889 16.571 -20.797
5 24 0 15.04 -21.345 -2.889 16.571 -20.797 0 15.897 -21.87 -1.659 15.414 -20.838
5 24 -2.889 16.571 -20.797 0 15.897 -21.87 0 15.04 -21.345 0 20.14 -22.323
5 24 -1.659 15.414 -20.838 -2.889 16.571 -20.797 0 15.04 -21.345 -3.577 16.38 -20.138
5 24 -2.889 16.571 -20.797 0 20.14 -22.323 0 15.897 -21.87 -3.335 20.366 -21.401
5 24 0 9.871 -19.691 -1.902 14.679 -20.919 0 14.254 -21.552 -2.144 10.155 -18.923
5 24 -12.727 3.419 -11.742 -9.148 4.901 -13.943 -9.969 3.462 -14.966 -12.705 4.522 -9.609
5 24 -9.148 4.901 -13.943 -9.969 3.462 -14.966 -12.727 3.419 -11.742 -6.386 3.496 -17.551
2 24 -11.283 24.657 -22.082 -9.834 25.218 -22.309
2 24 -9.834 25.218 -22.309 -8.919 26.438 -21.993
2 24 -8.919 26.438 -21.993 -9.006 28.158 -21.009
2 24 -13.186 24.96 -18.746 -12.561 23.809 -20.452
2 24 -12.561 23.809 -20.452 -10.884 23.718 -21.56
2 24 -10.884 23.718 -21.56 -9.317 24.656 -22.021
2 24 -9.317 24.656 -22.021 -8.175 26.036 -21.663
2 24 -8.175 26.036 -21.663 -8.079 27.784 -20.13
2 24 -8.079 27.784 -20.13 -9.426 28.586 -18.264
2 24 -9.426 28.586 -18.264 -11.632 27.828 -17.401
2 24 -11.632 27.828 -17.401 -13.256 25.824 -18.194
2 24 -13.256 25.824 -18.194 -13.217 25.509 -18.433
2 24 -13.217 25.509 -18.433 -13.186 24.96 -18.746
2 24 -13.186 24.96 -18.746 -14.003 23.632 -17.442
2 24 -14.003 23.632 -17.442 -14.95 21.226 -12.939
2 24 -13.256 25.824 -18.194 -14.039 25.017 -16.48
2 24 -14.039 25.017 -16.48 -14.96 22.618 -12.113
2 24 -14.966 2.9 -6.505 -14.037 3.205 -9.029
2 24 -14.037 3.205 -9.029 -12.727 3.419 -11.742
2 24 -12.727 3.419 -11.742 -9.969 3.462 -14.966
2 24 -9.969 3.462 -14.966 -6.386 3.496 -17.551
2 24 -6.386 3.496 -17.551 -3.187 3.436 -18.737
2 24 -3.187 3.436 -18.737 0 3.46 -19.144
2 24 -3.212 15.499 -20.209 -1.902 14.679 -20.919
2 24 -1.902 14.679 -20.919 0 14.254 -21.552
2 24 0 3.127 15.792 -3.117 3.128 15.456
2 24 0 5.626 16.033 -3.275 5.605 15.705
2 24 -5.858 3.671 14.719 -3.117 3.128 15.456
2 24 -5.858 3.671 14.719 -5.862 4.756 14.862
2 24 -5.862 4.756 14.862 -3.275 5.605 15.705
2 24 -5.544 14.25 16.616 0 14.322 17.307
2 24 -17.537 14.432 2.636 -15.06 13.734 9.733
2 24 -15.06 13.734 9.733 -10.935 13.87 14.273
2 24 -10.935 13.87 14.273 -5.544 14.25 16.616
2 24 -17.182 16.165 -3.059 -17.537 14.432 2.636
2 24 -14.95 21.226 -12.939 -16.031 18.545 -7.995
2 24 -16.031 18.545 -7.995 -17.182 16.165 -3.059
2 24 -14.96 22.618 -12.113 -16.111 20.116 -7.182
2 24 -16.111 20.116 -7.182 -16.988 17.59 -2.361
2 24 -16.988 17.59 -2.361 -17.356 16.086 2.917
2 24 -17.356 16.086 2.917 -15.105 15.51 9.984
2 24 -15.105 15.51 9.984 -10.665 15.443 14.444
2 24 -10.665 15.443 14.444 -5.349 15.512 16.536
2 24 -5.349 15.512 16.536 0 15.783 17.181
5 24 0 -1.561 -18.518 0 -5.831 -16.265 -4.467 -5.336 -15.773 3.946 -1.192 -18.099
5 24 0 1.833 -18.941 0 -1.561 -18.518 -2.169 1.841 -18.667 2.169 1.841 -18.667
5 24 0 -5.831 -16.265 0 -8.988 -12.204 -4.812 -8.46 -11.601 4.467 -5.336 -15.773
5 24 0 -10.862 -5.836 0 -11.304 .154 -4.829 -10.756 .217 4.829 -10.756 .217
5 24 0 9.871 -19.691 0 7.016 -18.358 -2.144 10.155 -18.923 2.144 10.155 -18.923
5 24 0 7.016 -18.358 0 5.043 -17.923 -2.712 5.024 -17.603 2.712 5.024 -17.603
5 24 0 -11.016 4.487 0 -10.019 8.229 -4.173 -9.426 8.066 4.173 -9.426 8.066
5 24 0 15.897 -21.87 0 15.04 -21.345 -2.889 16.571 -20.797 2.889 16.571 -20.797
5 24 0 20.14 -22.323 0 15.897 -21.87 -2.889 16.571 -20.797 2.889 16.571 -20.797
5 24 0 -8.237 11.207 0 -4.399 14.125 -3.995 -7.61 10.901 3.995 -7.61 10.901
5 24 0 -10.019 8.229 0 -8.237 11.207 -4.173 -9.426 8.066 4.173 -9.426 8.066
5 24 0 -4.399 14.125 0 .989 15.53 -3.698 -3.781 13.797 3.698 -3.781 13.797
5 24 0 14.563 17.069 0 15.194 16.91 -5.386 15.049 16.283 5.386 15.049 16.283
5 24 0 8.33 16.409 0 13.062 17.335 -5.602 13.002 16.673 5.602 13.002 16.673
5 24 0 10.875 -20.117 0 9.871 -19.691 -2.144 10.155 -18.923 1.916 14.422 -20.805
5 24 0 11.125 -20.223 0 10.875 -20.117 -2.144 10.155 -18.923 1.916 14.422 -20.805
5 24 0 14.131 -21.5 0 11.125 -20.223 -2.144 10.155 -18.923 1.916 14.422 -20.805
5 24 0 13.062 17.335 0 14.322 17.307 -5.544 14.25 16.616 5.544 14.25 16.616
5 24 0 14.322 17.307 0 14.563 17.069 -5.42 14.551 16.358 5.42 14.551 16.358
5 24 0 25.096 -20.455 0 23.791 -21.803 -2.582 25.393 -19.921 2.582 25.393 -19.921
5 24 0 22.869 -21.934 0 20.14 -22.323 -3.335 20.366 -21.401 .898 22.869 -21.695
5 24 0 23.791 -21.803 0 23.119 -21.899 -.654 23.119 -21.724 .654 23.119 -21.724
5 24 0 15.194 16.91 0 15.783 17.181 -5.349 15.512 16.536 5.349 15.512 16.536
5 24 0 15.783 17.181 0 17.528 16.425 -4.945 17.546 15.833 4.945 17.546 15.833
5 24 0 3.916 15.526 0 4.823 15.594 -4.358 3.975 15.079 4.358 3.975 15.079
5 24 0 3.004 -19.087 0 2.583 -19.035 -2.637 2.574 -18.699 2.637 2.574 -18.699
5 24 0 3.46 -19.144 0 3.004 -19.087 -2.637 2.574 -18.699 2.637 2.574 -18.699
5 24 0 -8.988 -12.204 0 -10.862 -5.836 -4.812 -8.46 -11.601 4.812 -8.46 -11.601
5 24 0 -11.304 .154 0 -11.016 4.487 -4.829 -10.756 .217 4.829 -10.756 .217
5 24 0 17.528 16.425 0 18.835 14.806 -4.298 18.9 14.144 4.298 18.9 14.144
5 24 0 5.626 16.033 0 8.33 16.409 -3.275 5.605 15.705 3.275 5.605 15.705
5 24 0 .989 15.53 0 3.127 15.792 -3.117 3.128 15.456 3.117 3.128 15.456
5 24 0 3.127 15.792 0 3.916 15.526 -3.117 3.128 15.456 3.117 3.128 15.456
5 24 0 4.823 15.594 0 5.626 16.033 -3.275 5.605 15.705 3.275 5.605 15.705
5 24 0 14.379 -21.519 0 14.254 -21.552 -.837 14.441 -21.274 .837 14.441 -21.274
5 24 0 3.655 -18.994 0 3.46 -19.144 -3.187 3.436 -18.737 3.187 3.436 -18.737
5 24 0 5.043 -17.923 0 3.655 -18.994 -3.187 3.436 -18.737 3.187 3.436 -18.737
5 24 0 23.119 -21.899 0 22.869 -21.934 -.654 23.119 -21.724 .654 23.119 -21.724
5 24 0 14.254 -21.552 0 14.131 -21.5 -.837 14.441 -21.274 .837 14.441 -21.274
5 24 0 15.04 -21.345 0 14.379 -21.519 -.837 14.441 -21.274 .837 14.441 -21.274
5 24 0 2.583 -19.035 0 1.833 -18.941 -2.169 1.841 -18.667 2.637 2.574 -18.699
