0 ~Minifig Helmet SW Walker Driver Ep.8 -Stripe
0 Name: s\20905ps1s02.dat
0 Author: Ulrich Röder [UR]
0 !LDRAW_ORG Unofficial_Subpart
0 !LICENSE Redistributable under CCAL version 2.0 : see CAreadme.txt

0 BFC CERTIFY CCW



0 // Main
3 16 -9.84 7.887 -12.572 -9.212 10.063 -12.973 -9.187 8.056 -13.35
3 16 -5.309 12.207 -17.085 -5.71 11.576 -16.487 -6.056 12.608 -16.622
3 16 -7.409 -.233 -17.103 -6.844 1.828 -17.351 -4.812 -.952 -17.85
4 16 -9.581 .823 -15.52 -9.558 1.177 -15.497 -9.502 1.096 -15.543 -9.515 .904 -15.556
3 16 -11.24 6.846 -11.02 -11.256 7.961 -10.539 -9.212 10.063 -12.973
3 16 -10.605 7.304 -11.726 -9.212 10.063 -12.973 -9.84 7.887 -12.572
4 16 -11.24 6.12 -11.145 -11.24 6.846 -11.02 -10.605 7.304 -11.726 -11.089 6.284 -11.304
4 16 -5.423 15.813 -18.478 -4.881 12.878 -17.722 -5.056 12.603 -17.461 -6.379 15.949 -17.729
4 16 -11.472 -1.833 -13.045 -10.568 .65 -14.737 -10.371 .65 -14.898 -8.385 -4.016 -14.729
4 16 -6.409 16.137 -17.753 -7.215 16.068 -17.075 -7.169 16.835 -17.591 -6.097 17.645 -18.942
3 16 -6.577 7.189 -15.604 -7.18 8.259 -15.067 -5.9 7.908 -15.897
3 16 -11.089 6.284 -11.304 -11.24 5.894 -11.184 -11.24 6.12 -11.145
3 16 -5.9 6.973 -16.064 -6.577 7.189 -15.604 -5.9 7.908 -15.897
4 16 -7.866 16.285 -16.813 -7.215 16.068 -17.075 -9.327 14.287 -14.997 -9.348 15.062 -15.368
4 16 -4.812 7.087 -16.696 -4.812 5.635 -16.956 -5.9 6.602 -16.131 -5.9 6.973 -16.064
3 16 -9.32 14.023 -14.87 -8.06 13.527 -15.339 -9.212 10.063 -12.973
4 16 -4.812 11.218 -17.1 -5.71 11.576 -16.487 -5.309 12.207 -17.085 -4.812 11.929 -17.392
4 16 -7.18 8.259 -15.067 -5.71 11.576 -16.487 -4.812 9.861 -16.885 -5.9 7.908 -15.897
4 16 -5.9 7.908 -15.897 -4.812 7.609 -16.602 -4.812 7.087 -16.696 -5.9 6.973 -16.064
4 16 -9.785 .75 -15.391 -9.752 1.25 -15.358 -9.645 1.231 -15.432 -9.676 .769 -15.462
4 16 -9.469 .866 -15.591 -9.431 1 -15.602 -8.834 1.824 -15.914 -7.409 -.233 -17.103
3 16 -4.812 -.289 -17.888 -6.844 1.828 -17.351 -4.812 1.849 -18.01
3 16 -4.881 12.878 -17.722 -4.812 12.506 -17.628 -5.056 12.603 -17.461
3 16 -4.812 9.861 -16.885 -4.812 7.609 -16.602 -5.9 7.908 -15.897
3 16 -4.812 -5.22 -15.681 -4.812 -8.46 -11.601 -6.833 -7.675 -11.161
3 16 -9.212 10.063 -12.973 -8.793 8.158 -13.676 -9.187 8.056 -13.35
3 16 -4.812 3.004 -18.099 -6.656 2.512 -17.433 -6.521 3.004 -17.492
3 16 -4.812 3.004 -18.099 -4.812 2.567 -18.065 -6.656 2.512 -17.433
3 16 -7.18 8.259 -15.067 -6.577 7.189 -15.604 -6.914 7.481 -15.341
4 16 -6.379 15.949 -17.729 -6.209 13.063 -16.684 -7.98 13.768 -15.504 -7.215 16.068 -17.075
3 16 -11.958 1.569 -12.97 -11.958 1.833 -12.924 -11.684 1.83 -13.246
4 16 -12.027 -2.556 -11.37 -11.472 -1.833 -13.045 -9.254 -6.734 -10.633 -11.873 -4.437 -9.402
3 16 -12.027 -2.556 -11.37 -11.958 -.547 -12.744 -11.472 -1.833 -13.045
3 16 -7.472 16.566 -17.377 -7.169 16.835 -17.591 -7.215 16.068 -17.075
3 16 -11.958 1.35 -13.018 -11.958 1.569 -12.97 -11.684 1.83 -13.246
3 16 -8.834 1.824 -15.914 -9.53 1.247 -15.508 -9.653 1.323 -15.417
4 16 -10.295 1.819 -14.928 -10.388 1.35 -14.917 -11.958 1.35 -13.018 -11.684 1.83 -13.246
3 16 -7.866 16.285 -16.813 -7.472 16.566 -17.377 -7.215 16.068 -17.075
4 16 -6.409 16.137 -17.753 -5.497 16.215 -18.521 -5.423 15.813 -18.478 -6.379 15.949 -17.729
3 16 -9.212 10.063 -12.973 -7.804 8.002 -14.567 -8.793 8.158 -13.676
4 16 -11.202 12.617 -11.422 -10.588 14.036 -13.044 -10.44 13.862 -13.169 -9.212 10.063 -12.973
4 16 -10.588 14.036 -13.044 -10.475 14.1 -13.241 -9.32 14.023 -14.87 -10.44 13.862 -13.169
3 16 -10.134 14.566 -13.975 -9.348 15.062 -15.368 -9.327 14.287 -14.997
4 16 -7.804 8.002 -14.567 -9.212 10.063 -12.973 -7.18 8.259 -15.067 -7.452 7.796 -14.912
3 16 -4.812 -.952 -17.85 -4.812 -4.738 -15.929 -7.409 -.233 -17.103
4 16 -8.385 -4.016 -14.729 -7.409 -.233 -17.103 -4.812 -4.738 -15.929 -4.812 -5.22 -15.681
3 16 -6.379 15.949 -17.729 -5.056 12.603 -17.461 -6.209 13.063 -16.684
3 16 -6.914 7.481 -15.341 -7.452 7.796 -14.912 -7.18 8.259 -15.067
4 16 -5.497 16.215 -18.521 -6.409 16.137 -17.753 -6.097 17.645 -18.942 -5.731 17.48 -19.127
3 16 -5.71 11.576 -16.487 -6.912 12.997 -16.073 -6.056 12.608 -16.622
3 16 -9.212 10.063 -12.973 -5.71 11.576 -16.487 -7.18 8.259 -15.067
3 16 -6.409 16.137 -17.753 -6.379 15.949 -17.729 -7.215 16.068 -17.075
3 16 -5.9 6.602 -16.131 -6.577 7.189 -15.604 -5.9 6.973 -16.064
4 16 -9.254 -6.734 -10.633 -8.385 -4.016 -14.729 -4.812 -5.22 -15.681 -6.833 -7.675 -11.161
3 16 -9.212 10.063 -12.973 -10.605 7.304 -11.726 -11.24 6.846 -11.02
3 16 -7.215 16.068 -17.075 -7.98 13.768 -15.504 -9.327 14.287 -14.997
3 16 -11.256 7.961 -10.539 -11.202 12.617 -11.422 -9.212 10.063 -12.973
3 16 -9.32 14.023 -14.87 -9.212 10.063 -12.973 -10.44 13.862 -13.169
3 16 -4.812 -.952 -17.85 -6.844 1.828 -17.351 -4.812 -.289 -17.888
4 16 -11.958 .975 -13.098 -10.477 .9 -14.907 -10.532 .75 -14.805 -11.958 .75 -13.046
3 16 -10.413 .75 -14.902 -10.532 .75 -14.805 -10.477 .9 -14.907
3 16 -11.958 .975 -13.098 -11.958 1.206 -13.049 -10.477 .9 -14.907
4 16 -11.958 .65 -13.022 -10.568 .65 -14.737 -11.472 -1.833 -13.045 -11.958 -.547 -12.744
4 16 -10.45 3.004 -14.484 -11.016 2.466 -13.916 -11.958 2.47 -12.811 -11.958 3.02 -12.713
3 16 -10.071 .75 -15.198 -10.413 .75 -14.902 -10.477 .9 -14.907
4 16 -11.958 1.25 -13.04 -10.408 1.25 -14.915 -10.477 .9 -14.907 -11.958 1.206 -13.049
3 16 -8.834 1.824 -15.914 -6.844 1.828 -17.351 -7.409 -.233 -17.103
3 16 -8.385 -4.016 -14.729 -9.254 -6.734 -10.633 -11.472 -1.833 -13.045
3 16 -5.71 11.576 -16.487 -4.812 11.218 -17.1 -4.812 9.861 -16.885
3 16 -9.53 1.247 -15.508 -8.834 1.824 -15.914 -9.452 1.134 -15.573
3 16 -10.295 1.819 -14.928 -9.802 1.35 -15.313 -10.388 1.35 -14.917
4 16 -8.834 1.824 -15.914 -9.653 1.323 -15.417 -9.802 1.35 -15.313 -10.295 1.819 -14.928
4 16 -9.841 .75 -15.353 -9.808 1.25 -15.32 -9.752 1.25 -15.358 -9.785 .75 -15.391
4 16 -9.558 1.177 -15.497 -9.581 .823 -15.52 -9.676 .769 -15.462 -9.645 1.231 -15.432
4 16 -8.06 13.527 -15.339 -6.912 12.997 -16.073 -5.71 11.576 -16.487 -9.212 10.063 -12.973
3 16 -9.515 .904 -15.556 -9.502 1.096 -15.543 -9.487 1 -15.564
4 16 -10.477 .9 -14.907 -10.408 1.25 -14.915 -9.808 1.25 -15.32 -10.071 .75 -15.198
3 16 -9.808 1.25 -15.32 -9.841 .75 -15.353 -10.071 .75 -15.198
4 16 -7.409 -.233 -17.103 -8.385 -4.016 -14.729 -10.371 .65 -14.898 -9.815 .656 -15.381
3 16 -9.469 .866 -15.591 -7.409 -.233 -17.103 -9.562 .753 -15.541
3 16 -9.562 .753 -15.541 -7.409 -.233 -17.103 -9.695 .677 -15.459
3 16 -9.452 1.134 -15.573 -8.834 1.824 -15.914 -9.431 1 -15.602
3 16 -9.695 .677 -15.459 -7.409 -.233 -17.103 -9.815 .656 -15.381
4 16 -10.06 3.004 -14.955 -10.168 2.46 -14.943 -11.016 2.466 -13.916 -10.45 3.004 -14.484
4 16 -6.521 3.004 -17.492 -6.656 2.512 -17.433 -9.285 2.475 -15.537 -9.659 3.014 -15.225
4 16 -9.659 3.014 -15.225 -9.285 2.475 -15.537 -10.168 2.46 -14.943 -10.06 3.004 -14.955
