0 ~Monorail Track Bottom Triangles Subpart
0 Name: s\2670s02.dat
0 Author: Bernd Broich [bbroich]
0 !LICENSE Licensed under CC BY 2.0 and CC BY 4.0 : see CAreadme.txt
0 BFC CERTIFY CW
2 24 0 -3.5 2.5 28.75 -3.5 2.5
2 24 0 19.5 2.5 28.75 19.5 2.5
2 24 0 19.5 28 22 19.5 6
2 24 0 5 28 22 5 6
2 24 0 19.5 36 1 19.5 36
2 24 1 19.5 31 1 19.5 36
2 24 1 19.5 31 1 5 31
2 24 1 19.5 31 26 19.5 6
2 24 1 19.5 36 1 5 36
2 24 1 5 31 1 5 36
2 24 1 5 31 26 5 6
2 24 22 19.5 6 0 19.5 6
2 24 22 19.5 6 22 5 6
2 24 22 5 6 0 5 6
2 24 26 19.5 6 26 5 6
2 24 28.75 -3.5 0 28.75 -3.5 2.5
2 24 28.75 19.5 0 28.75 19.5 2.5
2 24 28.75 19.5 2.5 28.75 -3.5 2.5
2 24 30 19.5 6 26 19.5 6
2 24 30 5 6 26 5 6
3 16 0 5 6 22 5 6 0 5 28
4 16 0 -3.5 2.5 28.75 -3.5 2.5 28.75 19.5 2.5 0 19.5 2.5
4 16 0 19.5 28 1 19.5 31 1 19.5 36 0 19.5 36
4 16 0 19.5 28 22 19.5 6 26 19.5 6 1 19.5 31
4 16 0 5 28 22 5 6 22 19.5 6 0 19.5 28
4 16 1 5 31 1 19.5 31 26 19.5 6 26 5 6
4 16 1 5 31 1 5 36 1 19.5 36 1 19.5 31
4 16 22 5 6 0 5 6 0 19.5 6 22 19.5 6
4 16 28.75 -3.5 0 28.75 -3.5 2.5 0 -3.5 2.5 0 -3.5 0
4 16 28.75 -3.5 0 28.75 19.5 0 28.75 19.5 2.5 28.75 -3.5 2.5
4 16 30 19.5 6 0 19.5 6 0 19.5 2.5 30 19.5 2.5
4 16 30 19.5 6 28.75 19.5 6 28.75 19.5 0 30 19.5 0
4 16 30 5 31 1 5 31 26 5 6 30 5 6
4 16 30 5 31 30 5 36 1 5 36 1 5 31
4 16 30 5 6 26 5 6 26 19.5 6 30 19.5 6
