0 ~Monorail Track Point Top Subpart
0 Name: s\2880s09.dat
0 Author: Mikkel Bech Jensen [gaia]
0 !LDRAW_ORG Unofficial_Subpart
0 !LICENSE Redistributable under CCAL version 2.0 : see CAreadme.txt

0 BFC CERTIFY CW

1 16 -284 0 0 1 0 0 0 1 0 0 0 1 s\2670s03.dat
1 16 -292 0 0 1 0 0 0 1 0 0 0 1 s\2670s03.dat
1 16 -300 0 0 1 0 0 0 1 0 0 0 1 s\2670s03.dat
1 16 -308 0 0 1 0 0 0 1 0 0 0 1 s\2670s03.dat
1 16 -316 0 0 1 0 0 0 1 0 0 0 1 s\2670s03.dat
1 16 -12 0 0 1 0 0 0 1 0 0 0 1 s\2670s03.dat
1 16 -20 0 0 1 0 0 0 1 0 0 0 1 s\2670s03.dat
1 16 -28 0 0 1 0 0 0 1 0 0 0 1 s\2670s03.dat
1 16 -4 0 0 1 0 0 0 1 0 0 0 1 s\2670s03.dat
1 16 -36 0 0 1 0 0 0 1 0 0 0 1 s\2670s03.dat
1 16 105.354 0 0 1 0 0 0 1 0 0 0 1 s\2670s03.dat
1 16 11.706 0 0 1 0 0 0 1 0 0 0 1 s\2670s03.dat
1 16 113.158 0 0 1 0 0 0 1 0 0 0 1 s\2670s03.dat
1 16 120.962 0 0 1 0 0 0 1 0 0 0 1 s\2670s03.dat
1 16 128.766 0 0 1 0 0 0 1 0 0 0 1 s\2670s03.dat
1 16 136.57 0 0 1 0 0 0 1 0 0 0 1 s\2670s03.dat
1 16 144.374 0 0 1 0 0 0 1 0 0 0 1 s\2880s02.dat
1 16 152.178 0 0 1 0 0 0 1 0 0 0 1 s\2880s02.dat
1 16 159.982 0 0 1 0 0 0 1 0 0 0 1 s\2880s02.dat
1 16 167.786 0 0 1 0 0 0 1 0 0 0 1 s\2880s02.dat
1 16 175.59 0 0 1 0 0 0 1 0 0 0 1 s\2880s02.dat
1 16 183.394 0 0 1 0 0 0 1 0 0 0 1 s\2880s02.dat
1 16 19.51 0 0 1 0 0 0 1 0 0 0 1 s\2670s03.dat
1 16 191.198 0 0 1 0 0 0 1 0 0 0 1 s\2880s02.dat
1 16 199.002 0 0 1 0 0 0 1 0 0 0 1 s\2880s02.dat
1 16 206.806 0 0 1 0 0 0 1 0 0 0 1 s\2880s02.dat
1 16 214.61 0 0 1 0 0 0 1 0 0 0 1 s\2880s02.dat
1 16 222.414 0 0 1 0 0 0 1 0 0 0 1 s\2880s02.dat
1 16 230.218 0 0 1 0 0 0 1 0 0 0 1 s\2670s03.dat
1 16 238.022 0 0 1 0 0 0 1 0 0 0 1 s\2670s03.dat
1 16 245.826 0 0 1 0 0 0 1 0 0 0 1 s\2670s03.dat
1 16 253.63 0 0 1 0 0 0 1 0 0 0 1 s\2670s03.dat
1 16 261.434 0 0 1 0 0 0 1 0 0 0 1 s\2670s03.dat
1 16 269.238 0 0 1 0 0 0 1 0 0 0 1 s\2670s03.dat
1 16 27.314 0 0 1 0 0 0 1 0 0 0 1 s\2670s03.dat
1 16 277.042 0 0 1 0 0 0 1 0 0 0 1 s\2670s03.dat
1 16 284.846 0 0 1 0 0 0 1 0 0 0 1 s\2670s03.dat
1 16 292.65 0 0 1 0 0 0 1 0 0 0 1 s\2670s03.dat
1 16 3.902 0 0 1 0 0 0 1 0 0 0 1 s\2670s03.dat
1 16 300.454 0 0 1 0 0 0 1 0 0 0 1 s\2670s03.dat
1 16 308.258 0 0 1 0 0 0 1 0 0 0 1 s\2670s03.dat
1 16 316.062 0 0 1 0 0 0 1 0 0 0 1 s\2670s03.dat
1 16 35.118 0 0 1 0 0 0 1 0 0 0 1 s\2670s03.dat
1 16 42.922 0 0 1 0 0 0 1 0 0 0 1 s\2670s03.dat
1 16 50.726 0 0 1 0 0 0 1 0 0 0 1 s\2670s03.dat
1 16 58.53 0 0 1 0 0 0 1 0 0 0 1 s\2670s03.dat
1 16 66.334 0 0 1 0 0 0 1 0 0 0 1 s\2670s03.dat
1 16 74.138 0 0 1 0 0 0 1 0 0 0 1 s\2670s03.dat
1 16 81.942 0 0 1 0 0 0 1 0 0 0 1 s\2670s03.dat
1 16 89.746 0 0 1 0 0 0 1 0 0 0 1 s\2670s03.dat
1 16 97.55 0 0 1 0 0 0 1 0 0 0 1 s\2670s03.dat
0 BFC INVERTNEXT
1 16 290.5 5 0 -10.5 0 0 0 -8.5 0 0 0 2.5 box5-4a.dat
0 BFC INVERTNEXT
1 16 -292.5 5 0 -8.5 0 0 0 -8.5 0 0 0 2.5 box5-4a.dat
1 16 280 10 36 0 -1 0 -10 0 0 0 0 4 rect3.dat
1 16 280 10 -36 0 -1 0 10 0 0 0 0 -4 rect3.dat
1 16 -280 10 54.5 0 1 0 0 0 10 -22.5 0 0 rect2p.dat
1 16 -280 10 -54.5 0 1 0 0 0 -10 22.5 0 0 rect2p.dat
1 16 290.5 5 -11.25 0 0 -10.5 0 -1 0 8.75 0 0 rect2a.dat
1 16 290.5 5 11.25 -10.5 0 0 0 -1 0 0 0 -8.75 rect2a.dat
4 16 -284 5 -2.5 -301 5 -2.5 -301 5 -20 -280 5 -20
4 16 -301 5 20 -301 5 2.5 -284 5 2.5 -280 5 20
4 16 -284 5 2.5 -284 5 -2.5 -280 5 -20 -280 5 20
4 16 -84 2 -80 -84 0 -80 1 0 -80 -80 2 -80
4 16 -80 5 -80 -80 2 -80 1 0 -80 1 20 -80
4 16 -256 5 -80 -277 0 -80 -252 0 -80 -252 5 -80
4 16 -277 20 -80 -277 0 -80 -256 5 -80 -256 9 -80
1 16 -208 4.5 -80 -40 0 0 0 0 -4.5 0 1 0 rect3.dat
3 16 -168 9 -80 -166 9 -80 -166 12 -80
4 16 -156 5 -80 -164 0 -80 -88 0 -80 -88 5 -80
3 16 -164 5 -80 -164 0 -80 -156 5 -80
4 16 1 20 -80 -158 12 -80 -158 9 -80 -156 9 -80
4 16 -88 5 -80 -80 5 -80 1 20 -80 -156 9 -80
3 16 -156 9 -80 -156 5 -80 -88 5 -80
3 16 -248 9 -80 -168 9 -80 -166 12 -80
4 16 -277 20 -80 -256 9 -80 -248 9 -80 -166 12 -80
4 16 -277 20 -80 -166 12 -80 -158 12 -80 1 20 -80
1 16 4 8 -58 0 -1 0 -8 0 0 0 0 18 rect3.dat
4 16 4 20 -77 4 0 -77 4 0 -76 4 16 -76
3 16 4 20 -76 4 20 -77 4 16 -76
4 16 4 16 -40 4 0 -40 12 8 -40 12 16 -40
4 16 12 8 -40 4 0 -40 280 0 -40 119 8 -40
4 16 119 20 -40 119 8 -40 280 0 -40 280 20 -40
1 16 143.5 10 40 -136.5 0 0 0 0 10 0 -1 0 rect2p.dat
1 16 4 10 50 0 -1 0 0 0 10 7 0 0 rect2p.dat
0 BFC INVERTNEXT
1 16 -277 0 354 0 0 304 0 20 0 -274 0 0 48\1-8cyli.dat
1 16 -277 0 354 0 0 304 0 1 0 -274 0 0 48\1-8edge.dat
1 16 -277 20 354 0 0 304 0 1 0 -274 0 0 48\1-8edge.dat
1 16 -22.7305 10 134.5 16.2695 1 0 0 0 -10 7.5 0 0 rect2p.dat
0 BFC INVERTNEXT
1 16 7 0 43 -3 0 0 0 20 0 0 0 -3 1-4cyli.dat
0 BFC INVERTNEXT
1 16 7 0 57 -3 0 0 0 20 0 0 0 3 1-8cyli.dat
1 16 7 0 57 -3 0 0 0 1 0 0 0 3 1-8edge.dat
1 16 7 20 57 -3 0 0 0 1 0 0 0 3 1-8edge.dat
1 16 1 0 -77 3 0 0 0 20 0 0 0 -3 1-4cyli.dat
1 16 -277 0 -77 -3 0 0 0 20 0 0 0 -3 1-4cyli.dat
1 16 -277 0 77 -3 0 0 0 20 0 0 0 3 1-4cyli.dat
1 16 -58.5 0 161.843 .6759 0 -.6759 0 20 0 .8179 0 .8179 1-4cyli.dat
1 16 -60.6088 10 161.4577 -1.4328 1 0 0 0 10 -1.2031 0 0 rect2p.dat
1 16 -48.412 10 144.8304 0 -1 9.412 10 0 0 0 0 -17.8304 rect3.dat
4 16 280 20 -20 280 5 -2.5 280 5 2.5 280 20 20
3 16 280 5 -20 280 5 -2.5 280 20 -20
3 16 280 5 2.5 280 5 20 280 20 20
1 16 240 0 0 1 0 0 0 1 0 0 0 1 s\2880s01.dat
1 16 240 0 0 1 0 0 0 1 0 0 0 -1 s\2880s01.dat
1 16 238.75 6.25 0 0 1 0 9.75 0 0 0 0 2.5 rect1.dat
4 16 241.25 16 -2.5 241.25 -3.5 -2.5 241.25 -3.5 2.5 241.25 16 2.5
1 16 240 16 0 1.25 0 0 0 -1 0 0 0 2.5 rect1.dat
1 16 229.375 -3.5 0 0 0 -9.375 0 -1 0 2.5 0 0 rect2p.dat
1 16 258.625 -3.5 0 0 0 17.375 0 -1 0 -2.5 0 0 rect2p.dat
1 16 280 12.5 25.5 0 -1 0 7.5 0 0 0 0 -2.5 rect1.dat
1 16 280 12.5 -25.5 0 -1 0 7.5 0 0 0 0 -2.5 rect1.dat
4 16 276 16 2.5 276 -3.5 2.5 276 -3.5 -2.5 276 16 -2.5
1 16 280 22.5 21.5 0 1 0 -2.5 0 0 0 0 -1.5 rect2a.dat
1 16 280 22.5 -21.5 0 1 0 0 0 -2.5 1.5 0 0 rect2a.dat
1 16 220 -5.25 0 0 1 0 -1.75 0 0 0 0 -2.5 rect1.dat
4 16 276 16 2.5 276 16 -2.5 276 20 -36 276 20 36
3 16 276 16 6 276 16 2.5 276 20 36
3 16 276 16 -2.5 276 16 -6 276 20 -36
3 16 276 20 -36 280 20 -32 280 20 -28
3 16 276 20 -36 280 20 -28 280 20 -23
3 16 276 20 -36 280 20 -23 280 20 -20
3 16 280 20 20 280 20 23 276 20 36
3 16 280 20 23 280 20 28 276 20 36
3 16 280 20 28 280 20 32 276 20 36
3 16 276 20 36 280 20 32 280 20 40
3 16 280 20 -32 276 20 -36 280 20 -40
4 16 276 20 -36 280 20 -20 280 20 20 276 20 36
4 16 0 20 36 149 16 36 151 16 36 276 20 36
4 16 276 20 -36 211 16 -36 209 16 -36 119 20 -36
1 16 36.113 10 76.3355 17.376 -1 0 0 0 10 10.1175 0 0 rect2p.dat
4 16 4.8787 20 59.1213 4.8787 0 59.1213 18.737 0 66.218 18.737 20 66.218
1 16 146 -5.25 0 0 0 -2 0 -1 1.75 2.5 0 0 rect2p.dat
4 16 -36 -3.5 -2.5 144 -3.5 -2.5 144 -3.5 2.5 -36 -3.5 2.5
1 16 -36 .75 0 0 -1 0 0 0 -4.25 -2.5 0 0 rect2p.dat
1 16 70 6.5 -10 -2 0 0 0 0 1.5 0 -1 0 rect.dat
1 16 106.5 6.5 -13.5 -2 0 0 0 0 1.5 0 -1 0 rect.dat
1 16 50 6.5 -10 -2 0 0 0 0 1.5 0 -1 0 rect.dat
1 16 10 6.5 -10 -2 0 0 0 0 1.5 0 -1 0 rect.dat
3 16 89 16 31 90 16 28 91 16 31
1 16 90 16 33.5 1 0 0 0 -1 0 0 0 2.5 rect3.dat
1 16 106.5 10.5 13.5 0 0 2 -5.5 0 0 0 1 0 rect.dat
4 16 104.5 16 13.5 108.5 16 13.5 91 16 31 90 16 28
1 16 89 10.5 33.5 0 1 0 -5.5 0 0 0 0 -2.5 rect1.dat
1 16 99.75 10.5 22.25 0 -1 -8.75 -5.5 0 0 0 0 8.75 rect3.dat
1 16 91 10.5 33.5 0 -1 0 -5.5 0 0 0 0 2.5 rect1.dat
1 16 120 10.5 36 -29 0 0 0 0 -5.5 0 1 0 rect3.dat
1 16 97.25 10.5 20.75 7.25 1 0 0 0 5.5 -7.25 0 0 rect2p.dat
1 16 70 10.5 10 0 0 2 -5.5 0 0 0 1 0 rect.dat
3 16 29 16 31 30 16 28 31 16 31
1 16 31 10.5 33.5 0 -1 0 0 0 5.5 2.5 0 0 rect.dat
1 16 50 10.5 10 0 0 2 -5.5 0 0 0 1 0 rect.dat
1 16 60 10.5 36 0 0 29 -5.5 0 0 0 1 0 rect2a.dat
1 16 29 10.5 33.5 0 1 0 -5.5 0 0 0 0 -2.5 rect.dat
1 16 30 16 33.5 0 0 -1 0 -1 0 2.5 0 0 rect1.dat
1 16 10 10.5 10 0 0 2 -5.5 0 0 0 1 0 rect.dat
1 16 60 6.5 -36 0 0 29 1.5 0 0 0 -1 0 rect.dat
1 16 76 6.5 -30 0 0 72 1.5 0 0 0 -1 0 rect3.dat
1 16 60 6.5 -33.5 0 0 -29 1.5 0 0 0 1 0 rect3.dat
1 16 74.5 6.5 -27 0 0 70.5 -1.5 0 0 0 1 0 rect3.dat
1 16 120 6.5 -23 0 0 21 1.5 0 0 0 -1 0 rect3.dat
4 16 91 5 -36 91 8 -36 119 8 -36 149 5 -36
4 16 -4 5 -36 12 8 -36 29 8 -36 29 5 -36
1 16 149 10.5 33.5 0 1 0 -5.5 0 0 0 0 -2.5 rect2a.dat
1 16 120 6.5 -33.5 0 0 29 -1.5 0 0 0 1 0 rect3.dat
1 16 16.5 6.5 -33.5 0 0 12.5 -1.5 0 0 0 1 0 rect3.dat
1 16 90 6.5 -23 5 0 0 0 0 -1.5 0 -1 0 rect2p.dat
1 16 60 6.5 -23 21 0 0 0 0 -1.5 0 -1 0 rect2p.dat
1 16 30 6.5 -23 5 0 0 0 0 -1.5 0 -1 0 rect2p.dat
1 16 12.5 6.5 -23 8.5 0 0 0 0 -1.5 0 -1 0 rect2p.dat
1 16 140.25 10.5 22.25 0 1 -8.75 -5.5 0 0 0 0 -8.75 rect1.dat
4 16 119 8 -36 119 20 -36 149 16 -36 149 5 -36
1 16 29 6.5 -34.75 0 1 0 -1.5 0 0 0 0 -1.25 rect2a.dat
1 16 31 6.5 -34.75 0 -1 0 -1.5 0 0 0 0 1.25 rect1.dat
1 16 30 8 -34.75 0 0 1 0 -1 0 -1.25 0 0 rect2p.dat
1 16 91 6.5 -34.75 0 -1 0 -1.5 0 0 0 0 1.25 rect.dat
1 16 89 6.5 -34.75 0 1 0 0 0 -1.5 1.25 0 0 rect2a.dat
1 16 90 8 -34.75 -1 0 0 0 -1 0 0 0 -1.25 rect1.dat
1 16 99.75 6.5 -18.25 0 1 -4.75 -1.5 0 0 0 0 -4.75 rect2a.dat
1 16 103.75 6.5 -18.25 -4.75 -1 0 0 0 -1.5 -4.75 0 0 rect2a.dat
1 16 101.75 8 -18.25 4.75 0 -2 0 -1 0 4.75 0 0 rect2p.dat
4 16 35 8 -23 39 8 -23 52 8 -10 48 8 -10
4 16 21 8 -23 25 8 -23 12 8 -10 8 8 -10
3 16 149 8 -33.5 149 5 -33.5 149 5 -36
4 16 149 8 -33.5 149 5 -36 149 16 -36 149 16 -31
3 16 149 8 -31 149 8 -33.5 149 16 -31
3 16 149 8 -33.5 149 8 -31 148 8 -30
3 16 149 8 -31 149 16 -31 148 8 -30
4 16 145 8 -27 148 8 -30 149 16 -31 131.5 16 -13.5
3 16 141 8 -23 145 8 -27 131.5 16 -13.5
4 16 131.5 5 -13.5 141 5 -23 141 8 -23 131.5 16 -13.5
1 16 146.5 6.5 -28.5 0 1 1.5 -1.5 0 0 0 0 -1.5 rect1.dat
4 16 91 8 -33.5 149 8 -33.5 148 8 -30 4 8 -30
3 16 89 8 -33.5 91 8 -33.5 4 8 -30
3 16 89 8 -33.5 4 8 -30 31 8 -33.5
3 16 4 8 -33.5 29 8 -33.5 4 8 -30
3 16 4 8 -30 29 8 -33.5 31 8 -33.5
4 16 145 8 -27 141 8 -23 99 8 -23 4 8 -27
3 16 99 8 -23 95 8 -23 4 8 -27
3 16 95 8 -23 85 8 -23 4 8 -27
3 16 85 8 -23 81 8 -23 4 8 -27
3 16 81 8 -23 39 8 -23 4 8 -27
3 16 39 8 -23 35 8 -23 4 8 -27
3 16 35 8 -23 25 8 -23 4 8 -27
3 16 25 8 -23 21 8 -23 4 8 -27
3 16 21 8 -23 4 8 -23 4 8 -27
1 16 119 14 -38 0 1 0 0 0 6 -2 0 0 rect.dat
3 16 119 8 -40 119 8 -36 91 8 -36
3 16 119 8 -40 91 8 -36 89 8 -36
3 16 29 8 -36 12 8 -40 31 8 -36
3 16 29 8 -36 12 8 -36 12 8 -40
4 16 89 8 -36 31 8 -36 12 8 -40 119 8 -40
1 16 120 5 -34.75 0 0 29 0 -1 0 -1.25 0 0 rect2a.dat
4 16 31 5 -33.5 31 5 -36 89 5 -36 89 5 -33.5
4 16 4 5 -33.5 -4 5 -36 29 5 -36 29 5 -33.5
4 16 4 5 -27 4 5 -30 148 5 -30 145 5 -27
4 16 131.5 5 -13.5 108.5 5 -13.5 99 5 -23 141 5 -23
4 16 25 5 -23 35 5 -23 48 5 -10 12 5 -10
4 16 149 5 31 149 5 36 91 5 36 91 5 31
4 16 149 5 31 91 5 31 108.5 5 13.5 131.5 5 13.5
4 16 31 5 31 89 5 31 89 5 36 31 5 36
4 16 29 16 36 0 20 36 0 5 36 29 5 36
4 16 -4 5 -36 -4 16 -36 12 16 -36 12 8 -36
4 16 -4 16 -36 4 16 -40 12 16 -40 12 16 -36
1 16 12 12 -38 0 -1 0 -4 0 0 0 0 2 rect.dat
3 16 -4 16 -40 0 16 -40 -4 16 -36
3 16 0 16 -40 4 16 -40 -4 16 -36
1 16 -4 10.5 -38 0 1 0 5.5 0 0 0 0 2 rect3.dat
1 16 -2 10.5 -40 0 0 -2 5.5 0 0 0 1 0 rect3.dat
1 16 0 10.5 -58 0 1 0 0 0 -5.5 18 0 0 rect3.dat
1 16 2 16 -58 -2 0 0 0 -1 0 0 0 -18 rect2a.dat
3 16 269 16 -36 211 16 -36 276 20 -36
3 16 271 16 -36 269 16 -36 276 20 -36
3 16 209 16 -36 151 16 -36 119 20 -36
3 16 151 16 -36 149 16 -36 119 20 -36
4 16 280 20 -40 276 20 -36 119 20 -36 119 20 -40
4 16 280 20 40 7 20 40 0 20 36 276 20 36
3 16 211 16 36 269 16 36 276 20 36
3 16 269 16 36 271 16 36 276 20 36
3 16 31 16 36 89 16 36 0 20 36
3 16 29 16 36 31 16 36 0 20 36
3 16 0 20 36 89 16 36 91 16 36
3 16 0 20 36 91 16 36 149 16 36
3 16 211 16 36 276 20 36 209 16 36
3 16 209 16 36 276 20 36 151 16 36
4 16 140.57 -7 -4.5 140.57 -7 4.5 148 -7 2.5 148 -7 -2.5
4 16 220 -7 2.5 226.218 -7 4.5 226.218 -7 -4.5 220 -7 -2.5
4 16 148 -7 -2.5 220 -7 -2.5 226.218 -7 -4.5 140.57 -7 -4.5
4 16 226.218 -7 4.5 220 -7 2.5 148 -7 2.5 140.57 -7 4.5
4 16 29 5 31 29 5 36 0 5 36 8 5 10
3 16 21 5 -23 8 5 -10 4 5 -23
1 16 -47.825 0 71.674 .9048 0 .4258 0 1 0 .4258 0 -.9048 s\2670s03.dat
1 16 -40.586 0 75.081 .9048 0 .4258 0 1 0 .4258 0 -.9048 s\2670s03.dat
1 16 -33.348 0 78.487 .9048 0 .4258 0 1 0 .4258 0 -.9048 s\2670s03.dat
1 16 -29.728 0 80.19 .9048 0 .4258 0 1 0 .4258 0 -.9048 s\2880s07.dat
1 16 65.069 0 146.245 -.7071 0 .7071 0 1 0 -.7071 0 -.7071 s\2880s04.dat
1 16 59.654 0 140.998 -.729 0 .6846 0 1 0 -.6846 0 -.729 s\2880s04.dat
1 16 54.077 0 135.924 -.7501 0 .6613 0 1 0 -.6613 0 -.7501 s\2880s04.dat
1 16 48.344 0 131.028 -.7705 0 .6374 0 1 0 -.6374 0 -.7705 s\2880s04.dat
1 16 42.46 0 126.314 -.7902 0 .6129 0 1 0 -.6129 0 -.7902 s\2880s04.dat
1 16 -22.958 0 83.507 .891 0 .454 0 1 0 .454 0 -.891 s\2880s07.dat
1 16 -16.295 0 87.034 .8763 0 .4818 0 1 0 .4818 0 -.8763 s\2880s07.dat
1 16 -9.746 0 90.77 .8607 0 .509 0 1 0 .509 0 -.8607 s\2880s07.dat
1 16 -53.4732 -3.5 73.9898 -.1128 1 0 0 0 3.5 -.0528 0 0 rect2p.dat
1 16 -54.9035 -3.5 74.9745 1.3175 -1 0 0 0 -3.5 -1.0375 0 0 rect.dat
1 16 -56.447 -3.5 75.906 .226 1 0 0 0 -3.5 .106 0 0 rect2p.dat
1 16 -56.713 -3.5 74.123 0 1 -.04 -3.5 0 0 0 0 -1.677 rect.dat
1 16 -49.6412 -3.5 65.8461 -.1129 -1 0 0 0 -3.5 -.0531 0 0 rect2p.dat
1 16 -49.794 -3.5 64.1165 0 -1 .04 -3.5 0 0 0 0 1.6765 rect.dat
1 16 -50.0605 -3.5 62.3335 .2265 -1 0 0 0 3.5 .1065 0 0 rect2p.dat
1 16 -51.604 -3.5 63.265 -1.317 1 0 0 0 -3.5 1.038 0 0 rect.dat
1 16 -55.2235 -3.5 61.562 0 1 -1.3175 3.5 0 0 0 0 1.038 rect3.dat
1 16 -53.68 -3.5 60.6305 0 -1 .226 -3.5 0 0 0 0 .1065 rect.dat
1 16 -53.414 -3.5 62.4135 .04 -1 0 0 0 3.5 1.6765 0 0 rect2p.dat
1 16 -53.1475 -3.5 64.1965 0 -1 -.2265 3.5 0 0 0 0 -.1065 rect3.dat
4 16 -52.921 -7 64.303 -49.754 -7 65.793 -49.834 -7 62.44 -50.287 -7 62.227
4 16 -56.753 -7 72.446 -56.673 -7 75.8 -56.221 -7 76.012 -53.586 -7 73.937
4 16 -56.541 -7 62.6 -53.374 -7 64.09 -53.454 -7 60.737 -53.906 -7 60.524
1 16 -56.8765 -3.5 72.388 .1235 1 0 0 0 -3.5 .058 0 0 rect2p.dat
1 16 -56.7705 -3.5 62.4935 .2295 -1 0 0 0 3.5 .1065 0 0 rect2p.dat
1 16 -40 -3.5 0 0 1 0 -3.5 0 0 0 0 -4.5 rect.dat
1 16 -280 -3.5 0 0 1 0 -3.5 0 0 0 0 4.5 rect.dat
4 16 -49.754 -7 65.793 -53.586 -7 73.937 -53.3604 -7 74.0426 -49.5284 -7 65.8992
4 16 -53.586 -7 73.937 -49.754 -7 65.793 -52.921 -7 64.303 -56.753 -7 72.446
4 16 -53.374 -7 64.09 -57 -7 72.33 -56.753 -7 72.446 -52.921 -7 64.303
4 16 -57 -7 62.387 -57 -7 72.33 -53.374 -7 64.09 -56.541 -7 62.6
1 16 -57 -3.5 67.3585 0 1 0 3.5 0 0 0 0 4.9715 rect.dat
1 16 .833 0 92.127 .8315 0 -.5556 0 1 0 .5556 0 .8315 s\2880s05.dat
1 16 -4.028 0 99.702 -.8315 0 .5556 0 1 0 -.5556 0 -.8315 s\2880s05.dat
1 16 4.142 0 94.397 .8315 0 -.5556 0 1 0 .5556 0 .8315 s\2880s05.dat
1 16 -.838 0 101.884 -.8315 0 .5556 0 1 0 -.5556 0 -.8315 s\2880s05.dat
1 16 7.476 0 96.625 .8315 0 -.5556 0 1 0 .5556 0 .8315 s\2880s05.dat
1 16 2.39 0 104.034 -.8315 0 .5556 0 1 0 -.5556 0 -.8315 s\2880s05.dat
1 16 10.779 0 98.876 .8315 0 -.5556 0 1 0 .5556 0 .8315 s\2880s05.dat
1 16 5.709 0 106.297 -.8315 0 .5556 0 1 0 -.5556 0 -.8315 s\2880s05.dat
1 16 14.103 0 101.142 .8315 0 -.5556 0 1 0 .5556 0 .8315 s\2880s05.dat
1 16 9.054 0 108.579 -.8315 0 .5556 0 1 0 -.5556 0 -.8315 s\2880s05.dat
1 16 17.415 0 103.379 .8315 0 -.5556 0 1 0 .5556 0 .8315 s\2880s05.dat
1 16 12.348 0 110.803 -.8315 0 .5556 0 1 0 -.5556 0 -.8315 s\2880s05.dat
1 16 20.813 0 105.678 .8315 0 -.5556 0 1 0 .5556 0 .8315 s\2880s05.dat
1 16 15.784 0 113.13 -.8315 0 .5556 0 1 0 -.5556 0 -.8315 s\2880s05.dat
1 16 24.127 0 107.934 .8315 0 -.5556 0 1 0 .5556 0 .8315 s\2880s05.dat
1 16 19.079 0 115.372 -.8315 0 .5556 0 1 0 -.5556 0 -.8315 s\2880s05.dat
1 16 27.534 0 110.24 .8315 0 -.5556 0 1 0 .5556 0 .8315 s\2880s05.dat
1 16 22.457 0 117.655 -.8315 0 .5556 0 1 0 -.5556 0 -.8315 s\2880s05.dat
1 16 30.813 0 112.456 .8315 0 -.5556 0 1 0 .5556 0 .8315 s\2880s05.dat
1 16 25.74 0 119.875 -.8315 0 .5556 0 1 0 -.5556 0 -.8315 s\2880s05.dat
1 16 34.274 0 114.796 .8315 0 -.5556 0 1 0 .5556 0 .8315 s\2880s05.dat
1 16 29.193 0 122.209 -.7584 0 .559 0 1 0 -.5016 0 -.8289 s\2880s05.dat
1 16 37.41 0 116.974 .8136 0 -.5814 0 1 0 .5814 0 .8136 s\2880s05.dat
1 16 32.249 0 124.347 -.7313 .0001 .5941 .0001 1 0 -.5401 0 -.8044 s\2880s05.dat
4 16 -.9064 -7 90.9102 -5.7288 -7 98.5085 -5.4831 -7 98.7298 -.6221 -7 91.1548
4 16 2.2881 -7 93.0992 -.6221 -7 91.1548 -5.4831 -7 98.7298 -2.5729 -7 100.6742
1 16 -2.433 -3.5 100.793 -.1399 1 0 0 0 3.5 -.1188 0 0 rect2p.dat
1 16 .776 -3.5 102.959 -.1589 1 0 0 0 3.5 -.1028 0 0 rect2p.dat
1 16 4.0495 -3.5 105.1655 -.2044 1 0 0 0 3.5 -.1593 0 0 rect2p.dat
1 16 7.3815 -3.5 107.438 -.2174 1 0 0 0 3.5 -.1688 0 0 rect2p.dat
1 16 10.701 -3.5 109.691 -.1919 1 0 0 0 3.5 -.1398 0 0 rect2p.dat
1 16 14.066 -3.5 111.9665 -.2629 1 0 0 0 3.5 -.1913 0 0 rect2p.dat
1 16 17.4315 -3.5 114.251 -.1924 1 0 0 0 3.5 -.1488 0 0 rect2p.dat
1 16 20.768 -3.5 116.5135 -.2339 -1 0 0 0 3.5 -.1693 0 0 rect2p.dat
1 16 24.0985 -3.5 118.765 -.1864 1 0 0 0 3.5 -.1378 0 0 rect2p.dat
1 16 27.5304 -3.5 121.0892 -.3353 1 0 0 0 3.5 -.242 0 0 rect2p.dat
4 16 30.969 -6.9999 123.4015 30.5203 -7 123.0868 30.5203 0 123.0868 30.9693 .0001 123.4018
4 16 33.5287 -.0001 125.2922 33.786 0 125.4277 33.786 -7 125.4277 33.5283 -7.0001 125.2919
1 16 35.8576 -3.5 115.8624 .1286 -1 0 0 0 3.5 .0941 0 0 rect2p.dat
1 16 32.5435 -3.5 113.626 .2754 -1 0 0 0 3.5 .1978 0 0 rect2p.dat
1 16 29.1735 -3.5 111.348 .1844 -1 0 0 0 3.5 .1358 0 0 rect2p.dat
1 16 25.8305 -3.5 109.087 .2484 -1 0 0 0 3.5 .1808 0 0 rect2p.dat
1 16 22.47 -3.5 106.806 .2019 -1 0 0 0 3.5 .1558 0 0 rect2p.dat
1 16 19.114 -3.5 104.5285 .2439 -1 0 0 0 3.5 .1773 0 0 rect2p.dat
1 16 15.759 -3.5 102.2605 .2009 -1 0 0 0 3.5 .1463 0 0 rect2p.dat
1 16 12.441 -3.5 100.009 .2069 1 0 0 0 3.5 .1608 0 0 rect2p.dat
1 16 9.1275 -3.5 97.7505 .1964 1 0 0 0 3.5 .1533 0 0 rect2p.dat
1 16 5.809 -3.5 95.511 .2119 -1 0 0 0 3.5 .1418 0 0 rect2p.dat
1 16 2.4875 -3.5 93.262 .1994 -1 0 0 0 3.5 .1628 0 0 rect2p.dat
4 16 2.2881 -7 93.0992 -2.5729 -7 100.6742 -2.2931 -7 100.9118 2.6869 -7 93.4248
4 16 2.6869 -7 93.4248 -2.2931 -7 100.9118 .6171 -7 102.8562 5.5971 -7 95.3692
4 16 5.5971 -7 95.3692 .6171 -7 102.8562 .9349 -7 103.0618 6.0209 -7 95.6528
4 16 8.9311 -7 97.5972 6.0209 -7 95.6528 .9349 -7 103.0618 3.8451 -7 105.0062
4 16 8.9311 -7 97.5972 3.8451 -7 105.0062 4.2539 -7 105.3248 9.3239 -7 97.9038
3 16 39.592 16 89.226 40.429 16 86.177 42.092 16 87.289
4 16 43.46 16 85.245 43.322 5 85.164 41.981 5 87.169 42.092 16 87.289
1 16 46.728 10.5 100.895 -4.6915 0 -.0555 0 1 -5.5 -13.666 0 -.06 rect.dat
4 16 40.429 16 86.177 41.729 16 84.235 43.46 16 85.245 42.092 16 87.289
4 16 42.092 16 87.289 51.475 16 114.621 47.32 16 111.841 39.592 16 89.226
4 16 47.32 16 111.841 47.209 5 111.721 39.481 5 89.107 39.592 16 89.226
1 16 49.342 10.5 113.171 -.0555 0 -2.0775 -5.5 1 0 -.06 0 -1.39 rect3.dat
1 16 26.779 10.5 89.3545 .0555 0 12.7575 5.5 1 0 .0595 0 -.188 rect3.dat
1 16 11.9435 10.5 88.1525 -2.078 0 .0555 0 1 5.5 -1.39 0 .0595 rect.dat
4 16 14.077 16 89.602 9.921 16 86.822 40.429 16 86.177 39.592 16 89.226
4 16 5.837 5 141.193 4.028 5 143.896 4.162 16 143.98 5.948 16 141.312
4 16 5.837 5 141.193 5.948 16 141.312 34.793 16 139.555 34.683 5 139.435
4 16 4.162 16 143.98 2.467 16 142.918 4.285 16 140.2 5.948 16 141.312
4 16 30.638 16 136.775 34.793 16 139.555 5.948 16 141.312 6.785 16 138.263
1 16 18.656 10.5 137.4595 -.0555 0 11.9265 -5.5 -1 0 -.0595 0 -.744 rect3.dat
4 16 30.638 16 136.775 30.527 5 136.656 34.683 5 139.435 34.793 16 139.555
4 16 -7.873 16 113.419 -7.983 5 113.299 -3.828 5 116.079 -3.717 16 116.198
4 16 2.467 16 142.918 2.333 5 142.834 4.175 5 140.081 4.285 16 140.2
1 16 1.4785 10.5 127.171 5.251 0 .0555 0 1 5.5 11.0325 0 .0595 rect.dat
4 16 4.285 16 140.2 4.175 5 140.081 -7.983 5 113.299 -7.873 16 113.419
4 16 4.285 16 140.2 -7.873 16 113.419 -3.717 16 116.198 6.785 16 138.263
1 16 -37.4895 10.5 100.9265 0 1 -7.7815 5.5 0 0 0 0 2.3605 rect3.dat
1 16 -34.6385 10.5 103.017 0 -1 -8.4585 -5.5 0 0 0 0 2.566 rect3.dat
1 16 -27.944 10.5 99.5085 0 -1 1.764 -5.5 0 0 0 0 .9425 rect.dat
1 16 -14.745 10.5 74.815 -1.764 1 0 0 0 5.5 -.943 0 0 rect.dat
4 16 -16.509 16 73.872 -20.717 16 60 -17.761 16 60 -12.981 16 75.758
4 16 -45.271 16 103.287 -29.708 16 98.566 -26.18 16 100.451 -43.097 16 105.583
3 16 5.948 16 141.312 4.285 16 140.2 6.785 16 138.263
1 16 41.079 10.5 85.206 0 1 -.65 5.5 0 0 0 0 .971 rect.dat
4 16 40.429 16 86.177 9.921 16 86.822 9.81 5 86.703 40.429 5 86.177
1 16 63.6085 -1 143.2825 -1.6455 1 0 0 0 -6 1.6455 0 0 rect3.dat
1 16 6.4235 -5.25 101.0456 1.6435 0 -1.425 -1.75 -1 0 1.14 0 2.054 rect.dat
2 24 6.642 -7 104.2396 40 -7 128
2 24 40 -7 128 61.963 -7 144.928
2 24 9.492 -7 100.1316 43 -7 124
2 24 43 -7 124 65.254 -7 141.637
2 24 -3.059 -3.5 92.034 -16.91 -3.5 84.084
2 24 -16.91 -3.5 84.084 -35.861 -3.5 74.694
2 24 -53 -3.5 72 -37.935 -3.5 79.243
2 24 -37.935 -3.5 79.243 -19.381 -3.5 88.43
2 24 -19.381 -3.5 88.43 -5.909 -3.5 96.142
2 24 6.205 5 97.8516 -3.059 5 92.034
2 24 -3.059 5 92.034 -16.91 5 84.084
2 24 -16.91 5 84.084 -35.861 5 74.694
2 24 -53 5 72 -37.935 5 79.243
2 24 -37.935 5 79.243 -19.381 5 88.43
2 24 -19.381 5 88.43 -5.909 5 96.142
2 24 -5.909 5 96.142 3.355 5 101.9596
2 24 6.642 5 104.2396 40 5 128
2 24 40 5 128 61.963 5 144.928
2 24 9.492 5 100.1316 43 5 124
2 24 43 5 124 65.254 5 141.637
2 24 9.492 5 100.1316 6.205 5 97.8516
2 24 6.642 5 104.2396 3.355 5 101.9596
4 16 40 -7 128 61.963 -7 144.928 61.963 5 144.928 40 5 128
4 16 6.642 -7 104.2396 40 -7 128 40 5 128 6.642 5 104.2396
4 16 3.355 5 101.9596 3.355 -3.5 101.9596 6.642 -7 104.2396 6.642 5 104.2396
4 16 9.492 -7 100.1316 6.205 -3.5 97.8516 6.205 5 97.8516 9.492 5 100.1316
4 16 43 -7 124 9.492 -7 100.1316 9.492 5 100.1316 43 5 124
4 16 65.254 5 141.637 65.254 -7 141.637 43 -7 124 43 5 124
4 16 6.205 5 97.8516 6.205 -3.5 97.8516 -3.059 -3.5 92.034 -3.059 5 92.034
4 16 -3.059 5 92.034 -3.059 -3.5 92.034 -16.91 -3.5 84.084 -16.91 5 84.084
4 16 -16.91 5 84.084 -16.91 -3.5 84.084 -35.861 -3.5 74.694 -35.861 5 74.694
1 16 -44.4305 .75 70.847 0 1 -8.5695 -4.25 0 0 0 0 -3.847 rect3.dat
4 16 -53 -3.5 72 -53 -3.5 67 -35.861 -3.5 74.694 -37.935 -3.5 79.243
4 16 -37.935 -3.5 79.243 -35.861 -3.5 74.694 -16.91 -3.5 84.084 -19.381 -3.5 88.43
4 16 -19.381 -3.5 88.43 -16.91 -3.5 84.084 -3.059 -3.5 92.034 -5.909 -3.5 96.142
4 16 -5.909 5 96.142 -5.909 -3.5 96.142 3.355 -3.5 101.9596 3.355 5 101.9596
4 16 -19.381 5 88.43 -19.381 -3.5 88.43 -5.909 -3.5 96.142 -5.909 5 96.142
4 16 -37.935 -3.5 79.243 -19.381 -3.5 88.43 -19.381 5 88.43 -37.935 5 79.243
1 16 -53 .75 69.5 0 -1 0 -4.25 0 0 0 0 2.5 rect3.dat
4 16 -53 5 72 -53 -3.5 72 -37.935 -3.5 79.243 -37.935 5 79.243
3 16 15.5581 -7 102.1142 9.492 -7 100.1316 15.9599 -7 102.4068
4 16 13.8031 -7 111.7752 6.642 -7 104.2396 10.5091 -7 109.5512 10.8929 -7 109.8308
4 16 17.2391 -7 114.1022 6.642 -7 104.2396 13.8031 -7 111.7752 14.3289 -7 112.1578
4 16 20.5341 -7 116.3442 6.642 -7 104.2396 17.2391 -7 114.1022 17.6239 -7 114.3998
4 16 20.5341 -7 116.3442 21.0019 -7 116.6828 23.9121 -7 118.6272 6.642 -7 104.2396
4 16 23.9121 -7 118.6272 24.2849 -7 118.9028 27.1951 -7 120.8472 6.642 -7 104.2396
3 16 6.642 -7 104.2396 27.1951 -7 120.8472 27.8657 -7 121.3312
4 16 27.8657 -7 121.3312 30.5203 -7 123.0868 40 -7 128 6.642 -7 104.2396
3 16 30.5203 -7 123.0868 30.969 -6.9999 123.4015 40 -7 128
4 16 33.786 -7 125.4277 40 -7 128 30.969 -6.9999 123.4015 33.5283 -7.0001 125.2919
3 16 33.786 -7 125.4277 33.988 -7 125.5768 40 -7 128
3 16 33.988 -7 125.5768 36.5821 -7 127.4928 40 -7 128
3 16 36.5821 -7 127.4928 36.9613 -7 127.7755 40 -7 128
4 16 39.7019 -7 129.8697 40 -7 128 36.9613 -7 127.7755 39.5237 -7 129.734
3 16 40 -7 128 39.7019 -7 129.8697 39.8994 -7 130.025
3 16 40 -7 128 39.8994 -7 130.025 42.432 -7 132.0215
3 16 40 -7 128 42.432 -7 132.0215 42.8022 -7 132.3161
3 16 40 -7 128 42.8022 -7 132.3161 45.3017 -7 134.3541
3 16 45.4756 -7 134.4953 45.6681 -7 134.6563 61.963 -7 144.928
4 16 40 -7 128 45.3017 -7 134.3541 45.4756 -7 134.4953 61.963 -7 144.928
3 16 45.6681 -7 134.6563 48.1367 -7 136.7313 61.963 -7 144.928
4 16 51.1011 -7 139.2995 61.963 -7 144.928 48.4974 -7 137.0374 50.9318 -7 139.1529
3 16 48.1367 -7 136.7313 48.4974 -7 137.0374 61.963 -7 144.928
3 16 51.1011 -7 139.2995 51.289 -7 139.4668 61.963 -7 144.928
3 16 51.289 -7 139.4668 53.6912 -7 141.6183 61.963 -7 144.928
3 16 53.6912 -7 141.6183 54.0422 -7 141.9356 61.963 -7 144.928
3 16 56.5735 -7 144.2784 61.963 -7 144.928 54.0422 -7 141.9356
3 16 56.5735 -7 144.2784 56.7562 -7 144.4518 61.963 -7 144.928
3 16 56.7562 -7 144.4518 59.0897 -7 146.6778 61.963 -7 144.928
3 16 59.0897 -7 146.6778 59.4305 -7 147.0059 61.963 -7 144.928
4 16 68.2506 -7 143.0626 61.963 -7 144.928 59.4305 -7 147.0059 61.887 -7 149.427
4 16 65.254 -7 141.637 61.963 -7 144.928 68.2506 -7 143.0626 68.0721 -7 142.8869
3 16 65.6941 -7 140.5429 65.254 -7 141.637 68.0721 -7 142.8869
4 16 62.9173 -7 137.8891 65.254 -7 141.637 65.6941 -7 140.5429 65.3731 -7 140.2346
4 16 62.9173 -7 137.8891 62.7345 -7 137.7176 62.5501 -7 137.5473 65.254 -7 141.637
4 16 65.254 -7 141.637 62.5501 -7 137.5473 60.0997 -7 135.2791 43 -7 124
4 16 57.2409 -7 132.7138 43 -7 124 60.0997 -7 135.2791 59.7691 -7 134.981
4 16 56.8633 -7 132.384 43 -7 124 57.2409 -7 132.7138 57.0529 -7 132.5485
4 16 54.0031 -7 129.9064 43 -7 124 56.8633 -7 132.384 54.3428 -7 130.1939
3 16 54.0031 -7 129.9064 51.4049 -7 127.7197 43 -7 124
4 16 51.0177 -7 127.4023 43 -7 124 51.4049 -7 127.7197 51.212 -7 127.5604
4 16 48.0811 -7 125.0157 43 -7 124 51.0177 -7 127.4023 48.4297 -7 125.2924
4 16 48.0811 -7 125.0157 45.4155 -7 122.9117 45.2177 -7 122.7586 43 -7 124
3 16 45.2177 -7 122.7586 45.0185 -7 122.606 43 -7 124
3 16 43 -7 124 45.0185 -7 122.606 42.3655 -7 120.5785
4 16 39.2779 -7 118.2936 43 -7 124 42.3655 -7 120.5785 42.0083 -7 120.3128
4 16 38.8338 -7 117.9915 43 -7 124 39.2779 -7 118.2936 39.0755 -7 118.1467
3 16 43 -7 124 38.8338 -7 117.9915 35.9862 -7 115.9565
4 16 32.8189 -7 113.8238 43 -7 124 35.9862 -7 115.9565 35.7291 -7 115.7683
4 16 29.3579 -7 111.4838 43 -7 124 32.8189 -7 113.8238 32.2681 -7 113.4282
4 16 26.0789 -7 109.2678 43 -7 124 29.3579 -7 111.4838 28.9891 -7 111.2122
4 16 22.6719 -7 106.9618 43 -7 124 26.0789 -7 109.2678 25.5821 -7 108.9062
4 16 22.6719 -7 106.9618 22.2681 -7 106.6502 19.3579 -7 104.7058 43 -7 124
3 16 43 -7 124 19.3579 -7 104.7058 18.8701 -7 104.3512
4 16 15.9599 -7 102.4068 9.492 -7 100.1316 43 -7 124 18.8701 -7 104.3512
4 16 -40.78 5 121.767 -4.648 5 138.462 -4.648 20 138.462 -40.78 16 121.767
3 16 -40.78 20 121.767 -40.78 16 121.767 -4.648 20 138.462
1 16 -46.458 10.5 111.871 0 -1 -3.361 -5.5 0 0 0 0 6.288 rect3.dat
1 16 -49.8955 10.5 111.938 0 1 -4.6245 5.5 0 0 0 0 8.651 rect3.dat
4 16 -43.097 16 105.583 -49.819 16 118.159 -54.52 16 120.589 -45.271 16 103.287
1 16 -48.5775 10.5 122.95 0 1 5.9425 5.5 0 0 0 0 2.361 rect3.dat
4 16 -42.635 16 125.311 -54.52 16 120.589 -49.819 16 118.159 -40.78 16 121.767
1 16 -45.2995 10.5 119.963 0 -1 4.5195 -5.5 0 0 0 0 1.804 rect3.dat
4 16 -59.705 20 157.657 -59.705 5 157.657 -42.635 5 125.311 -42.635 16 125.311
3 16 -42.635 16 125.311 -40.78 16 121.767 -59.705 20 157.657
3 16 -40.78 20 121.767 -59.705 20 157.657 -40.78 16 121.767
4 16 74.36 20 105.248 74.36 5 105.248 51.241 5 89.786 51.241 20 89.786
1 16 0 12.5 48.864 0 1 0 -7.5 0 0 0 0 -12.864 rect3.dat
1 16 8.6145 12.5 65.832 0 1 -8.6145 -7.5 0 0 0 0 -4.104 rect3.dat
4 16 -2.462 0 91 48.538 0 126 73.639 0 109.797 53.489 0 86.453
4 16 4.8787 0 59.1213 -54.462 0 65 -2.462 0 91 18.737 0 66.218
3 16 18.737 0 66.218 -2.462 0 91 53.489 0 86.453
4 16 -6.461 0 142 5.538 0 105 -19.462 0 89 -39 0 127
4 16 29.798 0 153.638 47.911 0 136 33.538 0 124 -6.461 0 142
3 16 33.538 0 124 5.538 0 105 -6.461 0 142
3 16 -39 0 127 -19.462 0 89 -54.462 0 73
4 16 43.46 16 85.245 41.729 16 84.235 17.229 20 69.936 51.241 20 89.786
4 16 17.229 20 69.936 41.729 16 84.235 41.729 5 84.235 17.229 5 69.936
4 16 51.241 5 89.786 43.322 5 85.164 43.46 16 85.245 51.241 20 89.786
4 16 22.894 20 155.713 -4.648 20 138.462 2.467 16 142.918 4.162 16 143.98
4 16 4.028 5 143.896 22.894 5 155.713 22.894 20 155.713 4.162 16 143.98
4 16 2.333 5 142.834 2.467 16 142.918 -4.648 20 138.462 -4.648 5 138.462
4 16 53.489 20 86.453 51.241 20 89.786 17.229 20 69.936 18.737 20 66.218
4 16 -4.648 20 138.462 -6.461 20 142 -39 20 127 -40.78 20 121.767
4 16 51.364 5 114.501 41.981 5 87.169 43.322 5 85.164 51.241 5 89.786
3 16 13.966 5 89.483 39.481 5 89.107 47.209 5 111.721
3 16 47.209 5 111.721 51.364 5 114.501 43 5 124
3 16 6.205 5 97.8516 13.966 5 89.483 9.492 5 100.1316
4 16 9.492 5 100.1316 13.966 5 89.483 47.209 5 111.721 43 5 124
4 16 9.81 5 86.703 13.966 5 89.483 6.205 5 97.8516 -3.059 5 92.034
4 16 17.229 5 69.936 41.729 5 84.235 40.429 5 86.177 9.81 5 86.703
4 16 0 5 61.728 17.229 5 69.936 9.81 5 86.703 -12.981 5 75.758
4 16 -12.981 5 75.758 9.81 5 86.703 -3.059 5 92.034 -16.91 5 84.084
4 16 -16.509 5 73.872 -12.981 5 75.758 -16.91 5 84.084 -35.861 5 74.694
4 16 -53 5 67 -20.717 5 60 -16.509 5 73.872 -35.861 5 74.694
4 16 0 5 61.728 -12.981 5 75.758 -17.761 5 60 0 5 36
4 16 -19.381 5 88.43 -26.18 5 100.451 -29.708 5 98.566 -37.935 5 79.243
4 16 -37.935 5 79.243 -29.708 5 98.566 -45.271 5 103.287 -53 5 72
3 16 -53 5 72 -45.271 5 103.287 -54.52 5 120.589
4 16 -7.983 5 113.299 -26.18 5 100.451 -19.381 5 88.43 -5.909 5 96.142
4 16 4.175 5 140.081 2.333 5 142.834 -4.648 5 138.462 -7.983 5 113.299
4 16 -7.983 5 113.299 -4.648 5 138.462 -40.78 5 121.767 -26.18 5 100.451
4 16 -26.18 5 100.451 -40.78 5 121.767 -49.819 5 118.159 -43.097 5 105.583
4 16 -3.828 5 116.079 -7.983 5 113.299 -5.909 5 96.142 3.355 5 101.9596
4 16 -3.828 5 116.079 3.355 5 101.9596 6.642 5 104.2396 6.674 5 138.144
4 16 6.674 5 138.144 6.642 5 104.2396 40 5 128 30.527 5 136.656
3 16 280 0 -40 4 0 -40 280 0 -32
3 16 7 0 40 280 0 40 280 0 32
4 16 280 0 -32 4 0 -40 -40 0 -4.5 280 0 -4.5
4 16 280 0 32 280 0 4.5 -40 0 4.5 7 0 40
1 16 7 0 43 -3 0 0 0 1 0 0 0 -3 1-4ndis.dat
1 16 1 0 -77 3 0 0 0 1 0 0 0 -3 1-4chrd.dat
1 16 -277 0 -77 -3 0 0 0 1 0 0 0 -3 1-4chrd.dat
1 16 -277 0 77 -3 0 0 0 1 0 0 0 3 1-4chrd.dat
1 16 7 20 43 -3 0 0 0 -1 0 0 0 -3 1-4ndis.dat
1 16 7 20 43 -3 0 0 0 -1 0 0 0 -3 1-4edge.dat
1 16 7 0 43 -3 0 0 0 -1 0 0 0 -3 1-4edge.dat
1 16 1 20 -77 3 0 0 0 -1 0 0 0 -3 1-4chrd.dat
1 16 1 20 -77 3 0 0 0 -1 0 0 0 -3 1-4edge.dat
1 16 1 0 -77 3 0 0 0 -1 0 0 0 -3 1-4edge.dat
1 16 -277 20 -77 -3 0 0 0 -1 0 0 0 -3 1-4chrd.dat
1 16 -277 20 -77 -3 0 0 0 -1 0 0 0 -3 1-4edge.dat
1 16 -277 0 -77 -3 0 0 0 -1 0 0 0 -3 1-4edge.dat
1 16 -277 20 77 -3 0 0 0 -1 0 0 0 3 1-4chrd.dat
1 16 -277 20 77 -3 0 0 0 -1 0 0 0 3 1-4edge.dat
1 16 -277 0 77 -3 0 0 0 -1 0 0 0 3 1-4edge.dat
1 16 -58.5 0 161.843 .6759 0 -.6759 0 1 0 .8179 0 .8179 1-4chrd.dat
1 16 -58.5 20 161.843 .6759 0 -.6759 0 -1 0 .8179 0 .8179 1-4chrd.dat
1 16 -58.5 0 161.843 .6759 0 -.6759 0 1 0 .8179 0 .8179 1-4edge.dat
1 16 -58.5 20 161.843 .6759 0 -.6759 0 -1 0 .8179 0 .8179 1-4edge.dat
3 16 4.8787 0 59.1213 4.2283 0 58.1481 -54.462 0 65
3 16 -54.462 0 65 4.2283 0 58.1481 4 0 57
3 16 4 0 40 7 0 40 -40 0 4.5
4 16 -54.462 0 65 4 0 57 4 0 43 -40 0 4.5
3 16 4 0 43 4 0 40 -40 0 4.5
4 16 -124 5 112.716 -90.925 5 132.608 -90.925 20 132.608 -124 20 112.716
3 16 0 20 36 7 20 40 4 20 40
3 16 0 20 36 4 20 40 4 20 43
3 16 4 20 57 4.2283 20 58.1481 0 20 61.728
3 16 0 20 61.728 4.2283 20 58.1481 4.8787 20 59.1213
4 16 4 20 43 4 20 57 0 20 61.728 0 20 36
4 16 0 20 61.728 4.8787 20 59.1213 18.737 20 66.218 17.229 20 69.936
4 16 -59.705 20 157.657 -40.78 20 121.767 -39 20 127 -57.8241 20 162.6609
4 16 -62.0416 20 160.2546 -59.705 20 157.657 -57.8241 20 162.6609 -59.176 20 162.6608
1 16 -256 7 -78 0 -1 0 -2 0 0 0 0 2 rect2p.dat
1 16 -252 9 -78 0 0 -4 0 1 0 -2 0 0 rect.dat
4 16 -168 9 -76 -168 9 -80 -168 0 -80 -168 5 -76
1 16 -158 10.5 -78 0 1 0 0 0 1.5 -2 0 0 rect3.dat
1 16 -166 10.5 -78 0 -1 0 0 0 -1.5 -2 0 0 rect.dat
1 16 -162 12 -78 -4 0 0 0 1 0 0 0 2 rect2p.dat
1 16 -167 9 -78 0 0 -1 0 1 0 -2 0 0 rect3.dat
1 16 -157 9 -78 0 0 -1 0 1 0 -2 0 0 rect3.dat
1 16 -156 7 -78 0 1 0 2 0 0 0 0 2 rect.dat
3 16 -88 5 -76 -88 5 -80 -88 0 -80
3 16 -80 2 -80 -80 5 -80 -80 5 -76
1 16 -84 5 -78 0 0 -4 0 1 0 -2 0 0 rect.dat
3 16 -90.925 5 132.608 -88 5 134.955 -90.925 20 132.608
4 16 -124 20 112.716 -132 16 109.157 -132 5 109.157 -124 5 112.716
4 16 -136 5 107.377 -136 16 107.377 -159.659 20 96.851 -159.659 5 96.851
3 16 -159.659 20 96.851 -168 5 94.303 -164 5 95.525
3 16 -159.659 20 96.851 -164 5 95.525 -159.659 5 96.851
4 16 -197.325 20 85.343 -197.325 5 85.343 -168 5 94.303 -159.659 20 96.851
4 16 -197.325 20 85.343 -208 16 83.431 -208 5 83.431 -197.325 5 85.343
4 16 -236.328 20 78.356 -236.328 5 78.356 -212 5 82.715 -212 16 82.715
3 16 -236.328 20 78.356 -252 5 77.426 -248 5 77.663
3 16 -236.328 20 78.356 -248 5 77.663 -236.328 5 78.356
4 16 -248 9 -80 -248 9 -76 -248 5 -76 -248 0 -80
1 16 -252 2.5 -1.287 0 -1 0 2.5 0 0 0 0 -78.713 rect3.dat
4 16 -168 0 -80 -168 0 94.303 -168 5 94.303 -168 5 -76
1 16 -164 2.5 7.7625 0 1 0 -2.5 0 0 0 0 -87.7625 rect3.dat
1 16 -84 1 29.082 0 1 0 0 0 1 -109.082 0 0 rect.dat
4 16 -80 2 -80 -80 2 141.374 -84 2 138.164 -84 2 -80
4 16 -80 2 141.374 -80 2 -80 -80 5 -76 -80 5 141.374
4 16 -88 0 -80 -88 0 134.955 -88 5 134.955 -88 5 -76
1 16 -136 10.5 86.6885 0 1 0 -5.5 0 0 0 0 -20.6885 rect.dat
1 16 -132 10.5 87.5785 0 -1 0 -5.5 0 0 0 0 21.5785 rect.dat
1 16 -134 10.5 66 2 0 0 0 0 5.5 0 1 0 rect2p.dat
4 16 -136 16 107.377 -136 16 66 -132 16 66 -132 16 109.157
4 16 -136 16 107.377 -132 16 109.157 -124 20 112.716 -159.659 20 96.851
1 16 -136 10.5 -65 0 1 0 -5.5 0 0 0 0 -11 rect.dat
1 16 -132 10.5 -65 0 -1 0 -5.5 0 0 0 0 11 rect.dat
1 16 -134 16 -65 0 0 2 0 -1 0 -11 0 0 rect1.dat
1 16 -134 10.5 -54 -2 0 0 0 0 5.5 0 -1 0 rect2p.dat
1 16 -71.344 10.5 144.7325 1.151 -1 0 0 0 5.5 .9615 0 0 rect2p.dat
1 16 -263.086 10.5 74.0955 1.496 -1 0 0 0 5.5 .1045 0 0 rect2p.dat
4 16 -80 5 141.374 -74.307 5 145.941 -74.307 16 145.941 -90.925 20 132.608
4 16 -59.705 5 157.657 -59.705 20 157.657 -71.967 16 147.819 -71.967 5 147.819
4 16 -71.967 16 147.819 -59.705 20 157.657 -90.925 20 132.608 -74.307 16 145.941
1 16 -73.401 10.5 144.856 0 1 .906 -5.5 0 0 0 0 -1.085 rect.dat
1 16 -71.08 10.5 146.7565 -.887 -1 0 0 0 5.5 1.0625 0 0 rect.dat
4 16 -71.967 16 147.819 -74.307 16 145.941 -72.495 16 143.771 -70.193 16 145.694
4 16 -276 5 76 -264.77 5 76.667 -264.77 16 76.667 -276 20 76
4 16 -261.775 5 76.845 -252 5 77.426 -236.328 20 78.356 -261.775 16 76.845
4 16 -276 20 76 -264.77 16 76.667 -261.775 16 76.845 -236.328 20 78.356
1 16 -264.676 10.5 75.329 0 1 .094 -5.5 0 0 0 0 -1.338 rect.dat
1 16 -261.6825 10.5 75.5225 -.0925 -1 0 0 0 5.5 1.3225 0 0 rect.dat
4 16 -261.775 16 76.845 -264.77 16 76.667 -264.582 16 73.991 -261.59 16 74.2
1 16 -266 10.5 -73 0 1 0 -5.5 0 0 0 0 -3 rect3.dat
1 16 -262 10.5 -73 0 -1 0 0 0 -5.5 -3 0 0 rect2a.dat
1 16 -264 16 -73 0 0 2 0 -1 0 -3 0 0 rect2a.dat
1 16 -264 10.5 -70 -2 0 0 0 0 5.5 0 -1 0 rect.dat
1 16 -58 10.5 -74.5 0 1 0 -5.5 0 0 0 0 -1.5 rect.dat
1 16 -54 10.5 -74.5 0 -1 0 0 0 -5.5 -1.5 0 0 rect3.dat
1 16 -56 16 -74.5 0 0 2 0 -1 0 -1.5 0 0 rect3.dat
1 16 -56 10.5 -73 0 0 -2 -5.5 0 0 0 -1 0 rect1.dat
1 16 -212 10.5 3.3575 0 1 0 0 0 5.5 -79.3575 0 0 rect.dat
1 16 -208 10.5 3.7155 0 -1 0 -5.5 0 0 0 0 79.7155 rect.dat
4 16 -212 16 82.715 -212 16 -76 -208 16 -76 -208 16 83.431
4 16 -236.328 20 78.356 -212 16 82.715 -208 16 83.431 -197.325 20 85.343
1 16 -273 10.5 40 0 0 -3 5.5 0 0 0 1 0 rect1.dat
1 16 -271.5 10.5 -43 0 0 -4.5 5.5 0 0 0 1 0 rect3.dat
1 16 -273 10.5 -40 0 0 3 5.5 0 0 0 -1 0 rect1.dat
1 16 -270 10.5 0 0 1 0 0 0 5.5 -40 0 0 rect3.dat
1 16 -267 10.5 0 0 -1 0 0 0 -5.5 -43 0 0 rect.dat
1 16 -271.5 10.5 43 0 0 -4.5 -5.5 0 0 0 -1 0 rect3.dat
4 16 -276 16 43 -276 16 40 -270 16 40 -267 16 43
4 16 -270 16 -40 -276 16 -40 -276 16 -43 -267 16 -43
4 16 -270 16 40 -270 16 -40 -267 16 -43 -267 16 43
1 16 -273 5 0 0 0 3 0 -1 0 -40 0 0 rect3.dat
1 16 -276 10.5 0 0 -1 0 0 0 -5.5 -40 0 0 rect3.dat
1 16 2 18 -76 0 0 2 2 0 0 0 -1 0 rect2a.dat
4 16 0 20 -76 1 20 -80 4 20 -77 4 20 -76
1 16 -27 10.5 -76 0 0 -27 -5.5 0 0 0 -1 0 rect1.dat
3 16 0 20 -76 0 16 -76 -54 16 -76
3 16 -58 16 -76 -58 5 -76 -80 5 -76
3 16 -132 5 -76 -132 16 -76 -88 5 -76
4 16 -58 16 -76 -80 5 -76 -88 5 -76 -132 16 -76
4 16 -136 5 -76 -156 5 -76 -156 9 -76 -136 16 -76
4 16 -156 9 -76 -158 9 -76 -158 12 -76 -136 16 -76
4 16 -168 9 -76 -168 5 -76 -208 5 -76 -208 16 -76
4 16 -166 12 -76 -166 9 -76 -168 9 -76 -208 16 -76
4 16 -212 5 -76 -248 5 -76 -248 9 -76 -212 16 -76
4 16 -256 9 -76 -256 5 -76 -262 5 -76 -262 16 -76
4 16 -276 20 -76 -266 16 -76 -266 5 -76 -276 5 -76
4 16 -248 9 -76 -256 9 -76 -262 16 -76 -212 16 -76
4 16 -158 12 -76 -166 12 -76 -208 16 -76 -136 16 -76
3 16 0 20 -76 -54 16 -76 -58 16 -76
3 16 0 20 -76 -58 16 -76 -132 16 -76
4 16 0 20 -76 -132 16 -76 -136 16 -76 -276 20 -76
3 16 -136 16 -76 -208 16 -76 -276 20 -76
3 16 -208 16 -76 -212 16 -76 -276 20 -76
3 16 -212 16 -76 -262 16 -76 -276 20 -76
3 16 -276 20 -76 -262 16 -76 -266 16 -76
4 16 -84 2 138.164 -80 2 141.374 -80 5 141.374 -90.925 20 132.608
3 16 -88 5 134.955 -84 2 138.164 -90.925 20 132.608
4 16 -88 0 134.955 -84 0 138.164 -84 2 138.164 -88 5 134.955
1 16 -166 2.5 94.914 -2 -1 0 0 0 -2.5 -.611 0 0 rect3.dat
1 16 -250 2.5 77.5445 -2 -1 0 0 0 -2.5 -.1185 0 0 rect3.dat
4 16 -276 20 76 -280 20 20 -280 20 -20 -276 20 -76
3 16 -280 20 23 -280 20 20 -276 20 76
3 16 -280 20 28 -280 20 23 -276 20 76
3 16 -280 20 32 -280 20 28 -276 20 76
3 16 -280 20 -20 -280 20 -23 -276 20 -76
3 16 -280 20 -23 -280 20 -28 -276 20 -76
3 16 -280 20 -28 -280 20 -32 -276 20 -76
1 16 -280 22.5 -21.5 0 -1 0 0 0 2.5 1.5 0 0 rect1.dat
1 16 -280 22.5 21.5 0 -1 0 0 0 -2.5 -1.5 0 0 rect2a.dat
1 16 -280 12.5 0 0 1 0 -7.5 0 0 0 0 -20 rect.dat
1 16 -280 12.5 25.5 0 1 0 7.5 0 0 0 0 2.5 rect1.dat
1 16 -280 12.5 -25.5 0 1 0 7.5 0 0 0 0 2.5 rect1.dat
4 16 -276 5 76 -276 20 76 -276 16 43 -276 5 43
4 16 -276 20 -76 -276 5 -76 -276 5 -43 -276 16 -43
3 16 -276 16 -43 -276 16 -40 -276 20 -76
3 16 -276 16 43 -276 20 76 -276 16 40
4 16 -276 16 -40 -276 16 40 -276 20 76 -276 20 -76
4 16 -280 20 -32 -280 20 -77 -277 20 -80 -276 20 -76
4 16 -276 20 -76 -277 20 -80 1 20 -80 0 20 -76
4 16 -280 20 32 -276 20 76 -277 20 80 -280 20 77
4 16 -237.328 20 82.3564 -277 20 80 -276 20 76 -236.328 20 78.356
4 16 -198.3248 20 89.3434 -237.328 20 82.3564 -236.328 20 78.356 -197.325 20 85.343
4 16 -160.6592 20 100.8514 -198.3248 20 89.3434 -197.325 20 85.343 -159.659 20 96.851
4 16 -125 20 116.716 -160.6592 20 100.8514 -159.659 20 96.851 -124 20 112.716
4 16 -91.9248 20 136.6084 -125 20 116.716 -124 20 112.716 -90.925 20 132.608
4 16 -91.9248 20 136.6084 -90.925 20 132.608 -59.705 20 157.657 -62.0416 20 160.2546
4 16 -252 0 -80 -280 0 -31 -280 0 31 -252 0 77.426
3 16 -280 0 31 -280 0 32 -252 0 77.426
4 16 -277 0 80 -252 0 77.426 -280 0 32 -280 0 77
4 16 -277 0 -80 -280 0 -32 -280 0 -31 -252 0 -80
3 16 -280 0 -32 -277 0 -80 -280 0 -77
4 16 -168 0 -80 -248 0 -80 -248 0 77.663 -168 0 94.303
4 16 -164 0 95.525 -125 0 116.716 -88 0 134.955 -88 0 -80
3 16 -164 0 -80 -164 0 95.525 -88 0 -80
4 16 -248 0 77.663 -252 0 77.426 -277 0 80 -237.328 0 82.3564
4 16 -237.328 0 82.3564 -198.3248 0 89.3434 -168 0 94.303 -248 0 77.663
4 16 -164 0 95.525 -168 0 94.303 -198.3248 0 89.3434 -160.6592 0 100.8514
3 16 -164 0 95.525 -160.6592 0 100.8514 -125 0 116.716
3 16 -91.9248 0 136.6084 -88 0 134.955 -125 0 116.716
4 16 -84 0 138.164 -88 0 134.955 -91.9248 0 136.6084 -62.0416 0 160.2546
4 16 -57.8241 0 162.6609 -39 0 127 -54.462 0 73 -59.176 0 162.6608
4 16 -84 0 138.164 -54.462 0 73 -54.462 0 65 -84 0 -80
4 16 -59.176 0 162.6608 -54.462 0 73 -84 0 138.164 -62.0416 0 160.2546
4 16 -84 0 -80 -54.462 0 65 -40 0 4.5 -40 0 -4.5
4 16 -84 0 -80 -40 0 -4.5 4 0 -40 4 0 -76
4 16 4 0 -76 4 0 -77 1 0 -80 -84 0 -80
1 16 -134 5 0 6 0 0 0 8 0 0 0 6 48\4-4cyli.dat
0 BFC INVERTNEXT
1 16 -134 5 0 3 0 0 0 8 0 0 0 3 48\4-4cyli.dat
0 BFC INVERTNEXT
1 16 -134 5 0 9 0 0 0 4 0 0 0 9 48\4-4cyli.dat
1 16 -134 5 0 12 0 0 0 4 0 0 0 12 48\4-4cyli.dat
1 16 -134 13 0 3 0 0 0 -1 0 0 0 3 48\4-4ring1.dat
1 16 -134 5 0 3 0 0 0 -1 0 0 0 3 48\4-4ring2.dat
1 16 -134 9 0 3 0 0 0 -1 0 0 0 3 48\4-4ring3.dat
1 16 -134 5 0 3 0 0 0 -1 0 0 0 3 48\4-4disc.dat
1 16 -134 5 0 12 0 0 0 -1 0 0 0 12 48\4-4ndis.dat
1 16 -134 5 0 9 0 0 0 1 0 0 0 9 48\4-4edge.dat
1 16 -134 5 0 12 0 0 0 1 0 0 0 12 48\4-4edge.dat
1 16 -134 5 0 6 0 0 0 1 0 0 0 6 48\4-4edge.dat
1 16 -134 5 0 3 0 0 0 1 0 0 0 3 48\4-4edge.dat
1 16 -134 9 0 9 0 0 0 1 0 0 0 9 48\4-4edge.dat
1 16 -134 9 0 12 0 0 0 1 0 0 0 12 48\4-4edge.dat
1 16 -134 13 0 6 0 0 0 1 0 0 0 6 48\4-4edge.dat
1 16 -134 13 0 3 0 0 0 1 0 0 0 3 48\4-4edge.dat
1 16 4 6.5 -31.75 0 1 0 0 0 1.5 -1.75 0 0 rect.dat
1 16 4 6.5 -25 0 1 0 0 0 1.5 -2 0 0 rect.dat
1 16 -103 5 -52 10 0 0 0 11 0 0 0 2 box5.dat
1 16 -103 5 108 10 0 0 0 11 0 0 0 2 box5.dat
1 16 -59.517 5 35 8.3147 0 -1.1111 0 4 0 5.5557 0 1.6629 box5.dat
1 16 -150.659 5 39.703 -3.8268 0 -1.8478 0 4 0 9.2388 0 -.7654 box5.dat
1 16 -111.437 7 37.5595 0 -1 -6.652 -2 0 0 0 0 4.4445 rect3.dat
4 16 -103.682 9 27.567 -104.785 9 33.115 -118.089 9 42.004 -120.311 9 38.678
1 16 -111.9965 7 33.1225 8.3145 1 0 0 0 2 -5.5555 0 0 rect2p.dat
1 16 -119.2 7 40.341 0 1 -1.111 -2 0 0 0 0 -1.663 rect3.dat
1 16 -102.0075 7 37.272 0 1 -2.7775 -2 0 0 0 0 -4.157 rect3.dat
1 16 -97.567 7 40.318 -1.663 -1 0 0 0 2 1.111 0 0 rect.dat
4 16 -99.23 9 41.429 -104.785 9 33.115 -103.682 9 27.567 -95.904 9 39.207
1 16 -99.793 7 33.387 0 -1 -3.889 2 0 0 0 0 -5.82 rect3.dat
1 16 -150 5 -44 2 0 0 0 -4 0 0 0 -2 bump5000.dat
1 16 -120 5 -44 2 0 0 0 -4 0 0 0 -2 bump5000.dat
1 16 -146 5 -30 2 0 0 0 -4 0 0 0 -2 bump5000.dat
1 16 -124 5 -30 2 0 0 0 -4 0 0 0 -2 bump5000.dat
1 16 -124 5 -30 2 0 0 0 -1 0 0 0 -2 4-4ndis.dat
1 16 -150 5 -44 2 0 0 0 -1 0 0 0 -2 4-4ndis.dat
1 16 -120 5 -44 2 0 0 0 -1 0 0 0 -2 4-4ndis.dat
1 16 -146 5 -30 2 0 0 0 -1 0 0 0 -2 4-4ndis.dat
1 16 -73 5 -16 3 0 0 0 4 0 0 0 3 4-4cyli.dat
0 BFC INVERTNEXT
1 16 -73 5 -16 1 0 0 0 4 0 0 0 1 4-4cyli.dat
1 16 -73 9 -16 3 0 0 0 1 0 0 0 3 4-4edge.dat
1 16 -73 5 -16 3 0 0 0 1 0 0 0 3 4-4edge.dat
1 16 -73 9 -16 1 0 0 0 1 0 0 0 1 4-4edge.dat
1 16 -73 5 -16 1 0 0 0 1 0 0 0 1 4-4edge.dat
1 16 -73 5 -16 1 0 0 0 -1 0 0 0 1 4-4disc.dat
1 16 -73 5 -16 3 0 0 0 -1 0 0 0 3 4-4ndis.dat
1 16 -73 9 -16 .5 0 0 0 -1 0 0 0 .5 4-4ring2.dat
1 16 -73 9 -16 1.5 0 0 0 -1 0 0 0 1.5 4-4ring1.dat
1 16 -248 5 0 1 0 0 0 1 0 0 0 1 s\2880s08.dat
1 16 -248 5 40 1 0 0 0 1 0 0 0 1 s\2880s08.dat
1 16 -248 5 -40 1 0 0 0 1 0 0 0 1 s\2880s08.dat
4 16 -248 0 -80 -248 5 -2 -248 5 2 -248 0 77.663
3 16 -248 5 77.663 -248 0 77.663 -248 5 42
3 16 -248 5 42 -248 0 77.663 -248 5 38
3 16 -248 5 38 -248 0 77.663 -248 5 2
3 16 -248 5 -38 -248 5 -2 -248 0 -80
3 16 -248 5 -42 -248 5 -38 -248 0 -80
3 16 -248 5 -42 -248 0 -80 -248 5 -76
4 16 -36 5 2.5 8 5 10 0 5 36 -50.0912 5 38.8928
4 16 -52.3134 5 42.2186 -50.0912 5 38.8928 0 5 36 -53 5 67
4 16 -68.9428 5 31.1072 -52.3134 5 42.2186 -53 5 67 -80 5 141.374
4 16 -80 5 141.374 -53 5 67 -53 5 72 -72.495 5 143.771
3 16 -72.495 5 143.771 -74.307 5 145.941 -80 5 141.374
4 16 -72.495 5 143.771 -53 5 72 -54.52 5 120.589 -70.193 5 145.694
4 16 -70.193 5 145.694 -54.52 5 120.589 -42.635 5 125.311 -59.705 5 157.657
3 16 -71.967 5 147.819 -70.193 5 145.694 -59.705 5 157.657
4 16 -73 5 -13 -66.7206 5 27.7814 -68.9428 5 31.1072 -76 5 -13
4 16 -70 5 -19 -58 5 -73 -54 5 -73 -36 5 -2.5
4 16 -50.0912 5 38.8928 -66.7206 5 27.7814 -70 5 -13 -36 5 2.5
4 16 4 5 -23 8 5 -10 -36 5 -2.5 -4 5 -36
4 16 -4 5 -40 -4 5 -36 -36 5 -2.5 -54 5 -73
4 16 -4 5 -40 -54 5 -73 0 5 -76 0 5 -40
3 16 -54 5 -76 0 5 -76 -54 5 -73
3 16 -4 5 -36 4 5 -33.5 4 5 -30
3 16 -4 5 -36 4 5 -30 4 5 -27
3 16 -4 5 -36 4 5 -27 4 5 -23
3 16 -68.9428 5 31.1072 -80 5 141.374 -76 5 -13
4 16 -132 5 -54 -132 5 -76 -113 5 -54 -113 5 -50
4 16 -93 5 -54 -113 5 -54 -132 5 -76 -88 5 -76
4 16 -93 5 -50 -93 5 -54 -88 5 -76 -88 5 134.955
4 16 -90.925 5 132.608 -93 5 110 -93 5 106 -88 5 134.955
4 16 -88 5 134.955 -93 5 106 -95.904 5 39.207 -93 5 -50
3 16 -95.904 5 39.207 -93 5 106 -99.23 5 41.429
3 16 -93 5 -50 -95.904 5 39.207 -103.682 5 27.567
4 16 -122 5 0 -122 5 -12 -93 5 -50 -103.682 5 27.567
4 16 -122 5 0 -103.682 5 27.567 -120.311 5 38.678 -122 5 12
4 16 -146 5 0 -146 5 12 -148.6799 5 29.6988 -164 5 -80
4 16 -80 5 141.374 -80 5 -76 -76 5 -16 -76 5 -13
3 16 -76 5 -19 -76 5 -16 -80 5 -76
3 16 -73 5 -19 -76 5 -19 -80 5 -76
4 16 -58 5 -76 -58 5 -73 -73 5 -19 -80 5 -76
3 16 -73 5 -19 -58 5 -73 -70 5 -19
3 16 -70 5 -16 -70 5 -19 -36 5 -2.5
4 16 -70 5 -16 -36 5 -2.5 -36 5 2.5 -70 5 -13
3 16 -66.7206 5 27.7814 -73 5 -13 -70 5 -13
4 16 -148.6799 5 29.6988 -146 5 12 -134 5 12 -144.9844 5 31.2296
4 16 -120.311 5 38.678 -144.9844 5 31.2296 -134 5 12 -122 5 12
4 16 -152 5 -42 -146 5 -12 -146 5 0 -164 5 -80
4 16 -150 5 -46 -152 5 -46 -164 5 -80 -156 5 -76
4 16 -156 5 -76 -136 5 -76 -136 5 -54 -148 5 -46
3 16 -150 5 -46 -156 5 -76 -148 5 -46
3 16 -164 5 -80 -152 5 -46 -152 5 -44
3 16 -164 5 -80 -152 5 -44 -152 5 -42
3 16 -148 5 -28 -146 5 -12 -152 5 -42
3 16 -152 5 -42 -148 5 -32 -148 5 -30
3 16 -152 5 -42 -148 5 -30 -148 5 -28
3 16 -146 5 -12 -148 5 -28 -146 5 -28
3 16 -146 5 -12 -146 5 -28 -144 5 -28
4 16 -134 5 -12 -146 5 -12 -144 5 -28 -126 5 -28
4 16 -134 5 -12 -126 5 -28 -124 5 -28 -122 5 -12
3 16 -122 5 -12 -124 5 -28 -122 5 -28
3 16 -122 5 -12 -122 5 -28 -93 5 -50
3 16 -93 5 -50 -122 5 -28 -122 5 -30
4 16 -122 5 -30 -122 5 -32 -118 5 -42 -93 5 -50
3 16 -93 5 -50 -118 5 -42 -118 5 -44
4 16 -118 5 -44 -118 5 -46 -113 5 -50 -93 5 -50
4 16 -113 5 -50 -118 5 -46 -120 5 -46 -132 5 -54
3 16 -132 5 -54 -120 5 -46 -122 5 -46
4 16 -148 5 -46 -136 5 -54 -132 5 -54 -122 5 -46
4 16 -148 5 -46 -122 5 -46 -122 5 -44 -148 5 -44
4 16 -148 5 -42 -148 5 -44 -122 5 -44 -122 5 -42
4 16 -148 5 -42 -122 5 -42 -126 5 -32 -144 5 -32
4 16 -148 5 -32 -152 5 -42 -150 5 -42 -146 5 -32
4 16 -144 5 -32 -146 5 -32 -150 5 -42 -148 5 -42
4 16 -144 5 -30 -144 5 -32 -126 5 -32 -126 5 -30
4 16 -144 5 -28 -144 5 -30 -126 5 -30 -126 5 -28
4 16 -124 5 -32 -126 5 -32 -122 5 -42 -120 5 -42
4 16 -122 5 -32 -124 5 -32 -120 5 -42 -118 5 -42
4 16 -136 5 66 -152.6381 5 49.7072 -144.9844 5 31.2296 -120.311 5 38.678
4 16 -136 5 66 -120.311 5 38.678 -118.089 5 42.004 -132 5 66
3 16 -118.089 5 42.004 -104.785 5 33.115 -99.23 5 41.429
4 16 -118.089 5 42.004 -99.23 5 41.429 -93 5 106 -113 5 106
4 16 -132 5 66 -118.089 5 42.004 -113 5 106 -132 5 109.157
4 16 -124 5 112.716 -132 5 109.157 -113 5 106 -113 5 110
4 16 -124 5 112.716 -113 5 110 -93 5 110 -90.925 5 132.608
4 16 -152.6381 5 49.7072 -136 5 66 -136 5 107.377 -159.659 5 96.851
4 16 -156.3336 5 48.1764 -152.6381 5 49.7072 -159.659 5 96.851 -164 5 95.525
3 16 -156.3336 5 48.1764 -164 5 95.525 -164 5 -80
3 16 -148.6799 5 29.6988 -156.3336 5 48.1764 -164 5 -80
4 16 -208 5 83.431 -208 5 -76 -168 5 -76 -197.325 5 85.343
3 16 -168 5 94.303 -197.325 5 85.343 -168 5 -76
4 16 -228 5 -42 -248 5 -42 -248 5 -76 -212 5 -76
1 16 -238 5 -20 -10 0 0 0 -1 0 0 0 -18 rect1.dat
1 16 -238 5 20 -10 0 0 0 -1 0 0 0 -18 rect1.dat
4 16 -248 5 77.663 -248 5 42 -228 5 42 -236.328 5 78.356
3 16 -212 5 82.715 -236.328 5 78.356 -228 5 42
3 16 -212 5 82.715 -228 5 42 -228 5 38
3 16 -212 5 82.715 -228 5 38 -228 5 2
3 16 -228 5 -42 -212 5 -76 -228 5 -38
4 16 -228 5 -2 -228 5 -38 -212 5 -76 -212 5 82.715
3 16 -228 5 2 -228 5 -2 -212 5 82.715
4 16 -276 5 -76 -266 5 -76 -266 5 -70 -276 5 -43
4 16 -267 5 -43 -276 5 -43 -266 5 -70 -262 5 -70

4 16 -267 5 43 -267 5 -43 -252 5 -80 -252 5 77.426
3 16 -261.775 5 76.845 -261.59 5 74.2 -252 5 77.426
3 16 -261.59 5 74.2 -267 5 43 -252 5 77.426
3 16 -267 5 43 -261.59 5 74.2 -264.582 5 73.991
3 16 -264.77 5 76.667 -276 5 76 -264.582 5 73.991
4 16 -267 5 43 -264.582 5 73.991 -276 5 76 -276 5 43
0 // cond lines
5 24 18.737 0 66.218 18.737 20 66.218 4.8787 0 59.1213 53.489 0 86.453
5 24 -4.648 5 138.462 -4.648 20 138.462 2.333 5 142.834 -40.78 5 121.767
5 24 51.241 5 89.786 51.241 20 89.786 43.322 5 85.164 74.36 5 105.248
5 24 17.229 20 69.936 17.229 5 69.936 41.729 5 84.235 0 5 61.728
5 24 43 -7 124 43 5 124 9.492 5 100.1316 65.254 5 141.637
5 24 40 -7 128 40 5 128 6.642 5 104.2396 61.963 5 144.928
5 24 3.355 -3.5 101.9596 3.355 5 101.9596 -5.909 5 96.142 6.642 5 104.2396
5 24 6.205 -3.5 97.8516 6.205 5 97.8516 -3.059 5 92.034 9.492 5 100.1316
5 24 -3.059 -3.5 92.034 -3.059 5 92.034 -16.91 5 84.084 6.205 5 97.8516
5 24 -16.91 -3.5 84.084 -16.91 5 84.084 -35.861 5 74.694 -3.059 5 92.034
5 24 -35.861 -3.5 74.694 -35.861 5 74.694 -53 5 67 -16.91 5 84.084
5 24 -37.935 -3.5 79.243 -37.935 5 79.243 -53 5 72 -19.381 5 88.43
5 24 -19.381 -3.5 88.43 -19.381 5 88.43 -37.935 5 79.243 -5.909 5 96.142
5 24 -5.909 -3.5 96.142 -5.909 5 96.142 -19.381 5 88.43 3.355 5 101.9596
5 24 -90.925 20 132.608 -90.925 5 132.608 -59.705 20 157.657 -124 20 112.716
5 24 -124 20 112.716 -124 5 112.716 -132 5 109.157 -90.925 5 132.608
5 24 -159.659 20 96.851 -159.659 5 96.851 -164 5 95.525 -136 5 107.377
5 24 -197.325 20 85.343 -197.325 5 85.343 -168 5 94.303 -208 5 83.431
5 24 -236.328 5 78.356 -236.328 20 78.356 -212 5 82.715 -248 5 77.663
0 // edges
2 24 2.333 5 142.834 4.175 5 140.081
2 24 -168 5 94.303 -197.325 5 85.343
2 24 47.32 16 111.841 39.592 16 89.226
2 24 -40.78 20 121.767 -59.705 20 157.657
2 24 -3.717 16 116.198 -7.873 16 113.419
2 24 -164 5 95.525 -159.659 5 96.851
2 24 -124 5 112.716 -132 5 109.157
2 24 -88 0 134.955 -84 0 138.164
2 24 209 16 -36 211 16 -36
2 24 -168 5 -76 -168 9 -76
2 24 -90.925 20 132.608 -124 20 112.716
2 24 41.981 5 87.169 43.322 5 85.164
2 24 -197.325 20 85.343 -236.328 20 78.356
2 24 280 0 -40 4 0 -40
2 24 -248 5 -76 -248 5 -42
2 24 151 16 -36 149 16 -36
2 24 280 20 -40 119 20 -40
2 24 29 5 -36 -4 5 -36
2 24 5.948 16 141.312 34.793 16 139.555
2 24 2.467 16 142.918 2.333 5 142.834
2 24 9.81 5 86.703 40.429 5 86.177
2 24 -197.325 5 85.343 -208 5 83.431
2 24 4 0 -77 4 0 -76
2 24 4.028 5 143.896 22.894 5 155.713
2 24 5.948 16 141.312 4.162 16 143.98
2 24 -74.307 5 145.941 -80 5 141.374
2 24 -276 16 40 -276 16 43
2 24 -168 0 -80 -168 0 94.303
2 24 -84 0 -80 1 0 -80
2 24 -208 5 -76 -168 5 -76
2 24 0 5 36 29 5 36
2 24 -4.648 20 138.462 -40.78 20 121.767
2 24 -248 5 77.663 -236.328 5 78.356
2 24 269 16 36 271 16 36
2 24 -248 5 42 -248 5 77.663
2 24 39.481 5 89.107 47.209 5 111.721
2 24 -80 5 141.374 -80 5 -76
2 24 4 20 -76 4 20 -77
2 24 149 16 -36 149 5 -36
2 24 -276 20 -76 -276 20 76
2 24 4.8787 0 59.1213 18.737 0 66.218
2 24 43.46 16 85.245 43.322 5 85.164
2 24 22.894 20 155.713 -4.648 20 138.462
2 24 119 20 -36 276 20 -36
2 24 -59.705 5 157.657 -71.967 5 147.819
2 24 17.229 5 69.936 41.729 5 84.235
2 24 -80 2 141.374 -84 2 138.164
2 24 -276 5 -76 -276 20 -76
2 24 -276 5 -43 -276 5 -76
2 24 -208 16 -76 -212 16 -76
2 24 119 8 -36 91 8 -36
2 24 280 20 20 280 20 -20
2 24 209 16 36 211 16 36
2 24 -88 5 -80 -88 0 -80
2 24 -276 16 -43 -276 16 -40
2 24 -4.648 5 138.462 2.333 5 142.834
2 24 74.36 5 105.248 51.241 5 89.786
2 24 -301 5 -2.5 -284 5 -2.5
2 24 149 8 -31 149 8 -33.5
2 24 -276 20 76 -276 5 76
2 24 51.241 20 89.786 74.36 20 105.248
2 24 5.837 5 141.193 4.028 5 143.896
2 24 -159.659 20 96.851 -197.325 20 85.343
2 24 17.229 20 69.936 51.241 20 89.786
2 24 12 16 -40 4 16 -40
2 24 -284 5 2.5 -301 5 2.5
2 24 -264.77 5 76.667 -276 5 76
2 24 -276 5 -76 -266 5 -76
2 24 -40.78 16 121.767 -40.78 20 121.767
2 24 -236.328 20 78.356 -276 20 76
2 24 -42.635 16 125.311 -40.78 16 121.767
2 24 276 20 36 0 20 36
2 24 -80 2 -80 -84 2 -80
2 24 -124 20 112.716 -159.659 20 96.851
2 24 41.729 16 84.235 43.46 16 85.245
2 24 -262 5 -76 -256 5 -76
2 24 -248 9 -76 -248 5 -76
2 24 141 8 -23 145 8 -27
2 24 18.737 20 66.218 4.8787 20 59.1213
2 24 -42.635 5 125.311 -59.705 5 157.657
2 24 149 8 -31 148 8 -30
2 24 271 16 -36 269 16 -36
2 24 -264.77 16 76.667 -261.775 16 76.845
2 24 -88 5 -76 -132 5 -76
2 24 12 16 -36 -4 16 -36
2 24 -59.705 20 157.657 -59.705 5 157.657
2 24 -59.705 20 157.657 -90.925 20 132.608
2 24 -88 0 -80 -164 0 -80
2 24 -252 5 77.426 -261.775 5 76.845
2 24 -276 5 76 -276 5 43
2 24 119 8 -40 12 8 -40
2 24 -132 16 109.157 -136 16 107.377
2 24 -80 2 141.374 -80 2 -80
2 24 43.322 5 85.164 51.241 5 89.786
2 24 -248 0 77.663 -248 0 -80
2 24 131.5 5 -13.5 141 5 -23
2 24 -88 5 -76 -88 5 134.955
2 24 -40.78 5 121.767 -4.648 5 138.462
2 24 5.837 5 141.193 34.683 5 139.435
2 24 -88 0 -80 -88 0 134.955
2 24 -284 5 2.5 -284 5 -2.5
2 24 -90.925 5 132.608 -124 5 112.716
2 24 4.162 16 143.98 2.467 16 142.918
2 24 -74.307 16 145.941 -71.967 16 147.819
2 24 -7.983 5 113.299 -3.828 5 116.079
2 24 2.467 16 142.918 4.285 16 140.2
2 24 276 16 -2.5 276 16 -6
2 24 43.46 16 85.245 42.092 16 87.289
2 24 -156 5 -76 -136 5 -76
2 24 276 16 6 276 16 2.5
2 24 -276 20 -76 0 20 -76
2 24 40.429 16 86.177 9.921 16 86.822
2 24 276 20 -36 276 20 36
2 24 -80 5 -76 -58 5 -76
2 24 30.527 5 136.656 34.683 5 139.435
2 24 -90.925 5 132.608 -88 5 134.955
2 24 -7.873 16 113.419 4.285 16 140.2
2 24 1 20 -80 -277 20 -80
2 24 -136 5 107.377 -159.659 5 96.851
2 24 30.5203 -7 123.0868 30.969 -6.9999 123.4015
2 24 4.028 5 143.896 4.162 16 143.98
2 24 -80 2 -80 -80 5 -80
2 24 -212 5 82.715 -236.328 5 78.356
2 24 34.793 16 139.555 30.638 16 136.775
2 24 -168 5 -76 -168 5 94.303
2 24 29 8 -36 12 8 -36
2 24 -248 5 -76 -212 5 -76
2 24 149 16 36 151 16 36
2 24 -252 0 -80 -277 0 -80
2 24 4.175 5 140.081 -7.983 5 113.299
2 24 -208 16 83.431 -212 16 82.715
2 24 301 5 -6 301 5 -2.5
2 24 301 5 2.5 301 5 6
2 24 -301 5 -6 -301 5 -2.5
2 24 -301 5 2.5 -301 5 6
2 24 280 5 -20 280 20 -20
2 24 280 5 20 280 20 20
2 24 30.5203 0 123.0868 30.9693 .0001 123.4018
2 24 4.285 16 140.2 4.175 5 140.081
2 24 5.837 5 141.193 5.948 16 141.312
2 24 34.793 16 139.555 34.683 5 139.435
2 24 -88 0 134.955 -88 5 134.955
2 24 149 16 -31 149 8 -31
2 24 -80 5 141.374 -80 2 141.374
2 24 -7.873 16 113.419 -7.983 5 113.299
2 24 68.2506 -7 143.0626 68.2506 0 143.0626
1 16 -5.606 -3.5 98.6192 -.1229 -1 0 0 0 3.5 -.1107 0 0 rect2p.dat
2 24 33.5283 -7.0001 125.2919 33.786 -7 125.4277
1 16 38.9547 -3.5 118.0691 -.1209 1 0 0 0 -3.5 -.0776 0 0 rect2p.dat
1 16 -.7643 -3.5 91.0325 -.1422 1 0 0 0 -3.5 -.1223 0 0 rect2p.dat
3 16 -53 5 67 0 5 36 -20.717 5 60
3 16 -20.717 5 60 0 5 36 -17.761 5 60
1 16 -15.371 10.5 67.879 -2.39 -1 0 0 0 -5.5 -7.879 0 0 rect2p.dat
1 16 -18.613 10.5 66.936 -2.104 1 0 0 0 -5.5 -6.936 0 0 rect2p.dat
1 16 -19.239 10.5 60 -1.478 0 0 0 0 5.5 0 1 0 rect.dat
2 24 74.36 5 105.248 74.36 20 105.248
2 24 22.894 5 155.713 22.894 20 155.713
2 24 -164 5 -80 -156 5 -80
3 16 -256 5 -76 -256 5 -80 -252 5 -80
2 24 -252 5 -80 -256 5 -80
2 24 -256 5 -80 -256 5 -76
3 16 -156 5 -80 -156 5 -76 -164 5 -80
3 16 -262 5 -70 -256 5 -76 -267 5 -43
3 16 -256 5 -76 -252 5 -80 -267 5 -43
3 16 -262 5 -76 -256 5 -76 -262 5 -70
4 16 52 5 -10 39 5 -23 81 5 -23 68 5 -10
4 16 72 5 -10 85 5 -23 95 5 -23 104.5 5 -13.5
1 16 74.5 6.5 -16.5 0 1 6.5 -1.5 0 0 0 0 -6.5 rect3.dat
1 16 78.5 6.5 -16.5 0 -1 6.5 -1.5 0 0 0 0 -6.5 rect3.dat
4 16 72 8 -10 68 8 -10 81 8 -23 85 8 -23
1 16 18.5 10.5 20.5 10.5 1 0 0 0 5.5 10.5 0 0 rect2p.dat
1 16 21 10.5 19 0 -1 9 5.5 0 0 0 0 9 rect3.dat
1 16 39 10.5 19 -9 1 0 0 0 -5.5 9 0 0 rect2p.dat
1 16 41.5 10.5 20.5 10.5 -1 0 0 0 5.5 -10.5 0 0 rect2p.dat
4 16 29 16 31 8 16 10 12 16 10 30 16 28
4 16 31 16 31 30 16 28 48 16 10 52 16 10
4 16 31 5 31 52 5 10 68 5 10 89 5 31
1 16 78.5 10.5 20.5 0 1 10.5 -5.5 0 0 0 0 10.5 rect3.dat
1 16 81 10.5 19 0 -1 9 -5.5 0 0 0 0 9 rect3.dat
4 16 68 16 10 72 16 10 90 16 28 89 16 31
3 16 90 5 28 72 5 10 104.5 5 13.5
3 16 30 5 28 12 5 10 48 5 10
1 16 45.5 6.5 -16.5 0 -1 -6.5 -1.5 0 0 0 0 -6.5 rect3.dat
1 16 18.5 6.5 -16.5 0 -1 6.5 -1.5 0 0 0 0 -6.5 rect3.dat
1 16 41.5 6.5 -16.5 0 1 -6.5 1.5 0 0 0 0 -6.5 rect3.dat
1 16 14.5 6.5 -16.5 0 1 6.5 1.5 0 0 0 0 -6.5 rect3.dat
4 16 3.355 -3.5 101.9596 -5.909 -3.5 96.142 -3.059 -3.5 92.034 6.205 -3.5 97.8516
2 24 -3.059 -3.5 92.034 6.205 -3.5 97.8516
2 24 3.355 -3.5 101.9596 -5.909 -3.5 96.142
4 16 4.2539 -7 105.3248 6.642 -7 104.2396 9.492 -7 100.1316 9.3239 -7 97.9038
3 16 12.2341 -7 99.8482 9.3239 -7 97.9038 9.492 -7 100.1316
3 16 12.2341 -7 99.8482 9.492 -7 100.1316 12.6479 -7 100.1698
3 16 15.5581 -7 102.1142 12.6479 -7 100.1698 9.492 -7 100.1316
3 16 6.642 -7 104.2396 4.2539 -7 105.3248 7.1641 -7 107.2692
3 16 6.642 -7 104.2396 7.1641 -7 107.2692 7.5989 -7 107.6068
3 16 6.642 -7 104.2396 7.5989 -7 107.6068 10.5091 -7 109.5512
