0 ~Brick  2 x  3 without Front Face
0 Name: s\3002s01.dat
0 Author: James Jessiman
0 !LICENSE Licensed under CC BY 4.0 : see CAreadme.txt
0 BFC CERTIFY CCW
1 16 10 4 0 1 0 0 0 -5 0 0 0 1 stud4.dat
1 16 -10 4 0 1 0 0 0 -5 0 0 0 1 stud4.dat
0 BFC INVERTNEXT
1 16 0 24 0 26 0 0 0 -20 0 0 0 16 box5.dat
4 16 30 24 20 26 24 16 -26 24 16 -30 24 20
4 16 -30 24 20 -26 24 16 -26 24 -16 -30 24 -20
4 16 -30 24 -20 -26 24 -16 26 24 -16 30 24 -20
4 16 30 24 -20 26 24 -16 26 24 16 30 24 20
2 24 30 0 20 -30 0 20
2 24 -30 0 20 -30 0 -20
2 24 -30 0 -20 30 0 -20
2 24 30 0 -20 30 0 20
2 24 30 24 20 -30 24 20
2 24 -30 24 20 -30 24 -20
2 24 -30 24 -20 30 24 -20
2 24 30 24 -20 30 24 20
2 24 30 24 20 30 0 20
2 24 -30 24 20 -30 0 20
2 24 30 24 -20 30 0 -20
2 24 -30 24 -20 -30 0 -20
4 16 -30 0 -20 30 0 -20 30 0 20 -30 0 20
4 16 30 0 20 30 24 20 -30 24 20 -30 0 20
4 16 -30 0 20 -30 24 20 -30 24 -20 -30 0 -20
4 16 30 0 -20 30 24 -20 30 24 20 30 0 20
1 16 20 0 10 1 0 0 0 1 0 0 0 1 stud.dat
1 16 0 0 10 1 0 0 0 1 0 0 0 1 stud.dat
1 16 -20 0 10 1 0 0 0 1 0 0 0 1 stud.dat
1 16 20 0 -10 1 0 0 0 1 0 0 0 1 stud.dat
1 16 0 0 -10 1 0 0 0 1 0 0 0 1 stud.dat
1 16 -20 0 -10 1 0 0 0 1 0 0 0 1 stud.dat
