0 ~Mail Horn Background Pattern
0 Name: s\3010p24s02.dat
0 Author: Ulrich Röder [UR]
0 !LDRAW_ORG Unofficial_Subpart
0 !LICENSE Redistributable under CCAL version 2.0 : see CAreadme.txt

0 BFC CERTIFY CCW

4 16 -16.151 19.489 -10 -15.044 20.186 -10 -14.764 17.889 -10 -15.642 17.677 -10
3 16 -31.003 14.79 -10 -38 24 -10 -30.705 14.843 -10
4 16 -14.198 20.586 -10 -14.494 20.611 -10 -12.376 21.349 -10 -12.467 21.056 -10
4 16 -14.781 20.535 -10 -38 24 -10 -12.376 21.349 -10 -14.494 20.611 -10
4 16 -18.006 18.076 -10 -19.644 17.767 -10 -18.939 18.654 -10 -17.13 18.85 -10
4 16 -6.059 17.659 -10 -6.88 18.492 -10 -5.177 18.25 -10 -4.19 17.008 -10
4 16 -31.382 11.982 -10 -31.876 13.042 -10 -31.339 14.311 -10 -31.286 14.013 -10
4 16 -32.075 12.777 -10 -38 24 -10 -31.339 14.311 -10 -31.876 13.042 -10
3 16 -16.151 19.489 -10 -14.982 20.38 -10 -15.044 20.186 -10
4 16 -14.781 20.535 -10 -30.42 14.739 -10 -30.705 14.843 -10 -38 24 -10
3 16 -7.812 19.198 -10 16 24 -10 -6.88 18.492 -10
4 16 -14.982 20.38 -10 -16.151 19.489 -10 -17.13 18.85 -10 -18.939 18.654 -10
4 16 16 24 -10 -9.456 20.426 -10 -9.752 20.401 -10 -11.117 21.056 -10
3 16 -12.129 21.563 -10 -38 24 -10 -11.792 21.641 -10
4 16 3.602 8.591 -10 3.629 7.081 -10 3.538 5.51 -10 -0.202 13.247 -10
4 16 4.852 14.359 -10 3.673 14.376 -10 2.521 14.575 -10 1.396 14.956 -10
4 16 -18.158 14.519 -10 -16.721 16.816 -10 -16.039 17.417 -10 -15.642 17.677 -10
4 16 -16.551 7.826 -10 -17.165 8.497 -10 -15.067 6.783 -10 -15.847 7.251 -10
4 16 -6.215 10.51 -10 -6.551 9.665 -10 -5.925 12.3 -10 -6.005 11.395 -10
4 16 -11.535 6.142 -10 -12.444 6.108 -10 -13.348 6.205 -10 -14.228 6.432 -10
4 16 -8.226 7.535 -10 -8.968 7.01 -10 -7.004 8.876 -10 -7.566 8.162 -10
4 16 -7.429 16.491 -10 -6.891 15.758 -10 -6.463 14.956 -10 -6.156 14.1 -10
4 16 -17.31 16.122 -10 -16.721 16.816 -10 -18.158 14.519 -10 -17.792 15.351 -10
4 16 -18.498 11.831 -10 -18.515 12.74 -10 -18.074 10.067 -10 -18.35 10.934 -10
3 16 16 24 -10 -11.792 21.641 -10 -38 24 -10
4 16 -20.656 15.868 -10 -20.074 17.043 -10 -19.644 17.767 -10 -18.763 17.184 -10
3 16 -19.644 17.767 -10 -18.006 18.076 -10 -18.763 17.184 -10
3 16 1.629 12.221 -10 2.374 11.611 -10 2.879 10.81 -10
3 16 -31.235 14.595 -10 -38 24 -10 -31.003 14.79 -10
3 16 -9.977 20.283 -10 -11.117 21.056 -10 -9.752 20.401 -10
3 16 -12.376 21.349 -10 -38 24 -10 -12.129 21.563 -10
3 16 -12.467 21.056 -10 -13.973 20.468 -10 -14.198 20.586 -10
4 16 -31.382 11.982 -10 -31.286 14.013 -10 -29.765 10.75 -10 -30.887 10.921 -10
4 16 4.852 14.359 -10 1.396 14.956 -10 8.004 15.169 -10 6.632 14.663 -10
3 16 16 24 -10 -11.454 21.563 -10 -11.792 21.641 -10
4 16 -15.067 6.783 -10 -17.165 8.497 -10 -11.535 6.142 -10 -14.228 6.432 -10
3 16 -6.156 14.1 -10 -8.067 17.139 -10 -7.429 16.491 -10
4 16 -8.463 17.438 -10 -8.067 17.139 -10 -6.156 14.1 -10 -17.165 8.497 -10
4 16 -7.004 8.876 -10 -8.968 7.01 -10 -5.925 12.3 -10 -6.551 9.665 -10
4 16 -18.074 10.067 -10 -18.515 12.74 -10 -18.401 13.642 -10 -17.677 9.249 -10
3 16 3.602 8.591 -10 2.879 10.81 -10 3.314 9.764 -10
4 16 1.629 12.221 -10 2.879 10.81 -10 3.602 8.591 -10 -0.202 13.247 -10
4 16 10.233 16.538 -10 9.158 15.742 -10 8.004 15.169 -10 1.396 14.956 -10
3 16 -11.454 21.563 -10 16 24 -10 -11.207 21.349 -10
3 16 -12.467 21.056 -10 -13.879 20.288 -10 -13.973 20.468 -10
3 16 -10.071 20.103 -10 -11.117 21.056 -10 -9.977 20.283 -10
3 16 -31.339 14.311 -10 -38 24 -10 -31.235 14.595 -10
3 16 16 24 -10 -11.117 21.056 -10 -11.207 21.349 -10
4 16 -11.535 6.142 -10 -17.165 8.497 -10 -9.779 6.598 -10 -10.64 6.306 -10
4 16 -5.925 12.3 -10 -8.968 7.01 -10 -6.156 14.1 -10 -5.975 13.208 -10
3 16 -18.939 18.654 -10 -14.781 20.535 -10 -14.982 20.38 -10
4 16 -3.199 14.806 -10 -6.059 17.659 -10 -4.19 17.008 -10 -3.663 16.075 -10
4 16 -9.779 6.598 -10 -17.165 8.497 -10 -6.156 14.1 -10 -8.968 7.01 -10
4 16 -15.642 17.677 -10 -14.764 17.889 -10 -14.681 17.713 -10 -18.158 14.519 -10
4 16 -11.117 17.456 -10 -11.117 21.056 -10 -10.071 20.103 -10 -10.191 17.788 -10
4 16 -3.199 14.806 -10 -0.202 13.247 -10 3.538 5.51 -10 3.329 3.878 -10
4 16 -29.765 10.75 -10 -29.57 10.518 -10 -31.219 10.94 -10 -30.887 10.921 -10
4 16 10.233 16.538 -10 1.396 14.956 -10 -5.177 18.25 -10 11.542 17.838 -10
4 16 -18.158 14.519 -10 -14.681 17.713 -10 -14.485 17.6 -10 -18.401 13.642 -10
3 16 16 24 -10 -9.169 20.35 -10 -9.456 20.426 -10
3 16 -18.763 17.184 -10 -19.383 16.193 -10 -20.656 15.868 -10
3 16 -3.199 14.806 -10 -5.367 16.717 -10 -6.059 17.659 -10
3 16 16 24 -10 -8.968 20.194 -10 -9.169 20.35 -10
4 16 -38 1 -10 -38 24 -10 -32.075 12.777 -10 -32.088 12.298 -10
4 16 -12.467 21.056 -10 -12.467 17.456 -10 -13.759 17.971 -10 -13.879 20.288 -10
4 16 3.329 3.878 -10 -4.818 15.684 -10 -5.367 16.717 -10 -3.199 14.806 -10
4 16 -14.781 20.535 -10 -18.939 18.654 -10 -30.226 14.507 -10 -30.42 14.739 -10
3 16 -18.939 18.654 -10 -28.728 14.09 -10 -30.226 14.507 -10
4 16 -13.759 17.971 -10 -12.467 17.456 -10 -12.376 17.164 -10 -13.811 17.789 -10
4 16 -5.177 18.25 -10 -6.88 18.492 -10 16 24 -10 11.542 17.838 -10
3 16 -4.818 15.684 -10 3.329 3.878 -10 -4.422 14.584 -10
4 16 -18.401 13.642 -10 -14.485 17.6 -10 -14.23 17.575 -10 -17.677 9.249 -10
4 16 -19.854 15.123 -10 -27.967 12.459 -10 -20.656 15.868 -10 -19.383 16.193 -10
4 16 -10.139 17.603 -10 -11.207 17.164 -10 -11.117 17.456 -10 -10.191 17.788 -10
4 16 -28.704 11.244 -10 -30.226 14.507 -10 -28.728 14.09 -10 -27.967 12.459 -10
3 16 -31.912 11.735 -10 -38 1 -10 -32.088 12.298 -10
3 16 3.329 3.878 -10 -4.19 13.438 -10 -4.422 14.584 -10
3 16 -9.967 17.456 -10 -11.207 17.164 -10 -10.139 17.603 -10
3 16 -31.594 11.238 -10 -38 1 -10 -31.912 11.735 -10
4 16 -17.677 9.249 -10 -14.23 17.575 -10 -13.983 17.644 -10 -17.165 8.497 -10
3 16 -20.166 13.996 -10 -27.967 12.459 -10 -19.854 15.123 -10
4 16 -12.376 17.164 -10 -17.165 8.497 -10 -13.983 17.644 -10 -13.811 17.789 -10
3 16 -31.219 10.94 -10 -38 1 -10 -31.594 11.238 -10
3 16 -20.312 12.836 -10 -27.967 12.459 -10 -20.166 13.996 -10
4 16 -28.704 11.244 -10 -27.967 12.459 -10 -20.312 12.836 -10 -20.29 11.667 -10
3 16 3.329 3.878 -10 -4.125 12.271 -10 -4.19 13.438 -10
3 16 -12.129 16.95 -10 -17.165 8.497 -10 -12.376 17.164 -10
4 16 -29.285 10.414 -10 -38 1 -10 -31.219 10.94 -10 -29.57 10.518 -10
3 16 3.329 3.878 -10 -4.228 11.106 -10 -4.125 12.271 -10
4 16 -20.1 10.513 -10 -28.652 10.946 -10 -28.704 11.244 -10 -20.29 11.667 -10
3 16 -11.792 16.871 -10 -17.165 8.497 -10 -12.129 16.95 -10
3 16 3.329 3.878 -10 -4.499 9.969 -10 -4.228 11.106 -10
4 16 -11.454 16.95 -10 -9.72 17.386 -10 -9.465 17.412 -10 -17.165 8.497 -10
3 16 3.329 3.878 -10 -4.93 8.882 -10 -4.499 9.969 -10
3 16 -11.454 16.95 -10 -17.165 8.497 -10 -11.792 16.871 -10
3 16 3.329 3.878 -10 -5.513 7.868 -10 -4.93 8.882 -10
4 16 -28.652 10.946 -10 -20.1 10.513 -10 -19.746 9.399 -10 -28.755 10.662 -10
4 16 -11.207 17.164 -10 -9.967 17.456 -10 -9.72 17.386 -10 -11.454 16.95 -10
3 16 3.329 3.878 -10 -6.236 6.949 -10 -5.513 7.868 -10
4 16 -19.746 9.399 -10 -19.235 8.347 -10 -28.987 10.467 -10 -28.755 10.662 -10
4 16 -9.465 17.412 -10 -9.269 17.527 -10 -8.463 17.438 -10 -17.165 8.497 -10
3 16 3.329 3.878 -10 -7.084 6.144 -10 -6.236 6.949 -10
4 16 -38 1 -10 -29.285 10.414 -10 -28.987 10.467 -10 -19.235 8.347 -10
3 16 -18.577 7.38 -10 -38 1 -10 -19.235 8.347 -10
4 16 -7.812 19.198 -10 -8.463 17.438 -10 -9.269 17.527 -10 -9.186 17.7 -10
3 16 3.329 3.878 -10 -8.038 5.469 -10 -7.084 6.144 -10
3 16 -17.788 6.518 -10 -38 1 -10 -18.577 7.38 -10
4 16 3.998 3.487 -10 -9.08 4.939 -10 -8.038 5.469 -10 3.329 3.878 -10
3 16 -9.186 17.7 -10 -8.906 20.001 -10 -7.812 19.198 -10
3 16 -16.882 5.778 -10 -38 1 -10 -17.788 6.518 -10
3 16 3.998 3.487 -10 -10.188 4.564 -10 -9.08 4.939 -10
4 16 -8.968 20.194 -10 16 24 -10 -7.812 19.198 -10 -8.906 20.001 -10
3 16 -15.88 5.176 -10 -38 1 -10 -16.882 5.778 -10
3 16 -14.801 4.725 -10 -38 1 -10 -15.88 5.176 -10
3 16 3.998 3.487 -10 -11.338 4.353 -10 -10.188 4.564 -10
3 16 16 24 -10 12.258 17.444 -10 11.542 17.838 -10
3 16 -13.669 4.434 -10 -38 1 -10 -14.801 4.725 -10
3 16 3.998 3.487 -10 -12.506 4.309 -10 -11.338 4.353 -10
3 16 16 1 -10 12.258 17.444 -10 16 24 -10
3 16 -12.506 4.309 -10 -38 1 -10 -13.669 4.434 -10
3 16 16 1 -10 3.998 3.487 -10 12.258 17.444 -10
4 16 -12.506 4.309 -10 3.998 3.487 -10 16 1 -10 -38 1 -10
