0 ~Slope Brick 18  4 x  2 with Orange/Grey Rectangles - Orange
0 Name: s\30363as1.dat
0 Author: John Riley [jriley]
0 !LICENSE Licensed under CC BY 2.0 and CC BY 4.0 : see CAreadme.txt
0 BFC CERTIFY CCW
4 16 -18.5 0 -5 -18.5 0 -5.75 18.5 0 -5.75 18.5 0 -5
4 16 -18.5 0 -19.75 -18.5 0 -20.5 18.5 0 -20.5 18.5 0 -19.75
4 16 -18.5 0 -5.75 -18.5 0 -19.75 -17.75 0 -19.75 -17.75 0 -5.75
4 16 18.5 0 -5.75 17.75 0 -5.75 17.75 0 -19.75 18.5 0 -19.75
4 16 13 0 -21.25 -13 0 -21.25 -13 0 -51.25 13 0 -51.25
4 16 13 0 -61.5 13 0 -58.25 -13 0 -58.25 -13 0 -61.5
4 16 -8 0 -58.25 8 0 -58.25 8 0 -51.25 -8 0 -51.25
