0 ~Car Base  4 x 10 x  1.333 Quarter
0 Name: s\30643s01.dat
0 Author: Santeri Piippo [arezey]
0 !LDRAW_ORG Unofficial_Subpart
0 !LICENSE Redistributable under CCAL version 2.0 : see CAreadme.txt

0 BFC CERTIFY CCW

2 24 0 0 100 40 0 100
2 24 40 0 100 40 0 0
2 24 0 0 82 27 0 82
1 16 27 0 75 -5 0 0 0 1 0 0 0 5 1-4disc.dat
2 24 22 0 75 22 0 0
1 16 27 0 75 -5 0 0 0 24 0 0 0 5 1-4cylo.dat
1 16 27 12 81 0 1 0 12 0 0 0 0 -1 rect.dat
4 16 0 0 100 0 0 82 27 0 82 40 0 100
2 24 40 0 100 40 32 100
2 24 0 32 100 40 32 100
4 16 40 0 0 40 3 0 40 3 28 40 0 100
4 16 40 0 100 40 3 28 40 18 29 40 32 100
3 16 40 27 29 40 32 100 40 18 29
4 16 40 27 29 40 27 0 40 32 0 40 32 100
4 16 29 27 100 29 18 100 40 0 100 40 32 100
3 16 29 18 100 28 3 100 40 0 100
4 16 40 0 100 28 3 100 0 3 100 0 0 100
4 16 29 27 100 40 32 100 0 32 100 0 27 100
1 16 40 18 80 0 -1 0 8 0 0 0 0 8 4-4edge.dat
1 16 0 24 60 0 0 6 0 1 0 -6 0 0 2-4ndis.dat
1 16 0 24 20 0 0 6 0 1 0 -6 0 0 2-4ndis.dat

4 16 0 24 54 0 24 26 6 24 26 6 24 54
4 16 22 0 75 22 24 75 22 24 26 22 12 26
4 16 22 0 75 22 12 26 22 12 14 22 0 0
3 16 22 12 14 22 12 0 22 0 0
4 16 40 0 100 27 0 82 27 0 75 40 0 0
4 16 27 0 75 22 0 75 22 0 0 40 0 0
4 16 22 12 14 22 24 14 22 24 6 22 12 6
4 16 0 0 82 0 12 82 14 12 82 27 0 82
4 16 26 12 82 26 24 82 27 24 82 27 0 82
3 16 14 12 82 26 12 82 27 0 82
4 16 6 12 82 6 24 82 14 24 82 14 12 82

0 // Underside
2 24 36 32 96 36 32 84
2 24 24 32 0 24 32 36
2 24 36 32 36 36 32 0
1 16 30 32 38 0 0 -6 0 -1 0 -2 0 0 rect1.dat
2 24 40 32 100 40 32 0
4 16 40 32 100 40 32 0 36 32 0 36 32 96

4 16 24 32 80 24 32 0 20 32 0 20 32 80
1 16 18 32 82 0 0 18 0 -1 0 2 0 0 rect1.dat
2 24 36 32 96 0 32 96
4 16 0 32 100 40 32 100 36 32 96 0 32 96

0 // 1x2 "underbrick"
2 24 31 4 80 31 4 76
2 24 29 32 76 29 32 80
1 16 30 18 78 0 0 1 0 14 0 -2 0 0 box2-9.dat
0 BFC INVERTNEXT
1 16 28 28 74 -2 0 0 0 -24 0 0 0 2 1-4cylo.dat
2 24 26 4 40 26 28 40
2 24 26 4 40 26 4 74
2 24 26 28 40 26 28 74
4 16 26 28 40 26 4 40 26 4 74 26 28 74
2 24 28 28 76 29 28 76
4 16 31 4 76 28 4 76 28 28 76 29 28 76
2 24 24 32 40 29 32 40
2 24 24 28 40 26 28 40
4 16 24 28 40 26 28 40 29 32 40 24 32 40
0 BFC INVERTNEXT
1 16 26.5 30 60 0 -2.5 0 2 0 0 0 0 20 box2-5.dat
2 24 29 28 76 29 28 80
2 24 29 32 76 29 28 76
4 16 29 28 80 29 32 80 29 32 76 29 28 76
1 16 28 28 74 -2 0 0 0 -1 0 0 0 2 1-4ndis.dat
4 16 24 28 40 24 28 80 26 28 76 26 28 40
4 16 26 28 76 24 28 80 29 28 80 29 28 76
2 24 29 4 40 29 32 40
2 24 29 4 40 26 4 40
4 16 29 4 40 29 32 40 26 28 40 26 4 40
1 16 30 4 42 1 0 0 0 28 0 0 0 2 box4-4a.dat
0 BFC INVERTNEXT
1 16 31 18 60 0 5 0 0 0 -14 -20 0 0 box4-2p.dat
4 16 31 32 76 31 4 76 29 28 76 29 32 76
2 24 31 4 76 28 4 76
1 16 28 4 74 -2 0 0 0 -1 0 0 0 2 1-4chrd.dat
3 16 26 4 74 28 4 76 29 4 44
4 16 29 4 40 26 4 40 26 4 74 29 4 44
4 16 29 4 44 28 4 76 31 4 76 31 4 44
1 16 30 4 60 1 0 0 0 -7 0 0 0 1 stud3.dat

0 // Pinholed 4x1 underside
1 16 0 18 84 0 0 9 9 0 0 0 12 0 1-4cylo.dat
1 16 0 18 96 0 0 9 9 0 0 0 1 0 1-4ndis.dat
1 16 0 18 84 0 0 9 9 0 0 0 -1 0 1-4ndis.dat
1 16 20 18 96 9 0 0 0 0 9 0 1 0 2-4ndis.dat
1 16 20 18 84 9 0 0 0 0 9 0 -1 0 2-4ndis.dat
1 16 20 18 84 9 0 0 0 0 9 0 12 0 2-4cylo.dat
1 16 36 18 90 0 1 0 -14 0 0 0 0 6 rect.dat
4 16 36 4 84 36 32 84 29 27 84 29 4 84
4 16 0 27 84 29 27 84 36 32 84 0 32 84
1 16 10 22.5 84 0 0 1 -4.5 0 0 0 -1 0 rect1.dat
4 16 36 4 96 29 4 96 29 27 96 36 32 96
4 16 0 27 96 0 32 96 36 32 96 29 27 96
1 16 10 22.5 96 0 0 -1 -4.5 0 0 0 1 0 rect1.dat
1 16 10 18 90 0 0 1 0 -1 0 6 0 0 rect2p.dat
1 16 32.5 4 90 0 0 -3.5 0 -1 0 -6 0 0 rect3.dat
1 16 29 11 90 0 -1 0 7 0 0 0 0 6 rect2p.dat
1 16 36 18 0 0 -12 0 9 0 0 0 0 9 1-4cylo.dat
1 16 24 18 0 0 -1 0 9 0 0 0 0 9 1-4ndis.dat
1 16 36 18 0 0 1 0 9 0 0 0 0 9 1-4ndis.dat
1 16 24 18 20 0 -1 0 0 0 9 9 0 0 2-4ndis.dat
1 16 36 18 20 0 1 0 0 0 9 9 0 0 2-4ndis.dat
1 16 36 18 20 0 -12 0 0 0 9 9 0 0 2-4cylo.dat
1 16 30 18 36 0 0 -6 -14 0 0 0 1 0 rect.dat
4 16 36 4 36 36 32 36 36 27 29 36 4 29
4 16 36 27 0 36 27 29 36 32 36 36 32 0
1 16 36 22.5 10 0 1 0 -4.5 0 0 0 0 1 rect1.dat
4 16 24 4 36 24 4 29 24 27 29 24 32 36
4 16 24 27 0 24 32 0 24 32 36 24 27 29
1 16 24 22.5 10 0 -1 0 -4.5 0 0 0 0 -1 rect1.dat
1 16 30 18 10 -6 0 0 0 -1 0 0 0 1 rect2p.dat
1 16 30 4 32.5 6 0 0 0 -1 0 0 0 -3.5 rect3.dat
1 16 30 11 29 0 0 -6 7 0 0 0 -1 0 rect2p.dat
2 24 24 25.944 90 23.696 26.147 91.531
2 24 23.696 26.147 91.531 23.444 26.315 91.907
2 24 23.444 26.315 88.093 23.696 26.147 88.469
2 24 23.696 26.147 88.469 24 25.944 90
2 24 20 27 94 21.531 26.696 93.696
2 24 20 27 86 21.531 26.696 86.304
2 24 21.531 26.696 86.304 22.828 26.438 87.172
2 24 23.444 26.315 91.907 22.828 26.438 92.828
2 24 21.531 26.696 93.696 22.828 26.438 92.828
2 24 22.828 26.438 87.172 23.444 26.315 88.093
2 24 17.172 26.438 92.828 18.469 26.696 93.696
2 24 16.556 26.315 91.907 17.172 26.438 92.828
2 24 17.172 26.438 87.172 16.556 26.315 88.093
2 24 17.172 26.438 87.172 18.469 26.696 86.304
2 24 18.469 26.696 86.304 20 27 86
2 24 18.469 26.696 93.696 20 27 94
2 24 16.304 26.147 91.531 16.556 26.315 91.907
2 24 16 25.944 90 16.304 26.147 91.531
2 24 16.304 26.147 88.469 16 25.944 90
2 24 16.556 26.315 88.093 16.304 26.147 88.469
2 24 4 25.944 90 3.696 26.147 91.531
2 24 3.696 26.147 91.531 3.444 26.315 91.907
2 24 3.444 26.315 88.093 3.696 26.147 88.469
2 24 3.696 26.147 88.469 4 25.944 90
2 24 0 27 94 1.531 26.696 93.696
2 24 0 27 86 1.531 26.696 86.304
2 24 1.531 26.696 86.304 2.828 26.438 87.172
2 24 3.444 26.315 91.907 2.828 26.438 92.828
2 24 1.531 26.696 93.696 2.828 26.438 92.828
2 24 2.828 26.438 87.172 3.444 26.315 88.093
2 24 30 25.944 24 31.531 26.147 23.696
2 24 31.531 26.147 23.696 31.907 26.315 23.444
2 24 28.093 26.315 23.444 28.469 26.147 23.696
2 24 28.469 26.147 23.696 30 25.944 24
2 24 34 27 20 33.696 26.696 21.531
2 24 26 27 20 26.304 26.696 21.531
2 24 26.304 26.696 21.531 27.172 26.438 22.828
2 24 31.907 26.315 23.444 32.828 26.438 22.828
2 24 33.696 26.696 21.531 32.828 26.438 22.828
2 24 27.172 26.438 22.828 28.093 26.315 23.444
2 24 32.828 26.438 17.172 33.696 26.696 18.469
2 24 31.907 26.315 16.556 32.828 26.438 17.172
2 24 27.172 26.438 17.172 28.093 26.315 16.556
2 24 27.172 26.438 17.172 26.304 26.696 18.469
2 24 26.304 26.696 18.469 26 27 20
2 24 33.696 26.696 18.469 34 27 20
2 24 31.531 26.147 16.304 31.907 26.315 16.556
2 24 30 25.944 16 31.531 26.147 16.304
2 24 28.469 26.147 16.304 30 25.944 16
2 24 28.093 26.315 16.556 28.469 26.147 16.304
2 24 30 25.944 4 31.531 26.147 3.696
2 24 31.531 26.147 3.696 31.907 26.315 3.444
2 24 28.093 26.315 3.444 28.469 26.147 3.696
2 24 28.469 26.147 3.696 30 25.944 4
2 24 34 27 0 33.696 26.696 1.531
2 24 26 27 0 26.304 26.696 1.531
2 24 26.304 26.696 1.531 27.172 26.438 2.828
2 24 31.907 26.315 3.444 32.828 26.438 2.828
2 24 33.696 26.696 1.531 32.828 26.438 2.828
2 24 27.172 26.438 2.828 28.093 26.315 3.444

0 // Underside 2x8 plate
0 BFC INVERTNEXT
1 16 15.5 30 75.5 0 0 4.5 2 0 0 0 4.5 0 box2-7.dat
1 16 4.5 30 80 4.5 0 0 0 0 -2 0 1 0 rect2p.dat
1 16 20 30 4.5 0 1 0 0 0 2 4.5 0 0 rect2p.dat
1 16 20 30 20 0 1 0 0 0 -2 -9 0 0 rect2p.dat
1 16 20 30 40 0 1 0 0 0 -2 -9 0 0 rect2p.dat
1 16 20 30 60 0 1 0 0 0 -2 -9 0 0 rect2p.dat
1 16 0 28 60 0 0 8 0 -1 0 8 0 0 2-4ndis.dat
1 16 0 28 20 0 0 8 0 -1 0 8 0 0 2-4ndis.dat
4 16 0 28 0 0 28 12 8 28 12 20 28 0
4 16 20 28 0 8 28 12 8 28 68 20 28 80
4 16 0 28 68 0 28 80 20 28 80 8 28 68
4 16 0 28 28 0 28 52 8 28 52 8 28 28
1 16 20 30 10 0 -4 0 0 0 2 -1 0 0 box4-2p.dat
1 16 20 30 30 0 -4 0 0 0 2 -1 0 0 box4-2p.dat
1 16 20 30 50 0 -4 0 0 0 2 -1 0 0 box4-2p.dat
1 16 20 30 70 0 -4 0 0 0 2 -1 0 0 box4-2p.dat
1 16 10 30 80 1 0 0 0 0 2 0 -4 0 box4-2p.dat
1 16 20 26 90 1 0 0 0 -1.5 0 0 0 1 stud3a.dat
1 16 30 26 20 1 0 0 0 -1.5 0 0 0 1 stud3a.dat

4 16 0 24 80 0 24 66 6 24 66 17.504 24 80
4 16 17.504 24 80 6 24 66 22 24 75 22.3805 24 76.9135
4 16 17.504 24 80 22.3805 24 76.9135 23.4645 24 78.5355 22.496 24 80
4 16 22.496 24 80 23.4645 24 78.5355 25.0865 24 79.6195 22.496 24 82
4 16 22.496 24 82 25.0865 24 79.6195 27 24 80 27 24 82
4 16 2.496 24 82 2.496 24 80 17.504 24 80 17.504 24 82
4 16 22 24 75 6 24 66 6 24 14 20 24 22.496
3 16 22 24 75 20 24 22.496 22 24 22.496
4 16 0 24 14 0 24 0 20 24 0 6 24 14
3 16 6 24 14 20 24 0 20 24 22.496
1 16 21 24 10 1 0 0 0 1 0 0 0 7.504 rect1.dat
2 24 2.2962 24 82 17.504 24 82
2 24 22.496 24 82 27 24 82
2 24 22 24 75 22 24 22.496
1 16 0 0 90 0 0 1 0 1 0 1 0 0 s\30643s02.dat
1 16 30 0 0 1 0 0 0 1 0 0 0 1 s\30643s02.dat
1 16 40 18 80 0 -1 0 1 0 0 0 0 1 connect6.dat

1 16 10 24 70 0 0 1 0 1 0 -1 0 0 s\30643s03.dat
1 16 10 24 50 0 0 1 0 1 0 -1 0 0 s\30643s03.dat
1 16 10 24 30 0 0 1 0 1 0 -1 0 0 s\30643s04.dat
1 16 10 24 10 -1 0 0 0 1 0 0 0 -1 s\30643s05.dat
