0 ~Technic Dome  6 x  6 x  7 Half
0 Name: s\32272s02.dat
0 Author: Magnus Forsberg [MagFors]
0 !LDRAW_ORG Unofficial_Subpart
0 !LICENSE Redistributable under CCAL version 2.0 : see CAreadme.txt

0 BFC CERTIFY CCW

1 16 90 -10 -10 -1 0 0 0 0 -1 0 -1 0 connhol3.dat
1 16 110 -10 -10 -1 0 0 0 0 -1 0 -1 0 connhol3.dat
1 16 30 -110 -10 -1 0 0 0 0 -1 0 -1 0 connhol3.dat
1 16 30 -130 -10 -1 0 0 0 0 -1 0 -1 0 connhol3.dat

0 BFC INVERTNEXT
1 16 110 -74 0 10 0 0 0 0 -10 0 -18 0 4-4cylo.dat
0 BFC INVERTNEXT
1 16 70 -120 0 10 0 0 0 0 -10 0 -18 0 4-4cylo.dat

1 16 90 -10 0 -3.44415 0 8.31492 -8.31492 0 -3.44415 0 -14 0 1-4cylo.dat
1 16 90 -10 0 0 0 9 9 0 0 0 -14 0 3-16cylo.dat
1 16 90 -10 0 0 0 -9 9 0 0 0 -18 0 3-8cylo.dat
1 16 90 -10 -18 6 0 0 0 0 -6 0 1 0 4-4ndis.dat
1 16 90 -10 -18 -6.36396 0 -6.36396 -6.36396 0 6.36396 0 1 0 1-4chrd.dat
1 16 90 -10 -18 -6.36396 0 6.36396 6.36396 0 6.36396 0 1 0 1-8chrd.dat
1 16 110 -10 0 -8.31492 0 3.44415 -3.44415 0 -8.31492 0 -14 0 1-4cylo.dat
1 16 110 -10 0 0 0 -9 9 0 0 0 -14 0 3-16cylo.dat
1 16 110 -10 0 0 0 9 9 0 0 0 -18 0 1-8cylo.dat
1 16 110 -10 -18 6 0 0 0 0 -6 0 1 0 4-4ndis.dat
1 16 110 -10 -18 0 0 9 9 0 0 0 1 0 1-8chrd.dat

1 16 30 -130 0 -3.44415 0 -8.31492 8.31492 0 -3.44415 0 -14 0 1-4cylo.dat
1 16 30 -130 0 9 0 0 0 0 9 0 -14 0 3-16cylo.dat
1 16 30 -130 -18 6 0 0 0 0 6 0 1 0 3-4ndis.dat
1 16 30 -130 -18 1 0 0 0 0 -1 0 1 0 1-4ring6.dat

1 16 30 -110 0 9 0 0 0 0 9 0 -14 0 3-16cylo.dat
1 16 30 -110 0 9 0 0 0 0 -9 0 -14 0 3-16cylo.dat
1 16 30 -110 0 -9 0 0 0 0 -9 0 -14 0 3-16cylo.dat
1 16 30 -110 0 -9 0 0 0 0 9 0 -18 0 5-16cylo.dat
1 16 30 -110 -18 -6 0 0 0 0 -6 0 1 0 4-4ndis.dat
1 16 30 -110 -18 -9 0 0 0 0 9 0 1 0 1-8chrd.dat
1 16 30 -110 -18 -6.36396 0 6.36396 6.36396 0 6.36396 0 1 0 3-16chrd.dat

4 16 103.636 -3.636 -14 106.556 -1.685 -14 93.444 -1.685 -14 96.364 -3.636 -14
4 16 90 -1 -14 93.444 -1.685 -14 106.556 -1.685 -14 110 -1 -14
4 16 101.685 -6.556 -14 103.636 -3.636 -14 96.364 -3.636 -14 98.315 -6.556 -14
4 16 101.199 -9 -14 101.685 -6.556 -14 98.315 -6.556 -14 98.803 -9.007 -14
2 24 98.315 -6.556 -14 98.803 -9.007 -14
2 24 101.199 -9 -14 101.685 -6.556 -14
2 24 21 -110 -14 21 -130 -14
4 16 21 -130 -14 21.685 -126.556 -14 21.685 -113.444 -14 21 -110 -14
4 16 23.636 -123.636 -14 26.556 -121.685 -14 26.556 -118.315 -14 23.636 -116.364 -14
4 16 29 -118.801 -14 26.556 -118.315 -14 26.556 -121.685 -14 29 -121.199 -14
2 24 26.556 -121.685 -14 29 -121.199 -14
4 16 21.685 -126.556 -14 23.636 -123.636 -14 23.636 -116.364 -14 21.685 -113.444 -14
2 24 29 -118.801 -14 26.556 -118.315 -14
3 16 21 -136 -14 23.392 -135.999 -14 21.685 -133.444 -14
2 24 21 -136 -14 23.392 -135.999 -14
2 24 23.392 -135.999 -14 21.685 -133.444 -14
3 16 21 -136 -14 21.685 -133.444 -14 21 -130 -14
2 24 21 -130 -14 21 -136 -14
2 24 21 -110 -18 21 -136 -18
4 16 91.05 -82.98 -14 75.79 -107.3 -14 98.18 -81.5 -14 96.36 -77.15 -14
2 24 98.18 -81.5 -14 96.36 -77.15 -14
3 16 91.05 -82.98 -14 96.36 -77.15 -14 96.09 -72.44 -14
2 24 96.36 -77.15 -14 96.09 -72.44 -14
4 16 96.37 -66.91 -14 91.05 -82.98 -14 96.09 -72.44 -14 97.39 -67.91 -14
2 24 96.37 -66.91 -14 91.05 -82.98 -14
2 24 96.09 -72.44 -14 97.39 -67.91 -14
4 16 96.35 -51.16 -14 96.37 -66.91 -14 97.39 -67.91 -14 100.1 -64.07 -14
2 24 96.35 -51.16 -14 96.37 -66.91 -14
2 24 97.39 -67.91 -14 100.1 -64.07 -14
4 16 96.35 -51.16 -14 100.1 -64.07 -14 106.556 -18.315 -14 91.99 -34.39 -14
4 16 91.99 -34.39 -14 106.556 -18.315 -14 93.444 -18.315 -14 90 -19 -14
4 16 93.444 -18.315 -14 106.556 -18.315 -14 103.636 -16.364 -14 96.364 -16.364 -14
4 16 96.364 -16.364 -14 103.636 -16.364 -14 101.685 -13.444 -14 98.315 -13.444 -14
4 16 65.9 -106.6 -14 70.9 -106 -14 70.15 -104.5 -14 60.26 -106.9 -14
2 24 65.9 -106.6 -14 70.9 -106 -14
2 24 70.15 -104.5 -14 60.26 -106.9 -14
4 16 80.42 -97.45 -14 70.15 -104.5 -14 70.9 -106 -14 75.79 -107.3 -14
2 24 80.42 -97.45 -14 70.15 -104.5 -14
2 24 70.9 -106 -14 75.79 -107.3 -14
3 16 80.42 -97.45 -14 75.79 -107.3 -14 91.05 -82.98 -14
2 24 91.05 -82.98 -14 80.42 -97.45 -14
3 16 86.556 -18.315 -14 85.127 -17.36 -14 91.99 -34.39 -14
2 24 86.556 -18.315 -14 85.127 -17.36 -14
2 24 85.127 -17.36 -14 91.99 -34.39 -14
3 16 86.556 -18.315 -14 91.99 -34.39 -14 90 -19 -14
2 24 91.99 -34.39 -14 96.35 -51.16 -14
3 16 44.61 -105 -14 36.364 -103.636 -14 38.315 -106.556 -14
3 16 44.61 -105 -14 33.444 -101.685 -14 36.364 -103.636 -14
2 24 44.61 -105 -14 33.444 -101.685 -14
4 16 60.26 -106.9 -14 44.61 -105 -14 58.06 -112.7 -14 61.42 -108.9 -14
2 24 60.26 -106.9 -14 44.61 -105 -14
2 24 58.06 -112.7 -14 61.42 -108.9 -14
3 16 60.26 -106.9 -14 61.42 -108.9 -14 65.9 -106.6 -14
2 24 61.42 -108.9 -14 65.9 -106.6 -14
4 16 108.5 -60.08 -14 116 -20 -14 115.952 -16.639 -14 113.444 -18.315 -14
2 24 116 -20 -14 115.952 -16.639 -14
2 24 108.5 -60.08 -14 116 -20 -14
2 24 115.952 -16.639 -14 113.444 -18.315 -14
4 16 104 -61.36 -14 108.5 -60.08 -14 113.444 -18.315 -14 110 -19 -14
2 24 104 -61.36 -14 108.5 -60.08 -14
4 16 100.1 -64.07 -14 104 -61.36 -14 110 -19 -14 106.556 -18.315 -14
2 24 100.1 -64.07 -14 104 -61.36 -14
4 16 101.685 -13.444 -14 101.199 -11 -14 98.803 -10.993 -14 98.315 -13.444 -14
2 24 101.685 -13.444 -14 101.199 -11 -14
2 24 98.803 -10.993 -14 98.315 -13.444 -14
4 16 33.444 -118.315 -14 31 -118.801 -14 31 -121.199 -14 33.444 -121.685 -14
2 24 33.444 -118.315 -14 31 -118.801 -14
2 24 31 -121.199 -14 33.444 -121.685 -14
4 16 36.364 -116.364 -14 33.444 -118.315 -14 33.444 -121.685 -14 36.364 -123.636 -14
4 16 38.315 -126.556 -14 39 -130 -14 56.21 -122.4 -14 38.315 -113.444 -14
4 16 38.315 -113.444 -14 36.364 -116.364 -14 36.364 -123.636 -14 38.315 -126.556 -14
3 16 39 -130 -14 38.763 -131.19 -14 56.21 -122.4 -14
2 24 39 -130 -14 38.763 -131.19 -14
4 16 39 -110 -14 38.315 -113.444 -14 56.21 -122.4 -14 56.25 -117.4 -14
4 16 44.61 -105 -14 39 -110 -14 56.25 -117.4 -14 58.06 -112.7 -14
2 24 56.21 -122.4 -14 56.25 -117.4 -14
3 16 44.61 -105 -14 38.315 -106.556 -14 39 -110 -14
2 24 56.25 -117.4 -14 58.06 -112.7 -14
4 16 85.127 -17.36 -14 83.636 -16.364 0 83.636 -16.364 -18 85.127 -17.36 -18
2 24 85.127 -17.36 -14 85.127 -17.36 -18
2 24 83.636 -16.364 -18 85.127 -17.36 -18
4 16 20 -136 0 23.392 -135.999 0 23.392 -135.999 -14 21 -136 -14
2 24 23.392 -135.999 -14 23.392 -135.999 0
2 24 20 -136 0 23.392 -135.999 0
3 16 20 -136 -20 20 -136 0 21 -136 -14
4 16 96.09 -72.44 0 100 -74 0 100.761 -70.173 0 97.39 -67.91 0
4 16 100.761 -77.827 0 100 -74 0 96.09 -72.44 0 96.36 -77.15 0
4 16 100.8 -84.56 0 102.929 -81.071 0 100.761 -77.827 0 98.18 -81.5 0
4 16 110 -84 0 106.173 -83.239 0 105.2 -87.16 0 110.3 -88 0
2 24 110.3 -88 0 105.2 -87.16 0
2 24 115.3 -86.97 0 110.3 -88 0
4 16 110.3 -88 0 115.3 -86.97 0 113.827 -83.239 0 110 -84 0
4 16 117.071 -81.071 0 113.827 -83.239 0 115.3 -86.97 0 119.6 -84.21 0
2 24 119.6 -84.21 0 115.3 -86.97 0
4 16 119.239 -77.827 0 117.071 -81.071 0 119.6 -84.21 0 122.6 -80.08 0
2 24 122.6 -80.08 0 119.6 -84.21 0
4 16 104 -61.36 0 100.1 -64.07 0 102.929 -66.929 0 106.173 -64.761 0
4 16 100.761 -70.173 0 102.929 -66.929 0 100.1 -64.07 0 97.39 -67.91 0
2 24 97.39 -67.91 0 100.1 -64.07 0
2 24 96.09 -72.44 0 97.39 -67.91 0
4 16 116 -20 0 108.5 -60.08 0 112.5 -60.23 0 120 -20 0
4 16 106.173 -64.761 0 110 -64 0 108.5 -60.08 0 104 -61.36 0
2 24 104 -61.36 0 108.5 -60.08 0
2 24 100.1 -64.07 0 104 -61.36 0
4 16 120 -74 0 119.239 -77.827 0 122.6 -80.08 0 124 -75.15 0
2 24 124 -75.15 0 122.6 -80.08 0
4 16 119.239 -70.173 0 120 -74 0 124 -75.15 0 123.4 -70.06 0
3 16 117.3 -62.07 0 112.5 -60.23 0 113.827 -64.761 0
2 24 121.1 -65.5 0 123.4 -70.06 0
2 24 112.5 -60.23 0 117.3 -62.07 0
2 24 117.3 -62.07 0 121.1 -65.5 0
4 16 123.4 -70.06 0 121.1 -65.5 0 117.071 -66.929 0 119.239 -70.173 0
2 24 123.4 -70.06 0 124 -75.15 0
4 16 108.5 -60.08 0 110 -64 0 113.827 -64.761 0 112.5 -60.23 0
3 16 118.315 -13.444 0 120 -20 0 119 -10 0
3 16 116.364 -16.364 0 115.952 -16.639 0 116 -20 0
4 16 116 -20 0 120 -20 0 118.315 -13.444 0 116.364 -16.364 0
2 24 120 -20 0 112.5 -60.23 0
2 24 119 -10 0 120 -20 0
2 24 119 -10 -20 120 -20 -20
4 16 98.18 -81.5 0 75.79 -107.3 0 79.19 -109.4 0 100.8 -84.56 0
2 24 100.8 -84.56 0 79.19 -109.4 0
2 24 79.19 -109.4 -18 79.19 -109.4 0
4 16 70 -110 0 73.827 -110.761 0 75.79 -107.3 0 70.9 -106 0
2 24 70.9 -106 0 75.79 -107.3 0
4 16 66.173 -110.761 0 70 -110 0 70.9 -106 0 65.9 -106.6 0
2 24 65.9 -106.6 0 70.9 -106 0
4 16 62.929 -112.929 0 66.173 -110.761 0 65.9 -106.6 0 61.42 -108.9 0
2 24 61.42 -108.9 0 65.9 -106.6 0
4 16 60.761 -116.173 0 62.929 -112.929 0 61.42 -108.9 0 58.06 -112.7 0
2 24 58.06 -112.7 0 61.42 -108.9 0
4 16 60 -120 0 60.761 -116.173 0 58.06 -112.7 0 56.25 -117.4 0
2 24 56.25 -117.4 0 58.06 -112.7 0
4 16 60.761 -123.827 0 60 -120 0 56.25 -117.4 0 56.21 -122.4 0
2 24 56.21 -122.4 0 56.25 -117.4 0
3 16 60.761 -123.827 0 56.21 -122.4 0 57.466 -126.29 0
4 16 60.761 -123.827 0 57.466 -126.29 0 60.811 -130.599 0 62.929 -127.071 0
4 16 66.173 -129.239 0 62.929 -127.071 0 60.811 -130.599 0 65.568 -133.305 0
4 16 70 -130 0 66.173 -129.239 0 65.568 -133.305 0 70.999 -133.986 0
4 16 73.827 -129.239 0 70 -130 0 70.999 -133.986 0 76.278 -132.538 0
4 16 77.071 -127.071 0 73.827 -129.239 0 76.278 -132.538 0 80.602 -129.181 0
4 16 79.239 -123.827 0 77.071 -127.071 0 80.602 -129.181 0 83.312 -124.426 0
4 16 80 -120 0 79.239 -123.827 0 83.312 -124.426 0 83.995 -118.998 0
4 16 82.547 -113.724 0 79.239 -116.173 0 80 -120 0 83.995 -118.998 0
2 24 98.18 -81.5 0 96.36 -77.15 0
3 16 100.761 -77.827 0 96.36 -77.15 0 98.18 -81.5 0
4 16 106.173 -83.239 0 102.929 -81.071 0 100.8 -84.56 0 105.2 -87.16 0
2 24 96.36 -77.15 0 96.09 -72.44 0
2 24 105.2 -87.16 0 100.8 -84.56 0
2 24 116 -20 0 115.952 -16.639 0
2 24 108.5 -60.08 0 116 -20 0
4 16 56.21 -122.4 0 38.763 -131.19 0 38.315 -133.444 0 57.466 -126.29 0
2 24 39 -130 0 38.763 -131.19 0
2 24 31 -121.199 0 33.444 -121.685 0
4 16 82.547 -113.724 0 79.19 -109.4 0 77.071 -112.929 0 79.239 -116.173 0
4 16 75.79 -107.3 0 73.827 -110.761 0 77.071 -112.929 0 79.19 -109.4 0
4 16 30 -140 0 30 -139 0 26.556 -138.315 0 20 -140 0
2 24 30 -140 0 20 -140 0
3 16 30 -139 0 30 -140 0 33.444 -138.315 0
2 24 33.444 -138.315 0 30 -140 0
2 24 57.466 -126.29 0 33.444 -138.315 0
3 16 57.466 -126.29 0 38.315 -133.444 0 36.364 -136.364 0
3 16 36.364 -136.364 0 33.444 -138.315 0 57.466 -126.29 0
4 16 31 -121.199 0 31 -118.801 0 30 -119 0 30 -121 0
2 24 26.556 -121.685 0 29 -121.199 0
4 16 20 -140 0 23.636 -136.364 0 23.392 -135.999 0 20 -136 0
3 16 26.556 -138.315 0 23.636 -136.364 0 20 -140 0
2 24 20 -140 0 20 -136 0
2 24 29 -118.801 0 26.556 -118.315 0
4 16 29 -118.801 0 29 -121.199 0 30 -121 0 30 -119 0
2 24 33.444 -118.315 0 31 -118.801 0
2 24 23.392 -135.999 0 21.685 -133.444 0
2 24 115.952 -16.639 0 113.444 -18.315 0
2 24 118.315 -6.556 0 119 -10 0
2 24 116.364 -3.636 0 118.315 -6.556 0
2 24 101.199 -9 0 101.685 -6.556 0
4 16 99 -10 0 101 -10 0 101.199 -9 0 98.803 -9.007 0
2 24 98.315 -6.556 0 98.803 -9.007 0
2 24 86.556 -18.315 0 83.636 -16.364 0
2 24 98.803 -10.993 0 98.315 -13.444 0
4 16 101 -10 0 99 -10 0 98.803 -10.993 0 101.199 -11 0
2 24 101.685 -13.444 0 101.199 -11 0
4 16 121.1 -65.5 0 117.3 -62.07 0 113.827 -64.761 0 117.071 -66.929 0
3 16 110 -16 -18 116 -16 -18 106.173 -64.761 -18
4 16 96.35 -51.16 -18 91.99 -34.39 -18 104 -16 -18 106.173 -64.761 -18
2 24 85.127 -17.36 -18 91.99 -34.39 -18
3 16 96 -16 -18 104 -16 -18 91.99 -34.39 -18
4 16 90 -16 -18 96 -16 -18 91.99 -34.39 -18 85.127 -17.36 -18
4 16 85.127 -17.36 -18 83.636 -16.364 -18 84 -16 -18 90 -16 -18
4 16 84 -16 -18 83.636 -16.364 -18 83.636 -3.636 -18 84 -4 -18
4 16 83.636 -3.636 -18 90 -1 -18 90 -4 -18 84 -4 -18
3 16 96 -4 -18 90 -4 -18 90 -1 -18
4 16 90 -1 -18 110 -1 -18 104 -4 -18 96 -4 -18
3 16 110 -1 -18 110 -4 -18 104 -4 -18
3 16 70 -110 -18 66.173 -110.761 -18 70.15 -104.5 -18
4 16 72.933 -110.583 -18 70 -110 -18 70.15 -104.5 -18 80.42 -97.45 -18
4 16 101.049 -78.258 -18 72.933 -110.583 -18 80.42 -97.45 -18 91.05 -82.98 -18
3 16 77.071 -112.929 -18 76.499 -112.546 -18 79.19 -109.4 -18
4 16 79.19 -109.4 -18 82.547 -113.724 -18 79.239 -116.173 -18 77.071 -112.929 -18
4 16 82.547 -113.724 -18 83.995 -118.998 -18 80 -120 -18 79.239 -116.173 -18
4 16 83.995 -118.998 -18 83.312 -124.426 -18 79.239 -123.827 -18 80 -120 -18
4 16 83.312 -124.426 -18 80.602 -129.181 -18 77.071 -127.071 -18 79.239 -123.827 -18
4 16 80.602 -129.181 -18 76.278 -132.538 -18 73.827 -129.239 -18 77.071 -127.071 -18
4 16 76.278 -132.538 -18 70.999 -133.986 -18 70 -130 -18 73.827 -129.239 -18
4 16 70.999 -133.986 -18 65.568 -133.305 -18 66.173 -129.239 -18 70 -130 -18
4 16 65.568 -133.305 -18 60.811 -130.599 -18 62.929 -127.071 -18 66.173 -129.239 -18
4 16 57.48 -126.3 -18 61.171 -124.441 -18 62.929 -127.071 -18 60.811 -130.599 -18
4 16 60.26 -106.9 -18 70.15 -104.5 -18 66.173 -110.761 -18 62.929 -112.929 -18
2 24 70.15 -104.5 -18 60.26 -106.9 -18
4 16 60.26 -106.9 -18 62.929 -112.929 -18 60.761 -116.173 -18 44.61 -105 -18
4 16 44.61 -105 -18 60.761 -116.173 -18 60 -120 -18 36 -110 -18
3 16 33.444 -101.685 -18 44.61 -105 -18 36 -104 -18
2 24 60.26 -106.9 -18 44.61 -105 -18
2 24 44.61 -105 -18 33.444 -101.685 -18
4 16 23.636 -103.636 -18 33.444 -101.685 -18 30 -104 -18 24 -104 -18
3 16 36 -104 -18 30 -104 -18 33.444 -101.685 -18
3 16 102.929 -66.929 -18 100.761 -70.173 -18 96.37 -66.91 -18
4 16 106.173 -64.761 -18 102.929 -66.929 -18 96.37 -66.91 -18 96.35 -51.16 -18
2 24 121.1 -65.5 -18 117.3 -62.07 -18
2 24 123.4 -70.06 -18 121.1 -65.5 -18
4 16 117.3 -62.07 -18 121.1 -65.5 -18 117.071 -66.929 -18 113.827 -64.761 -18
4 16 121.1 -65.5 -18 123.4 -70.06 -18 119.239 -70.173 -18 117.071 -66.929 -18
4 16 120 -74 -18 119.239 -70.173 -18 123.4 -70.06 -18 124 -75.15 -18
2 24 124 -75.15 -18 123.4 -70.06 -18
3 16 116.364 -3.636 -18 117.984 -6.061 -18 116 -4 -18
4 16 119 -10 -20 118 -10 -20 117.984 -6.061 -20 118.315 -6.556 -20
4 16 116 -10 -18 116 -4 -18 117.984 -6.061 -18 118 -10 -18
4 16 116 -4 -18 110 -4 -18 110 -1 -18 116.364 -3.636 -18
4 16 91.05 -82.98 -18 96.37 -66.91 -18 100.761 -70.173 -18 100 -74 -18
2 24 96.37 -66.91 -18 91.05 -82.98 -18
3 16 91.05 -82.98 -18 100 -74 -18 100.761 -77.827 -18
3 16 100.761 -77.827 -18 101.049 -78.258 -18 91.05 -82.98 -18
2 24 91.05 -82.98 -18 80.42 -97.45 -18
2 24 80.42 -97.45 -18 70.15 -104.5 -18
3 16 36 -116 -18 36 -110 -18 60 -120 -18
4 16 36 -124 -18 36 -116 -18 60 -120 -18 60.091 -120.457 -18
4 16 21 -110 -18 24 -124 -18 24 -130 -18 21 -136 -18
3 16 24 -116 -18 24 -124 -18 21 -110 -18
3 16 21 -110 -18 24 -110 -18 24 -116 -18
4 16 24 -104 -18 24 -110 -18 21 -110 -18 23.636 -103.636 -18
3 16 104 -16 -18 110 -16 -18 106.173 -64.761 -18
4 16 104 -10 -18 104 -16 -18 96 -16 -18 96 -10 -18
4 16 104 -4 -18 104 -10 -18 96 -10 -18 96 -4 -18
4 16 119.239 -77.827 -18 120 -74 -18 124 -75.15 -18 122.6 -80.08 -18
2 24 122.6 -80.08 -18 124 -75.15 -18
4 16 119.239 -77.827 -18 122.6 -80.08 -18 119.6 -84.21 -18 117.071 -81.071 -18
4 16 115.3 -86.97 -18 113.827 -83.239 -18 117.071 -81.071 -18 119.6 -84.21 -18
2 24 119.6 -84.21 -18 122.6 -80.08 -18
4 16 110.3 -88 -18 105.2 -87.16 -18 106.173 -83.239 -18 110 -84 -18
2 24 91.99 -34.39 -18 96.35 -51.16 -18
2 24 96.35 -51.16 -18 96.37 -66.91 -18
3 16 36.467 -132.679 -18 37 -130 -18 60.091 -120.457 -18
3 16 21 -136 -18 24 -130 -18 24 -136 -18
4 16 119 -10 -20 120 -20 -20 116 -20 -20 118 -10 -20
3 16 116 -16 -18 116 -10 -18 118 -10 -18
2 24 119 -10 -20 118.315 -6.556 -20
2 24 117.984 -6.061 -18 116.364 -3.636 -18
2 24 118.315 -6.556 -20 117.984 -6.061 -20
4 16 103.48 -81.452 -18 106.173 -83.239 -18 105.2 -87.16 -18 100.8 -84.56 -18
2 24 105.2 -87.16 -18 110.3 -88 -18
2 24 100.8 -84.56 -18 105.2 -87.16 -18
4 16 113.827 -83.239 -18 115.3 -86.97 -18 110.3 -88 -18 110 -84 -18
2 24 110.3 -88 -18 115.3 -86.97 -18
2 24 115.3 -86.97 -18 119.6 -84.21 -18
4 16 30 -124 -18 30 -116 -18 36 -116 -18 36 -124 -18
4 16 37 -130 -18 36 -130 -18 36 -124 -18 60.091 -120.457 -18
4 16 24 -124 -18 24 -116 -18 30 -116 -18 30 -124 -18
3 16 36 -110 -18 36 -104 -18 44.61 -105 -18
4 16 113.827 -64.761 -18 111.768 -64.354 -18 112.5 -60.23 -18 117.3 -62.07 -18
2 24 117.3 -62.07 -18 112.5 -60.23 -18
3 16 24 -136 -18 30 -136 -18 30 -137 -18
3 16 30 -137 -18 21 -136 -18 24 -136 -18
4 16 118.315 -6.556 0 117.984 -6.061 -18 116.364 -3.636 -18 116.364 -3.636 0
4 16 117.984 -6.061 -20 117.984 -6.061 -18 118.315 -6.556 0 118.315 -6.556 -20
5 24 118.315 -6.556 -20 118.315 -6.556 0 119 -10 -20 117.984 -6.061 -18
4 16 119 -10 -20 118.315 -6.556 -20 118.315 -6.556 0 119 -10 0
4 16 101.685 -6.556 -14 101.199 -9 -14 101.199 -9 0 101.685 -6.556 0
5 24 101.685 -6.556 -14 101.685 -6.556 0 101.199 -9 0 103.636 -3.636 -14
1 16 100.001 -9.0035 -7 0 0 -1.198 0 -1 -0.0035 -7 0 0 rect.dat

4 16 83.995 -118.998 0 83.995 -118.998 -18 82.547 -113.724 -18 82.547 -113.724 0
4 16 83.312 -124.426 0 83.312 -124.426 -18 83.995 -118.998 -18 83.995 -118.998 0
4 16 80.602 -129.181 0 80.602 -129.181 -18 83.312 -124.426 -18 83.312 -124.426 0
4 16 76.278 -132.538 0 76.278 -132.538 -18 80.602 -129.181 -18 80.602 -129.181 0
4 16 70.999 -133.986 0 70.999 -133.986 -18 76.278 -132.538 -18 76.278 -132.538 0
4 16 65.568 -133.305 0 65.568 -133.305 -18 70.999 -133.986 -18 70.999 -133.986 0
4 16 60.811 -130.599 0 60.811 -130.599 -18 65.568 -133.305 -18 65.568 -133.305 0
5 24 83.995 -118.998 -18 83.995 -118.998 0 82.547 -113.724 -18 83.312 -124.426 -18
5 24 83.312 -124.426 -18 83.312 -124.426 0 83.995 -118.998 -18 80.602 -129.181 -18
5 24 80.602 -129.181 -18 80.602 -129.181 0 83.312 -124.426 -18 76.278 -132.538 -18
5 24 76.278 -132.538 -18 76.278 -132.538 0 80.602 -129.181 -18 70.999 -133.986 -18
5 24 70.999 -133.986 -18 70.999 -133.986 0 76.278 -132.538 -18 65.568 -133.305 -18
5 24 65.568 -133.305 -18 65.568 -133.305 0 70.999 -133.986 -18 60.811 -130.599 -18
2 24 82.547 -113.724 0 83.995 -118.998 0
2 24 83.995 -118.998 0 83.312 -124.426 0
2 24 83.312 -124.426 0 80.602 -129.181 0
2 24 80.602 -129.181 0 76.278 -132.538 0
2 24 76.278 -132.538 0 70.999 -133.986 0
2 24 70.999 -133.986 0 65.568 -133.305 0
2 24 65.568 -133.305 0 60.811 -130.599 0
2 24 82.547 -113.724 -18 83.995 -118.998 -18
2 24 83.995 -118.998 -18 83.312 -124.426 -18
2 24 83.312 -124.426 -18 80.602 -129.181 -18
2 24 80.602 -129.181 -18 76.278 -132.538 -18
2 24 76.278 -132.538 -18 70.999 -133.986 -18
2 24 70.999 -133.986 -18 65.568 -133.305 -18
2 24 65.568 -133.305 -18 60.811 -130.599 -18
4 16 57.466 -126.29 0 57.48 -126.3 -18 60.811 -130.599 -18 60.811 -130.599 0
4 16 79.19 -109.4 0 82.547 -113.724 0 82.547 -113.724 -18 79.19 -109.4 -18
2 24 60.811 -130.599 0 57.466 -126.29 0
2 24 60.811 -130.599 -18 57.48 -126.3 -18
2 24 79.19 -109.4 0 82.547 -113.724 0
2 24 79.19 -109.4 -18 82.547 -113.724 -18
5 24 60.811 -130.599 0 60.811 -130.599 -18 57.466 -126.29 0 65.568 -133.305 0
5 24 82.547 -113.724 0 82.547 -113.724 -18 79.19 -109.4 0 83.995 -118.998 0
5 24 33.444 -118.315 -14 33.444 -118.315 0 36.364 -116.364 0 31 -118.801 -14
4 16 31 -118.801 -14 33.444 -118.315 -14 33.444 -118.315 0 31 -118.801 0
5 24 26.556 -118.315 0 26.556 -118.315 -14 23.636 -116.364 -14 29 -118.801 0
4 16 29 -118.801 0 26.556 -118.315 0 26.556 -118.315 -14 29 -118.801 -14
4 16 26.556 -121.685 0 29 -121.199 0 29 -121.199 -14 26.556 -121.685 -14
5 24 26.556 -121.685 0 26.556 -121.685 -14 29 -121.199 -14 23.636 -123.636 0
5 24 21.685 -133.444 0 21.685 -133.444 -14 21 -130 -14 23.392 -135.999 0
4 16 23.392 -135.999 0 21.685 -133.444 0 21.685 -133.444 -14 23.392 -135.999 -14
4 16 115.952 -16.639 -14 116 -20 -14 116 -20 0 115.952 -16.639 0
2 24 115.952 -16.639 -14 115.952 -16.639 0
1 16 86.985 -94.4 -7 0 1 -11.195 0 0 -12.9 -7 0 0 rect.dat
4 16 116 -20 0 116 -20 -14 108.5 -60.08 -14 108.5 -60.08 0
2 24 108.5 -60.08 0 108.5 -60.08 -14
1 16 47.4865 -126.795 -7 -8.7235 0 0 -4.395 -1 0 0 0 7 rect.dat

4 16 70.9 -106 0 75.79 -107.3 0 75.79 -107.3 -14 70.9 -106 -14
5 24 70.9 -106 0 70.9 -106 -14 75.79 -107.3 0 65.9 -106.6 0
4 16 65.9 -106.6 0 70.9 -106 0 70.9 -106 -14 65.9 -106.6 -14
5 24 65.9 -106.6 0 65.9 -106.6 -14 70.9 -106 0 61.42 -108.9 0
4 16 61.42 -108.9 0 65.9 -106.6 0 65.9 -106.6 -14 61.42 -108.9 -14
5 24 61.42 -108.9 0 61.42 -108.9 -14 65.9 -106.6 0 58.06 -112.7 0
4 16 58.06 -112.7 0 61.42 -108.9 0 61.42 -108.9 -14 58.06 -112.7 -14
5 24 58.06 -112.7 0 58.06 -112.7 -14 61.42 -108.9 0 56.25 -117.4 0
4 16 56.25 -117.4 0 58.06 -112.7 0 58.06 -112.7 -14 56.25 -117.4 -14
5 24 56.25 -117.4 0 56.25 -117.4 -14 58.06 -112.7 0 56.21 -122.4 0
4 16 56.21 -122.4 0 56.25 -117.4 0 56.25 -117.4 -14 56.21 -122.4 -14
4 16 39 -130 0 38.763 -131.19 0 38.763 -131.19 -14 39 -130 -14
5 24 33.444 -121.685 0 33.444 -121.685 -14 36.364 -123.636 0 31 -121.199 0
4 16 31 -121.199 0 33.444 -121.685 0 33.444 -121.685 -14 31 -121.199 -14
1 16 31 -120 -7 0 -1 0 -1.199 0 0 0 0 -7 rect.dat

4 16 104 -61.36 0 108.5 -60.08 0 108.5 -60.08 -14 104 -61.36 -14
5 24 104 -61.36 0 104 -61.36 -14 108.5 -60.08 0 100.1 -64.07 0
4 16 100.1 -64.07 0 104 -61.36 0 104 -61.36 -14 100.1 -64.07 -14
5 24 100.1 -64.07 0 100.1 -64.07 -14 104 -61.36 0 97.39 -67.91 0
4 16 97.39 -67.91 0 100.1 -64.07 0 100.1 -64.07 -14 97.39 -67.91 -14
5 24 97.39 -67.91 0 97.39 -67.91 -14 100.1 -64.07 0 96.09 -72.44 0
4 16 96.09 -72.44 0 97.39 -67.91 0 97.39 -67.91 -14 96.09 -72.44 -14
5 24 96.09 -72.44 0 96.09 -72.44 -14 97.39 -67.91 0 96.36 -77.15 0
4 16 96.36 -77.15 0 96.09 -72.44 0 96.09 -72.44 -14 96.36 -77.15 -14
5 24 96.36 -77.15 0 96.36 -77.15 -14 96.09 -72.44 0 98.18 -81.5 0
4 16 98.18 -81.5 0 96.36 -77.15 0 96.36 -77.15 -14 98.18 -81.5 -14
4 16 101.685 -13.444 0 101.199 -11 0 101.199 -11 -14 101.685 -13.444 -14
5 24 101.685 -13.444 0 101.685 -13.444 -14 101.199 -11 -14 103.636 -16.364 0
5 24 113.444 -18.315 0 113.444 -18.315 -14 110 -19 -14 115.952 -16.639 0
4 16 115.952 -16.639 0 113.444 -18.315 0 113.444 -18.315 -14 115.952 -16.639 -14
1 16 100.001 -10.9965 -7 0 0 1.198 0 1 -0.0035 -7 0 0 rect.dat

2 24 100.8 -84.56 0 100.8 -84.56 -18
2 24 112.5 -60.23 -18 112.5 -60.23 0
5 24 120 -20 0 120 -20 -20 112.5 -60.23 0 119 -10 0
2 24 30 -140 0 30 -140 -20
2 24 57.466 -126.29 0 57.48 -126.3 -18
4 16 120 -20 -20 119 -10 -20 119 -10 0 120 -20 0
1 16 29 -120 -7 0 1 0 -1.199 0 0 0 0 7 rect.dat
5 24 116.6 -20 -45.88 117.748 -20 -40 116.6 0 -45.88 108.685 -64.17 -43.759
5 24 112.4 -20 -58.27 116.6 -20 -45.88 112.4 0 -58.27 104.709 -64.17 -55.14
5 24 106.6 -20 -70 112.4 -20 -58.27 106.6 0 -70 99.509 -64.17 -65.905
5 24 90.71 -20 -90.71 99.34 -20 -80.88 90.71 0 -90.71 84.93 -64.17 -84.93
5 24 116 -20 -20 116 -20 -18 118 -10 -20 107.7 -64.26 -20
5 24 112.726 -20 -44.845 113.68 -20 -40 112.7 0 -44.85 104.709 -64.26 -42.697
5 24 108.697 -20 -56.74 112.726 -20 -44.845 108.7 0 -56.74 101.026 -64.26 -53.563
5 24 103.118 -20 -68 108.697 -20 -56.74 103.1 0 -68 95.948 -64.26 -63.85
5 24 96.163 -20 -78.442 103.118 -20 -68 96.16 0 -78.44 89.581 -64.26 -73.392
5 24 87.881 -20 -87.881 96.163 -20 -78.442 87.88 0 -87.88 82.013 -64.26 -82.013

4 16 105.2 -87.16 0 100.8 -84.56 0 100.8 -84.56 -18 105.2 -87.16 -18
5 24 105.2 -87.16 0 105.2 -87.16 -18 100.8 -84.56 0 110.3 -88 0
4 16 110.3 -88 0 105.2 -87.16 0 105.2 -87.16 -18 110.3 -88 -18
5 24 110.3 -88 0 110.3 -88 -18 105.2 -87.16 0 115.3 -86.97 0
4 16 115.3 -86.97 0 110.3 -88 0 110.3 -88 -18 115.3 -86.97 -18
5 24 115.3 -86.97 0 115.3 -86.97 -18 110.3 -88 0 119.6 -84.21 0
4 16 119.6 -84.21 0 115.3 -86.97 0 115.3 -86.97 -18 119.6 -84.21 -18
5 24 119.6 -84.21 0 119.6 -84.21 -18 115.3 -86.97 0 122.6 -80.08 0
4 16 122.6 -80.08 0 119.6 -84.21 0 119.6 -84.21 -18 122.6 -80.08 -18
5 24 122.6 -80.08 0 122.6 -80.08 -18 119.6 -84.21 0 124 -75.15 0
4 16 124 -75.15 0 122.6 -80.08 0 122.6 -80.08 -18 124 -75.15 -18
5 24 124 -75.15 0 124 -75.15 -18 122.6 -80.08 0 123.4 -70.06 0
4 16 123.4 -70.06 0 124 -75.15 0 124 -75.15 -18 123.4 -70.06 -18
5 24 123.4 -70.06 0 123.4 -70.06 -18 124 -75.15 0 121.1 -65.5 0
4 16 121.1 -65.5 0 123.4 -70.06 0 123.4 -70.06 -18 121.1 -65.5 -18
5 24 121.1 -65.5 0 121.1 -65.5 -18 123.4 -70.06 0 117.3 -62.07 0
4 16 117.3 -62.07 0 121.1 -65.5 0 121.1 -65.5 -18 117.3 -62.07 -18
5 24 117.3 -62.07 0 117.3 -62.07 -18 121.1 -65.5 0 112.5 -60.23 0
4 16 112.5 -60.23 0 117.3 -62.07 0 117.3 -62.07 -18 112.5 -60.23 -18
4 16 98.315 -6.556 0 98.803 -9.007 0 98.803 -9.007 -14 98.315 -6.556 -14
5 24 98.315 -6.556 0 98.315 -6.556 -14 98.803 -9.007 -14 96.364 -3.636 0
4 16 86.556 -18.315 -14 86.556 -18.315 0 83.636 -16.364 0 85.127 -17.36 -14
5 24 86.556 -18.315 -14 86.556 -18.315 0 90 -19 0 85.127 -17.36 -14
5 24 98.315 -13.444 -14 98.315 -13.444 0 96.364 -16.364 -14 98.803 -10.993 0
4 16 98.803 -10.993 0 98.315 -13.444 0 98.315 -13.444 -14 98.803 -10.993 -14
4 16 91.99 -34.39 -14 85.127 -17.36 -14 85.127 -17.36 -18 91.99 -34.39 -18
4 16 96.35 -51.16 -14 91.99 -34.39 -14 91.99 -34.39 -18 96.35 -51.16 -18
4 16 96.37 -66.91 -14 96.35 -51.16 -14 96.35 -51.16 -18 96.37 -66.91 -18
4 16 91.05 -82.98 -14 96.37 -66.91 -14 96.37 -66.91 -18 91.05 -82.98 -18
4 16 80.42 -97.45 -14 91.05 -82.98 -14 91.05 -82.98 -18 80.42 -97.45 -18
4 16 44.61 -105 -18 33.444 -101.685 -18 33.444 -101.685 -14 44.61 -105 -14
4 16 60.26 -106.9 -18 44.61 -105 -18 44.61 -105 -14 60.26 -106.9 -14
4 16 70.15 -104.5 -18 60.26 -106.9 -18 60.26 -106.9 -14 70.15 -104.5 -14
4 16 80.42 -97.45 -18 70.15 -104.5 -18 70.15 -104.5 -14 80.42 -97.45 -14
1 16 100 -1 -16 10 0 0 0 -1 0 0 0 -2 rect2p.dat
2 24 79.19 -109.4 -18 76.499 -112.546 -18
2 24 57.48 -126.3 -18 61.171 -124.441 -18
2 24 103.48 -81.452 -18 100.8 -84.56 -18
2 24 111.768 -64.354 -18 112.5 -60.23 -18
2 24 76.499 -112.546 -18 76.56 -112.5 -20
2 24 72.933 -110.583 -18 73 -110.5 -20
2 24 103.48 -81.452 -18 103.4 -81.55 -20
2 24 101.049 -78.258 -18 101 -78.29 -20
2 24 36.467 -132.679 -18 60.091 -120.457 -18
2 24 72.933 -110.583 -18 101.049 -78.258 -18
2 24 107.666 -64.464 -18 116 -20 -18
3 16 116 -16 -18 118 -10 -18 116 -20 -18
2 24 111.768 -64.354 -18 113.827 -64.761 -18
4 16 116 -16 -18 116 -20 -18 107.666 -64.464 -18 106.173 -64.761 -18
4 16 107.666 -64.464 -18 116 -20 -18 116 -20 -20 107.7 -64.26 -20
3 16 107.666 -64.464 -18 107.7 -64.26 -20 110 -64 -18
3 16 110 -64 -18 107.7 -64.26 -20 111.8 -64.17 -20
3 16 110 -64 -18 111.8 -64.17 -20 111.768 -64.354 -18
3 16 112.5 -60.23 -18 111.768 -64.354 -18 111.8 -64.17 -20
2 24 111.768 -64.354 -18 111.8 -64.17 -20
2 24 107.666 -64.464 -18 107.7 -64.26 -20

3 16 103.4 -81.55 -20 103.48 -81.452 -18 100.8 -84.56 -18
3 16 103.48 -81.452 -18 103.4 -81.55 -20 102.929 -81.071 -18
3 16 102.929 -81.071 -18 103.4 -81.55 -20 101 -78.29 -20
3 16 102.929 -81.071 -18 101 -78.29 -20 101.049 -78.258 -18
4 16 72.933 -110.583 -18 101.049 -78.258 -18 101 -78.29 -20 73 -110.5 -20
3 16 79.19 -109.4 -18 76.499 -112.546 -18 76.56 -112.5 -20
3 16 76.56 -112.5 -20 76.499 -112.546 -18 73.827 -110.761 -18
3 16 76.56 -112.5 -20 73.827 -110.761 -18 73 -110.5 -20
3 16 73 -110.5 -20 73.827 -110.761 -18 72.933 -110.583 -18

2 24 61.171 -124.441 -18 61.06 -124.5 -20
2 24 60.091 -120.457 -18 60.005 -120.5 -20
4 16 36.467 -132.679 -18 60.091 -120.457 -18 60.005 -120.5 -20 36.467 -132.679 -20
3 16 61.06 -124.5 -20 61.171 -124.441 -18 57.48 -126.3 -18
3 16 61.171 -124.441 -18 61.06 -124.5 -20 60.761 -123.827 -18
3 16 60.761 -123.827 -18 61.06 -124.5 -20 60.005 -120.5 -20
3 16 60.761 -123.827 -18 60.005 -120.5 -20 60.091 -120.457 -18
0 BFC INVERTNEXT
1 16 30 -130 -18 0 0 7 -7 0 0 0 -2 0 3-16cylo.dat
1 16 25.5 -136.5 -19 0 0 -4.5 0 -1 0.5 -1 0 0 rect3.dat
2 24 36.467 -132.679 -18 36.467 -132.679 -20
2 24 36.467 -132.679 -20 30 -136 -20
2 24 30 -136 -20 21 -136 -20
4 16 32.679 -136.467 -20 30 -136 -20 21 -136 -20 30 -137 -20
4 16 36.467 -132.679 -20 30 -136 -20 32.679 -136.467 -20 34.95 -134.95 -20
4 16 116 -20 -20 116 -20 -18 118 -10 -18 118 -10 -20
4 16 117.984 -6.061 -18 117.984 -6.061 -20 118 -10 -20 118 -10 -18
2 24 116 -20 -20 118 -10 -20
2 24 118 -10 -20 117.984 -6.061 -20
2 24 117.984 -6.061 -18 117.984 -6.061 -20
2 24 117.984 -6.061 -18 118 -10 -18
2 24 118 -10 -18 116 -20 -18
4 16 21 -136 -20 21 -110 -20 21 -110 -18 21 -136 -18
2 24 21 -110 -20 21 -110 -14

0 // Dome Top Sweep, new shape
2 24 29.24 -140 -23.83 27.07 -140 -27.07
2 24 30 -140 -20 29.24 -140 -23.83
3 16 30 -136 -20 60.005 -120.5 -20 59.656 -120.5 -25.22
4 16 58.636 -120.5 -30.352 29.239 -136 -23.827 30 -136 -20 59.656 -120.5 -25.22
3 16 29.239 -136 -23.827 58.636 -120.5 -30.352 56.956 -120.5 -35.308
3 16 29.239 -136 -23.827 56.956 -120.5 -35.308 54.64 -120.5 -40
4 16 51.736 -120.5 -44.352 27.071 -136 -27.071 29.239 -136 -23.827 54.64 -120.5 -40
3 16 27.071 -136 -27.071 51.736 -120.5 -44.352 48.284 -120.5 -48.284
5 24 60.005 -120.5 -20 30 -136 -20 60.091 -120.457 -18 59.656 -120.5 -25.22
5 24 59.656 -120.5 -25.22 30 -136 -20 60.005 -120.5 -20 58.636 -120.5 -30.352
5 24 58.636 -120.5 -30.352 29.239 -136 -23.827 59.656 -120.5 -25.22 56.956 -120.5 -35.308
5 24 56.956 -120.5 -35.308 29.239 -136 -23.827 58.636 -120.5 -30.352 54.64 -120.5 -40
5 24 54.64 -120.5 -40 29.239 -136 -23.827 56.956 -120.5 -35.308 51.736 -120.5 -44.352
5 24 51.736 -120.5 -44.352 27.071 -136 -27.071 54.64 -120.5 -40 48.284 -120.5 -48.284
2 24 48.284 -120.5 -48.284 51.736 -120.5 -44.352
2 24 51.736 -120.5 -44.352 54.64 -120.5 -40
2 24 54.64 -120.5 -40 56.956 -120.5 -35.308
2 24 56.956 -120.5 -35.308 58.636 -120.5 -30.352
2 24 58.636 -120.5 -30.352 59.656 -120.5 -25.22
2 24 59.656 -120.5 -25.22 60.005 -120.5 -20
2 24 49.034 -124.5 -49.034 52.577 -124.5 -44.997
2 24 52.577 -124.5 -44.997 55.558 -124.5 -40.53
2 24 55.558 -124.5 -40.53 57.935 -124.5 -35.714
2 24 57.935 -124.5 -35.714 59.66 -124.5 -30.626
2 24 59.66 -124.5 -30.626 60.707 -124.5 -25.358
2 24 60.707 -124.5 -25.358 61.06 -124.5 -20
4 16 59.656 -120.5 -25.22 60.005 -120.5 -20 61.06 -124.5 -20 60.707 -124.5 -25.358
4 16 59.656 -120.5 -25.22 60.707 -124.5 -25.358 59.66 -124.5 -30.626 58.636 -120.5 -30.352
4 16 58.636 -120.5 -30.352 59.66 -124.5 -30.626 57.935 -124.5 -35.714 56.956 -120.5 -35.308
4 16 54.64 -120.5 -40 56.956 -120.5 -35.308 57.935 -124.5 -35.714 55.558 -124.5 -40.53
4 16 51.736 -120.5 -44.352 54.64 -120.5 -40 55.558 -124.5 -40.53 52.577 -124.5 -44.997
4 16 51.736 -120.5 -44.352 52.577 -124.5 -44.997 49.034 -124.5 -49.034 48.284 -120.5 -48.284
5 24 60.005 -120.5 -20 61.06 -124.5 -20 60.091 -120.457 -18 59.656 -120.5 -25.22
5 24 59.656 -120.5 -25.22 60.707 -124.5 -25.358 60.005 -120.5 -20 58.636 -120.5 -30.352
5 24 58.636 -120.5 -30.352 59.66 -124.5 -30.626 59.656 -120.5 -25.22 56.956 -120.5 -35.308
5 24 56.956 -120.5 -35.308 57.935 -124.5 -35.714 58.636 -120.5 -30.352 54.64 -120.5 -40
5 24 54.64 -120.5 -40 55.558 -124.5 -40.53 56.956 -120.5 -35.308 51.736 -120.5 -44.352
5 24 51.736 -120.5 -44.352 52.577 -124.5 -44.997 54.64 -120.5 -40 48.284 -120.5 -48.284
5 24 61.06 -124.5 -20 30 -140 -20 57.48 -126.3 -18 60.707 -124.5 -25.358
5 24 60.707 -124.5 -25.358 30 -140 -20 61.06 -124.5 -20 59.66 -124.5 -30.626
5 24 59.66 -124.5 -30.626 29.24 -140 -23.83 60.707 -124.5 -25.358 57.935 -124.5 -35.714
5 24 57.935 -124.5 -35.714 29.24 -140 -23.83 59.66 -124.5 -30.626 55.558 -124.5 -40.53
5 24 55.558 -124.5 -40.53 29.24 -140 -23.83 57.935 -124.5 -35.714 52.577 -124.5 -44.997
5 24 52.577 -124.5 -44.997 27.07 -140 -27.07 55.558 -124.5 -40.53 49.034 -124.5 -49.034

0 // Dome Middle Sweep
2 24 97.053 -81.55 -51.917 100.556 -81.55 -41.584
2 24 74.63 -112.5 -34.64 72.26 -112.5 -41.65
2 24 100.556 -81.55 -41.584 102.683 -81.55 -30.89
2 24 76.08 -112.5 -27.38 74.63 -112.5 -34.64
2 24 102.683 -81.55 -30.89 103.4 -81.55 -20
2 24 76.56 -112.5 -20 76.08 -112.5 -27.38
2 24 86.17 -81.55 -70.774 92.224 -81.55 -61.7
2 24 68.98 -112.5 -48.28 64.879 -112.5 -54.437
2 24 92.224 -81.55 -61.7 97.053 -81.55 -51.917
2 24 72.26 -112.5 -41.65 68.98 -112.5 -48.28
2 24 78.972 -81.55 -78.972 86.17 -81.55 -70.774
2 24 64.879 -112.5 -54.437 60 -112.5 -60
4 16 86.17 -81.55 -70.774 78.972 -81.55 -78.972 77.275 -78.29 -77.275 84.265 -78.29 -69.313
2 24 77.275 -78.29 -77.275 84.265 -78.29 -69.313
4 16 94.836 -78.29 -50.999 97.053 -81.55 -51.917 92.224 -81.55 -61.7 90.146 -78.29 -60.5
2 24 90.146 -78.29 -60.5 94.836 -78.29 -50.999
4 16 90.146 -78.29 -60.5 92.224 -81.55 -61.7 86.17 -81.55 -70.774 84.265 -78.29 -69.313
2 24 84.265 -78.29 -69.313 90.146 -78.29 -60.5
4 16 102.683 -81.55 -30.89 100.556 -81.55 -41.584 98.238 -78.29 -40.963 100.303 -78.29 -30.57
2 24 98.238 -78.29 -40.963 100.303 -78.29 -30.57
4 16 98.238 -78.29 -40.963 100.556 -81.55 -41.584 97.053 -81.55 -51.917 94.836 -78.29 -50.999
2 24 94.836 -78.29 -50.999 98.238 -78.29 -40.963
4 16 102.683 -81.55 -30.89 100.303 -78.29 -30.57 101 -78.29 -20 103.4 -81.55 -20
2 24 100.303 -78.29 -30.57 101 -78.29 -20
4 16 68.967 -110.5 -40.283 71.193 -110.5 -33.716 98.238 -78.29 -40.963 94.836 -78.29 -50.999
2 24 68.967 -110.5 -40.283 71.193 -110.5 -33.716
4 16 98.238 -78.29 -40.963 71.193 -110.5 -33.716 72.544 -110.5 -26.917 100.303 -78.29 -30.57
2 24 71.193 -110.5 -33.716 72.544 -110.5 -26.917
4 16 100.303 -78.29 -30.57 72.544 -110.5 -26.917 73 -110.5 -20 101 -78.29 -20
2 24 72.544 -110.5 -26.917 73 -110.5 -20
4 16 90.146 -78.29 -60.5 65.898 -110.5 -46.5 68.967 -110.5 -40.283 94.836 -78.29 -50.999
2 24 65.898 -110.5 -46.5 68.967 -110.5 -40.283
4 16 77.275 -78.29 -77.275 57.476 -110.5 -57.476 62.05 -110.5 -52.266 84.265 -78.29 -69.313
2 24 57.476 -110.5 -57.476 62.05 -110.5 -52.266
4 16 84.265 -78.29 -69.313 62.05 -110.5 -52.266 65.898 -110.5 -46.5 90.146 -78.29 -60.5
2 24 62.05 -110.5 -52.266 65.898 -110.5 -46.5
4 16 62.05 -110.5 -52.266 57.476 -110.5 -57.476 60 -112.5 -60 64.879 -112.5 -54.437
4 16 76.08 -112.5 -27.38 72.544 -110.5 -26.917 71.193 -110.5 -33.716 74.63 -112.5 -34.64
4 16 74.63 -112.5 -34.64 71.193 -110.5 -33.716 68.967 -110.5 -40.283 72.26 -112.5 -41.65
4 16 72.26 -112.5 -41.65 68.967 -110.5 -40.283 65.898 -110.5 -46.5 68.98 -112.5 -48.28
4 16 68.98 -112.5 -48.28 65.898 -110.5 -46.5 62.05 -110.5 -52.266 64.879 -112.5 -54.437
4 16 76.08 -112.5 -27.38 76.56 -112.5 -20 73 -110.5 -20 72.544 -110.5 -26.917
0 // Dome Bottom Sweep
4 16 115.2 -20 -32.53 119.1 -20 -33.05 117.748 -20 -40 113.68 -20 -40
4 16 119.1 -20 -33.05 115.2 -20 -32.53 116 -20 -20 120 -20 -20
2 24 116 -20 -20 120 -20 -20
5 24 120 -20 -20 111.8 -64.17 -20 120 -20 0 119.1 -20 -33.05
2 24 111.8 -64.17 -20 111.011 -64.17 -31.98
2 24 111.011 -64.17 -31.98 108.685 -64.17 -43.759
2 24 108.685 -64.17 -43.759 104.709 -64.17 -55.14
2 24 99.509 -64.17 -65.905 92.85 -64.17 -75.9
2 24 104.709 -64.17 -55.14 99.509 -64.17 -65.905
2 24 92.85 -64.17 -75.9 84.93 -64.17 -84.93
3 16 113.68 -20 -40 112.726 -20 -44.845 104.709 -64.26 -42.697
4 16 104.709 -64.26 -42.697 106.946 -64.26 -31.445 115.2 -20 -32.53 113.68 -20 -40
2 24 104.709 -64.26 -42.697 106.946 -64.26 -31.445
4 16 115.2 -20 -32.53 106.946 -64.26 -31.445 107.7 -64.26 -20 116 -20 -20
2 24 106.946 -64.26 -31.445 107.7 -64.26 -20
4 16 89.581 -64.26 -73.392 95.948 -64.26 -63.85 103.118 -20 -68 96.163 -20 -78.442
2 24 89.581 -64.26 -73.392 95.948 -64.26 -63.85
4 16 103.118 -20 -68 95.948 -64.26 -63.85 101.026 -64.26 -53.563 108.697 -20 -56.74
2 24 95.948 -64.26 -63.85 101.026 -64.26 -53.563
4 16 108.697 -20 -56.74 101.026 -64.26 -53.563 104.709 -64.26 -42.697 112.726 -20 -44.845
2 24 101.026 -64.26 -53.563 104.709 -64.26 -42.697
4 16 87.881 -20 -87.881 82.013 -64.26 -82.013 89.581 -64.26 -73.392 96.163 -20 -78.442
2 24 82.013 -64.26 -82.013 89.581 -64.26 -73.392
4 16 111.8 -64.17 -20 107.7 -64.26 -20 106.946 -64.26 -31.445 111.011 -64.17 -31.98
4 16 111.011 -64.17 -31.98 106.946 -64.26 -31.445 104.709 -64.26 -42.697 108.685 -64.17 -43.759
4 16 108.685 -64.17 -43.759 104.709 -64.26 -42.697 101.026 -64.26 -53.563 104.709 -64.17 -55.14
4 16 95.948 -64.26 -63.85 99.509 -64.17 -65.905 104.709 -64.17 -55.14 101.026 -64.26 -53.563
4 16 84.93 -64.17 -84.93 92.85 -64.17 -75.9 89.581 -64.26 -73.392 82.013 -64.26 -82.013
4 16 89.581 -64.26 -73.392 92.85 -64.17 -75.9 99.509 -64.17 -65.905 95.948 -64.26 -63.85
0 // Dome Base Sweep
2 24 113.68 -20 -40 115.2 -20 -32.53
2 24 120 -20 -20 119.1 -20 -33.05
2 24 115.2 -20 -32.53 116 -20 -20
2 24 119.1 -20 -33.05 117.748 -20 -40
4 16 96.16 0 -78.44 99.34 0 -80.88 90.71 0 -90.71 87.88 0 -87.88
2 24 90.71 0 -90.71 99.34 0 -80.88
2 24 96.16 0 -78.44 87.88 0 -87.88
2 24 99.34 0 -80.88 106.6 0 -70
4 16 99.34 0 -80.88 96.16 0 -78.44 103.1 0 -68 106.6 0 -70
2 24 103.1 0 -68 96.16 0 -78.44
2 24 106.6 0 -70 112.4 0 -58.27
4 16 106.6 0 -70 103.1 0 -68 108.7 0 -56.74 112.4 0 -58.27
4 16 112.7 0 -44.85 116.6 0 -45.88 112.4 0 -58.27 108.7 0 -56.74
2 24 108.7 0 -56.74 103.1 0 -68
2 24 112.4 0 -58.27 116.6 0 -45.88
2 24 112.7 0 -44.85 108.7 0 -56.74
2 24 116.6 0 -45.88 117.748 0 -40
4 16 116.6 0 -45.88 112.7 0 -44.85 113.68 0 -40 117.748 0 -40
2 24 113.68 0 -40 112.7 0 -44.85
4 16 96.163 -20 -78.442 96.16 0 -78.44 87.88 0 -87.88 87.881 -20 -87.881
4 16 113.68 -20 -40 113.68 0 -40 112.7 0 -44.85 112.726 -20 -44.845
4 16 112.726 -20 -44.845 112.7 0 -44.85 108.7 0 -56.74 108.697 -20 -56.74
4 16 108.697 -20 -56.74 108.7 0 -56.74 103.1 0 -68 103.118 -20 -68
4 16 103.118 -20 -68 103.1 0 -68 96.16 0 -78.44 96.163 -20 -78.442
4 16 117.748 -20 -40 116.6 -20 -45.88 116.6 0 -45.88 117.748 0 -40
4 16 116.6 0 -45.88 116.6 -20 -45.88 112.4 -20 -58.27 112.4 0 -58.27
4 16 112.4 0 -58.27 112.4 -20 -58.27 106.6 -20 -70 106.6 0 -70
4 16 106.6 0 -70 106.6 -20 -70 99.34 -20 -80.88 99.34 0 -80.88
4 16 99.34 0 -80.88 99.34 -20 -80.88 90.71 -20 -90.71 90.71 0 -90.71
1 16 115.714 -10 -40 -2.03385 0 0 0 0 10 0 -1 0 rect.dat
5 24 106.6 -20 -70 99.34 -20 -80.88 106.6 0 -70 99.509 -64.17 -65.905
5 24 21 -136 -20 21 -110 -20 20 -136 -21 21 -136 -18

5 24 112.726 -20 -44.845 104.709 -64.26 -42.697 108.697 -20 -56.74 113.68 -20 -40
5 24 107.7 -64.26 -20 110 -64 -18 107.666 -64.464 -18 111.8 -64.17 -20
5 24 91.05 -82.98 -14 91.05 -82.98 -18 96.37 -66.91 -14 80.42 -97.45 -18
5 24 102.929 -81.071 -18 101 -78.29 -20 103.4 -81.55 -20 101.049 -78.258 -18
5 24 116 -20 -14 116 -20 0 108.5 -60.08 -14 115.952 -16.639 0
5 24 61.06 -124.5 -20 60.761 -123.827 -18 60.005 -120.5 -20 61.171 -124.441 -18
5 24 73 -110.5 -20 73.827 -110.761 -18 72.933 -110.583 -18 76.56 -112.5 -20
5 24 91.99 -34.39 -18 91.99 -34.39 -14 85.127 -17.36 -14 96.35 -51.16 -18
5 24 110 -64 -18 111.8 -64.17 -20 107.7 -64.26 -20 111.768 -64.354 -18
5 24 70.15 -104.5 -14 70.15 -104.5 -18 60.26 -106.9 -18 80.42 -97.45 -14
5 24 119 -10 0 119 -10 -20 120 -20 0 118.315 -6.556 -20
5 24 102.929 -81.071 -18 103.4 -81.55 -20 103.48 -81.452 -18 101 -78.29 -20
5 24 80.42 -97.45 -14 80.42 -97.45 -18 91.05 -82.98 -14 70.15 -104.5 -18
5 24 103.4 -81.55 -20 101 -78.29 -20 102.683 -81.55 -30.89 102.929 -81.071 -18
5 24 118 -10 -18 118 -10 -20 116 -20 -20 117.984 -6.061 -18
5 24 60.761 -123.827 -18 60.005 -120.5 -20 61.06 -124.5 -20 60.091 -120.457 -18
5 24 73 -110.5 -20 76.56 -112.5 -20 72.544 -110.5 -26.917 73.827 -110.761 -18
5 24 96.35 -51.16 -18 96.35 -51.16 -14 91.99 -34.39 -14 96.37 -66.91 -18
5 24 44.61 -105 -14 44.61 -105 -18 60.26 -106.9 -14 33.444 -101.685 -18
5 24 73.827 -110.761 -18 76.56 -112.5 -20 76.499 -112.546 -18 73 -110.5 -20
5 24 107.7 -64.26 -20 111.8 -64.17 -20 110 -64 -18 106.946 -64.26 -31.445
5 24 60.26 -106.9 -14 60.26 -106.9 -18 44.61 -105 -18 70.15 -104.5 -14
5 24 96.37 -66.91 -18 96.37 -66.91 -14 91.05 -82.98 -18 96.35 -51.16 -14
5 24 39 -130 0 39 -130 -14 38.315 -126.556 0 38.763 -131.19 0
5 24 116.364 -3.636 0 116.364 -3.636 -18 118.315 -6.556 0 113.444 -1.685 0
5 24 83.636 -16.364 0 83.636 -16.364 -18 86.556 -18.315 0 81.685 -13.444 0

0 // next
5 24 76.08 -112.5 -27.38 72.544 -110.5 -26.917 76.56 -112.5 -20 74.63 -112.5 -34.64
5 24 74.63 -112.5 -34.64 71.193 -110.5 -33.716 76.08 -112.5 -27.38 72.26 -112.5 -41.65
5 24 72.26 -112.5 -41.65 68.967 -110.5 -40.283 74.63 -112.5 -34.64 68.98 -112.5 -48.28
5 24 68.98 -112.5 -48.28 65.898 -110.5 -46.5 72.26 -112.5 -41.65 64.879 -112.5 -54.437
5 24 64.879 -112.5 -54.437 62.05 -110.5 -52.266 68.98 -112.5 -48.28 60 -112.5 -60

5 24 101 -78.29 -20 73 -110.5 -20 101.049 -78.258 -18 100.303 -78.29 -30.57
5 24 100.303 -78.29 -30.57 72.544 -110.5 -26.917 98.238 -78.29 -40.963 101 -78.29 -20
5 24 98.238 -78.29 -40.963 71.193 -110.5 -33.716 94.836 -78.29 -50.999 100.303 -78.29 -30.57
5 24 94.836 -78.29 -50.999 68.967 -110.5 -40.283 90.146 -78.29 -60.5 98.238 -78.29 -40.963
5 24 90.146 -78.29 -60.5 65.898 -110.5 -46.5 84.265 -78.29 -69.313 94.836 -78.29 -50.999
5 24 84.265 -78.29 -69.313 62.05 -110.5 -52.266 77.275 -78.29 -77.275 90.146 -78.29 -60.5
5 24 86.17 -81.55 -70.774 84.265 -78.29 -69.313 78.972 -81.55 -78.972 92.224 -81.55 -61.7
5 24 92.224 -81.55 -61.7 90.146 -78.29 -60.5 86.17 -81.55 -70.774 97.053 -81.55 -51.917
5 24 97.053 -81.55 -51.917 94.836 -78.29 -50.999 92.224 -81.55 -61.7 100.556 -81.55 -41.584
5 24 100.556 -81.55 -41.584 98.238 -78.29 -40.963 97.053 -81.55 -51.917 102.683 -81.55 -30.89
5 24 102.683 -81.55 -30.89 100.303 -78.29 -30.57 100.556 -81.55 -41.584 103.4 -81.55 -20

5 24 116 -20 -20 107.7 -64.26 -20 116 -20 -18 115.2 -20 -32.53
5 24 115.2 -20 -32.53 106.946 -64.26 -31.445 113.68 -20 -40 116 -20 -20
5 24 104.709 -64.26 -42.697 113.68 -20 -40 112.726 -20 -44.845 106.946 -64.26 -31.445
5 24 108.697 -20 -56.74 101.026 -64.26 -53.563 112.726 -20 -44.845 103.118 -20 -68
5 24 103.118 -20 -68 95.948 -64.26 -63.85 108.697 -20 -56.74 96.163 -20 -78.442
5 24 96.163 -20 -78.442 89.581 -64.26 -73.392 103.118 -20 -68 87.881 -20 -87.881
5 24 96.16 0 -78.44 96.163 -20 -78.442 87.88 0 -87.88 103.1 0 -68
5 24 103.1 0 -68 103.118 -20 -68 96.16 0 -78.44 108.7 0 -56.74
5 24 108.7 0 -56.74 108.697 -20 -56.74 103.1 0 -68 112.7 0 -44.85
5 24 112.7 0 -44.85 112.726 -20 -44.845 108.7 0 -56.74 113.68 0 -40
5 24 116.6 0 -45.88 116.6 -20 -45.88 117.748 0 -40 112.4 0 -58.27
5 24 112.4 0 -58.27 112.4 -20 -58.27 116.6 0 -45.88 106.6 0 -70
5 24 106.6 0 -70 106.6 -20 -70 112.4 0 -58.27 99.34 0 -80.88
5 24 99.34 0 -80.88 99.34 -20 -80.88 106.6 0 -70 90.71 0 -90.71

5 24 119.1 -20 -33.05 111.011 -64.17 -31.98 120 -20 -20 116.6 -20 -45.88
5 24 116.6 -20 -45.88 108.685 -64.17 -43.759 119.1 -20 -33.05 112.4 -20 -58.27
5 24 112.4 -20 -58.27 104.709 -64.17 -55.14 116.6 -20 -45.88 106.6 -20 -70
5 24 106.6 -20 -70 99.509 -64.17 -65.905 112.4 -20 -58.27 99.34 -20 -80.88
5 24 99.34 -20 -80.88 92.85 -64.17 -75.9 106.6 -20 -70 90.71 -20 -90.71

5 24 103.4 -81.55 -20 76.56 -112.5 -20 103.48 -81.452 -18 102.683 -81.55 -30.89
5 24 102.683 -81.55 -30.89 76.08 -112.5 -27.38 103.4 -81.55 -20 100.556 -81.55 -41.584
5 24 100.556 -81.55 -41.584 74.63 -112.5 -34.64 102.683 -81.55 -30.89 97.053 -81.55 -51.917
5 24 97.053 -81.55 -51.917 72.26 -112.5 -41.65 100.556 -81.55 -41.584 92.224 -81.55 -61.7
5 24 92.224 -81.55 -61.7 68.98 -112.5 -48.28 97.053 -81.55 -51.917 86.17 -81.55 -70.774
5 24 86.17 -81.55 -70.774 64.879 -112.5 -54.437 92.224 -81.55 -61.7 78.972 -81.55 -78.972

5 24 111.011 -64.17 -31.98 106.946 -64.26 -31.445 111.8 -64.17 -20 108.685 -64.17 -43.759
5 24 108.685 -64.17 -43.759 104.709 -64.26 -42.697 111.011 -64.17 -31.98 104.709 -64.17 -55.14
5 24 104.709 -64.17 -55.14 101.026 -64.26 -53.563 108.685 -64.17 -43.759 99.509 -64.17 -65.905
5 24 99.509 -64.17 -65.905 95.948 -64.26 -63.85 104.709 -64.17 -55.14 92.85 -64.17 -75.9
5 24 92.85 -64.17 -75.9 89.581 -64.26 -73.392 99.509 -64.17 -65.905 84.93 -64.17 -84.93
