0 ~Roadsign Triangular Type 1 without Decorated Surface
0 Name: s\3351as01.dat
0 Author: Chris Dee [cwdee]
0 !LICENSE Licensed under CC BY 4.0 : see CAreadme.txt
0 BFC CERTIFY CW
1 16 0 0 0 1 0 0 0 1 0 0 0 1 s\3351as02.dat
4 16 0 -68 2 22 -68 2 22 -70 2 0 -82.7 2
4 16 -22 -70 2 -22 -68 2 0 -68 2 0 -82.7 2
4 16 -12.73 -90.05 2 -23.73 -71 2 -22 -70 2 0 -82.7 2
4 16 0 -108.1 2 -1.73 -109.1 2 -12.73 -90.05 2 0 -82.7 2
4 16 12.73 -90.05 2 1.73 -109.1 2 0 -108.1 2 0 -82.7 2
4 16 22 -70 2 23.73 -71 2 12.73 -90.05 2 0 -82.7 2
2 24 6 -68 2 22 -68 2
2 24 -6 -68 2 -22 -68 2
2 24 23.73 -71 2 1.73 -109.1 2
2 24 -23.73 -71 2 -1.73 -109.1 2
4 16 -22 -68 -2 22 -68 -2 22 -68 2 -22 -68 2
4 16 23.73 -71 -2 1.73 -109.1 -2 1.73 -109.1 2 23.73 -71 2
4 16 -1.73 -109.1 -2 -23.73 -71 -2 -23.73 -71 2 -1.73 -109.1 2
2 24 6 -68 -2 22 -68 -2
2 24 -6 -68 -2 -22 -68 -2
2 24 23.73 -71 -2 1.73 -109.1 -2
2 24 -23.73 -71 -2 -1.73 -109.1 -2
1 16 0 -108.1 -2 1 0 -1.73205 -1.73205 0 -1 0 4 0 1-4cyli.dat
1 16 0 -108.1 -2 1 0 -1.73205 -1.73205 0 -1 0 4 0 1-4edge.dat
1 16 0 -108.1 -2 1.73205 0 -1 -1 0 -1.73205 0 4 0 1-4edge.dat
1 16 0 -108.1 2 -1 0 1.73205 -1.73205 0 -1 0 -4 0 1-4disc.dat
1 16 0 -108.1 2 -1 0 1.73205 -1.73205 0 -1 0 -4 0 1-4edge.dat
1 16 0 -108.1 2 -1.73205 0 1 -1 0 -1.73205 0 -4 0 1-4disc.dat
1 16 0 -108.1 2 -1.73205 0 1 -1 0 -1.73205 0 -4 0 1-4edge.dat
1 16 0 -108.1 -2 1.73205 0 -1 -1 0 -1.73205 0 4 0 1-4cyli.dat
1 16 -21.997 -70 -2 -2 0 0 0 0 2 0 4 0 1-4cyli.dat
1 16 -21.997 -70 -2 -2 0 0 0 0 2 0 4 0 1-4edge.dat
1 16 -21.997 -70 -2 -1.73205 0 -1 -1 0 1.73205 0 4 0 1-4edge.dat
1 16 -21.997 -70 2 -1 0 -1.73205 1.73205 0 -1 0 -4 0 1-4disc.dat
1 16 -21.997 -70 2 -1 0 -1.73205 1.73205 0 -1 0 -4 0 1-4edge.dat
1 16 -21.997 -70 2 0 0 -2 2 0 0 0 -4 0 1-4disc.dat
1 16 -21.997 -70 2 0 0 -2 2 0 0 0 -4 0 1-4edge.dat
1 16 -21.997 -70 -2 -1.73205 0 -1 -1 0 1.73205 0 4 0 1-4cyli.dat
1 16 21.997 -70 -2 1 0 1.73205 1.73205 0 -1 0 4 0 1-4cyli.dat
1 16 21.997 -70 -2 1 0 1.73205 1.73205 0 -1 0 4 0 1-4edge.dat
1 16 21.997 -70 -2 0 0 2 2 0 0 0 4 0 1-4edge.dat
1 16 21.997 -70 2 2 0 0 0 0 2 0 -4 0 1-4disc.dat
1 16 21.997 -70 2 2 0 0 0 0 2 0 -4 0 1-4edge.dat
1 16 21.997 -70 2 1.73205 0 1 -1 0 1.73205 0 -4 0 1-4disc.dat
1 16 21.997 -70 2 1.73205 0 1 -1 0 1.73205 0 -4 0 1-4edge.dat
1 16 21.997 -70 -2 0 0 2 2 0 0 0 4 0 1-4cyli.dat
