0 ~Minifig Head with Beard, Hair, and Sideburns in Vertical Line Pattern - Half
0 Name: s\3626bpads01.dat
0 Author: Mikkel Bech Jensen [gaia]
0 !LDRAW_ORG Unofficial_Subpart
0 !LICENSE Redistributable under CCAL version 2.0 : see CAreadme.txt

0 BFC CERTIFY CCW

1 0 -3.5 9.9 -12.304 1.34 0 0 0 0 -1.34 -.26665 1 0 4-4disc.dat
1 16 -3.5 9.9 -12.304 1.34 0 0 0 0 -1.34 -.26665 1 0 4-4ndis.dat
1 0 0 6.425 -13 -.3 0 0 0 0 .3 .0597 1 0 1-4disc.dat
1 0 -1.5 5.9 -12.702 -.3 0 0 0 0 .3 .0597 1 0 2-4disc.dat
1 0 -4.1 4.4 -12.184 -.3 0 0 0 0 .3 .0597 1 0 2-4disc.dat
1 0 -2.8 5.2 -12.443 -.3 0 0 0 0 .3 .0597 1 0 2-4disc.dat
1 16 -1.5 5.9 -12.702 -.3 0 0 0 0 .3 .0597 1 0 2-4ndis.dat
1 16 -2.8 5.2 -12.443 -.3 0 0 0 0 .3 .0597 1 0 2-4ndis.dat
1 16 -4.4 15.1 -12.124 -.4 0 0 0 0 .4 .0796 1 0 2-4ndis.dat
1 16 -4.4 13.4 -12.124 .4 0 0 0 0 -.4 -.0796 1 0 2-4ndis.dat
1 16 -3.2 12.8 -12.363 .4 0 0 0 0 -.4 -.0796 1 0 2-4ndis.dat
1 16 -2.2 12.2 -12.562 .4 0 0 0 0 -.4 -.0796 1 0 2-4ndis.dat
1 16 0 6.425 -13 -.3 0 0 0 0 .3 .0597 1 0 1-4ndis.dat
1 16 0 14.325 -13 -.4 0 0 0 0 .4 .0796 1 0 1-4ndis.dat
1 16 0 12.5 -13 0 0 -.4 -.4 0 0 0 1 .0796 1-4ndis.dat
1 16 -2.2 14 -12.562 -.4 0 0 0 0 .4 .0796 1 0 2-4ndis.dat
1 16 -3.2 13.5 -12.363 -.4 0 0 0 0 .4 .0796 1 0 2-4ndis.dat
1 16 -4.1 4.4 -12.184 -.3 0 0 0 0 .3 .0597 1 0 2-4ndis.dat
1 16 -1.2 12.3 -12.761 .4 0 0 0 0 -.4 -.0796 1 0 2-4ndis.dat
1 16 -1.2 14.2 -12.761 -.4 0 0 0 0 .4 .0796 1 0 2-4ndis.dat
1 16 0 17 -13 0 0 -.4 -.4 0 0 0 1 .0796 1-4ndis.dat
1 16 -1.2 17 -12.761 .4 0 0 0 0 -.4 -.0796 1 0 2-4ndis.dat
1 16 -2.2 16.9 -12.562 .4 0 0 0 0 -.4 -.0796 1 0 2-4ndis.dat
1 16 -3.2 16.4 -12.363 .4 0 0 0 0 -.4 -.0796 1 0 2-4ndis.dat
1 16 -4.4 16.6 -12.124 .4 0 0 0 0 -.4 -.0796 1 0 2-4ndis.dat
1 0 -3.2 12.8 -12.363 .4 0 0 0 0 -.4 -.0796 1 0 2-4disc.dat
1 0 -4.4 13.4 -12.124 .4 0 0 0 0 -.4 -.0796 1 0 2-4disc.dat
1 0 -2.2 12.2 -12.562 .4 0 0 0 0 -.4 -.0796 1 0 2-4disc.dat
1 0 -1.2 12.3 -12.761 .4 0 0 0 0 -.4 -.0796 1 0 2-4disc.dat
1 0 -1.2 14.2 -12.761 -.4 0 0 0 0 .4 .0796 1 0 2-4disc.dat
1 0 -3.2 13.5 -12.363 -.4 0 0 0 0 .4 .0796 1 0 2-4disc.dat
1 0 -2.2 14 -12.562 -.4 0 0 0 0 .4 .0796 1 0 2-4disc.dat
1 0 -4.4 15.1 -12.124 -.4 0 0 0 0 .4 .0796 1 0 2-4disc.dat
1 0 -4.4 16.6 -12.124 .4 0 0 0 0 -.4 -.0796 1 0 2-4disc.dat
1 0 -3.2 16.4 -12.363 .4 0 0 0 0 -.4 -.0796 1 0 2-4disc.dat
1 0 -2.2 16.9 -12.562 .4 0 0 0 0 -.4 -.0796 1 0 2-4disc.dat
1 0 -1.2 17 -12.761 .4 0 0 0 0 -.4 -.0796 1 0 2-4disc.dat
1 0 0 12.5 -13 0 0 -.4 -.4 0 0 0 1 .0796 1-4disc.dat
1 0 0 17 -13 0 0 -.4 -.4 0 0 0 1 .0796 1-4disc.dat
1 0 0 14.325 -13 -.4 0 0 0 0 .4 .0796 1 0 1-4disc.dat
4 0 -.651 15.136 -12.87 -.735 16.36 -12.854 0 16.42 -13 0 15.16 -13
4 0 -.651 15.136 -12.87 -1.404 15.004 -12.721 -1.469 16.216 -12.708 -.735 16.36 -12.854
4 0 -2.083 14.8 -12.585 -2.641 14.584 -12.474 -2.706 15.688 -12.461 -2.148 15.976 -12.573
4 0 -1.404 15.004 -12.721 -2.083 14.8 -12.585 -2.148 15.976 -12.573 -1.469 16.216 -12.708
4 0 -2.641 14.584 -12.474 -3.181 14.284 -12.367 -3.227 15.34 -12.358 -2.706 15.688 -12.461
4 0 -3.571 14.944 -12.289 -3.45 15.148 -12.313 -3.348 14.248 -12.334 -3.525 14.392 -12.299
4 0 -3.348 14.248 -12.334 -3.45 15.148 -12.313 -3.227 15.34 -12.358 -3.181 14.284 -12.367
3 0 -3.525 14.392 -12.299 -3.618 14.656 -12.28 -3.571 14.944 -12.289
4 0 -4.975 6.9 -12.01 -4.975 8 -12.01 -4.6 7.7 -12.085 -4.5 6.8 -12.105
4 0 -1.5 7.8 -12.702 -4.5 6.8 -12.105 -4.6 7.7 -12.085 -1.9 8.6 -12.622
4 0 -1.5 7.8 -12.702 -1.9 8.6 -12.622 -1.6 8.7 -12.682 -1.13 8.255 -12.775
3 0 -1.13 8.255 -12.775 -1.6 8.7 -12.682 -1.3 8.6 -12.741
3 0 -1.5 7.8 -12.702 -1.13 8.255 -12.775 -1.2 8 -12.761
4 0 -4.4 4 -12.124 -4.4 4.4 -12.124 -4.1 4.4 -12.184 -3.8 4 -12.244
3 0 -3.8 4 -12.244 -4.1 4.4 -12.184 -3.8 4.4 -12.244
4 0 -3.1 4 -12.383 -3.1 5.2 -12.383 -2.8 5.2 -12.443 -2.5 4 -12.503
3 0 -2.5 4 -12.503 -2.8 5.2 -12.443 -2.5 5.2 -12.503
4 0 -1.8 4 -12.642 -1.8 5.9 -12.642 -1.5 5.9 -12.702 -1.2 4 -12.761
3 0 -1.2 4 -12.761 -1.5 5.9 -12.702 -1.2 5.9 -12.761
4 0 -.3 4 -12.94 -.3 6.425 -12.94 0 6.425 -13 0 4 -13
4 0 -4.4 13.4 -12.124 -4.8 13.4 -12.045 -4.8 15.1 -12.045 -4.4 15.1 -12.124
4 0 -4 13.4 -12.204 -4.4 13.4 -12.124 -4.4 15.1 -12.124 -4 15.1 -12.204
4 0 -4.4 16.6 -12.124 -4.8 16.6 -12.045 -4.8 17 -12.045 -4 17 -12.204
3 0 -4 16.6 -12.204 -4.4 16.6 -12.124 -4 17 -12.204
4 0 -3.2 16.4 -12.363 -3.6 16.4 -12.284 -3.6 17 -12.284 -2.8 17 -12.443
3 0 -2.8 16.4 -12.443 -3.2 16.4 -12.363 -2.8 17 -12.443
4 0 -2.2 16.9 -12.562 -2.6 16.9 -12.483 -2.6 17 -12.483 -1.8 17 -12.642
3 0 -1.8 16.9 -12.642 -2.2 16.9 -12.562 -1.8 17 -12.642
4 0 0 12.5 -13 -.4 12.5 -12.92 -.4 14.325 -12.92 0 14.325 -13
4 0 -1.2 12.3 -12.761 -1.6 12.3 -12.682 -1.6 14.2 -12.682 -1.2 14.2 -12.761
4 0 -.8 12.3 -12.841 -1.2 12.3 -12.761 -1.2 14.2 -12.761 -.8 14.2 -12.841
4 0 -2.2 12.2 -12.562 -2.6 12.2 -12.483 -2.6 14 -12.483 -2.2 14 -12.562
4 0 -1.8 12.2 -12.642 -2.2 12.2 -12.562 -2.2 14 -12.562 -1.8 14 -12.642
4 0 -3.2 12.8 -12.363 -3.6 12.8 -12.284 -3.6 13.5 -12.284 -3.2 13.5 -12.363
4 0 -2.8 12.8 -12.443 -3.2 12.8 -12.363 -3.2 13.5 -12.363 -2.8 13.5 -12.443
4 16 -.4 16.6 -12.92 0 16.6 -13 0 16.42 -13 -.735 16.36 -12.854
4 16 -.4 16.6 -12.92 -.735 16.36 -12.854 -.8 16.6 -12.841 -.4 17 -12.92
3 16 -.8 16.6 -12.841 -.8 17 -12.841 -.4 17 -12.92
4 16 -1.2 16.6 -12.761 -.8 16.6 -12.841 -.735 16.36 -12.854 -1.469 16.216 -12.708
4 16 -1.6 16.6 -12.682 -1.2 16.6 -12.761 -1.469 16.216 -12.708 -1.8 16.5 -12.642
4 16 -1.8 16.5 -12.642 -1.469 16.216 -12.708 -2.148 15.976 -12.573 -2.2 16.5 -12.562
4 16 -2.2 16.5 -12.562 -2.148 15.976 -12.573 -2.706 15.688 -12.461 -2.6 16.5 -12.483
4 16 -2.6 16.5 -12.483 -2.706 15.688 -12.461 -2.8 16 -12.443 -2.8 16.4 -12.443
4 16 -2.6 16.5 -12.483 -2.8 16.4 -12.443 -2.8 17 -12.443 -2.6 16.9 -12.483
3 16 -2.6 16.9 -12.483 -2.8 17 -12.443 -2.6 17 -12.483
3 16 -1.8 16.9 -12.642 -1.8 17 -12.642 -1.6 17 -12.682
4 16 -1.8 16.5 -12.642 -1.8 16.9 -12.642 -1.6 17 -12.682 -1.6 16.6 -12.682
4 16 -2.8 16 -12.443 -2.706 15.688 -12.461 -3.227 15.34 -12.358 -3.2 16 -12.363
4 16 -3.2 16 -12.363 -3.227 15.34 -12.358 -3.45 15.148 -12.313 -3.6 16 -12.284
4 16 -4 15.5 -12.204 -3.6 16 -12.284 -3.45 15.148 -12.313 -3.571 14.944 -12.289
4 16 -4 15.1 -12.204 -4 15.5 -12.204 -3.571 14.944 -12.289 -3.618 14.656 -12.28
4 16 -3.6 16 -12.284 -4 15.5 -12.204 -4 16.2 -12.204 -3.6 16.4 -12.284
4 16 -3.6 16.4 -12.284 -4 16.2 -12.204 -4 16.6 -12.204 -3.6 17 -12.284
3 16 -4 16.6 -12.204 -4 17 -12.204 -3.6 17 -12.284
3 16 -4.8 16.6 -12.045 -4.975 17 -12.01 -4.8 17 -12.045
3 16 -4.8 16.2 -12.045 -4.975 17 -12.01 -4.8 16.6 -12.045
3 16 -4.8 15.5 -12.045 -4.975 17 -12.01 -4.8 16.2 -12.045
3 16 -4.8 15.1 -12.045 -4.975 17 -12.01 -4.8 15.5 -12.045
3 16 -4.8 13.4 -12.045 -4.975 17 -12.01 -4.8 15.1 -12.045
4 16 -4.975 17 -12.01 -4.8 13.4 -12.045 -4.8 13 -12.045 -4.84 11.24 -12.037
4 16 -4.975 8 -12.01 -4.975 17 -12.01 -4.84 11.24 -12.037 -4.84 9.9 -12.037
3 16 -4.975 8 -12.01 -4.84 9.9 -12.037 -4.84 8.56 -12.037
4 16 -4.6 7.7 -12.085 -4.975 8 -12.01 -4.84 8.56 -12.037 -3.5 8.56 -12.304
3 16 -4.6 7.7 -12.085 -3.5 8.56 -12.304 -2.16 8.56 -12.57
3 16 -4.6 7.7 -12.085 -2.16 8.56 -12.57 -1.9 8.6 -12.622
4 16 -1.9 8.6 -12.622 -2.16 8.56 -12.57 -2.16 9.9 -12.57 -1.6 8.7 -12.682
4 16 -1.6 8.7 -12.682 -2.16 9.9 -12.57 -2.16 11.24 -12.57 -1.3 8.6 -12.741
4 16 -1.3 8.6 -12.741 -2.16 11.24 -12.57 -1.8 11.8 -12.642 -1.6 11.9 -12.682
3 16 -1.3 8.6 -12.741 -1.6 11.9 -12.682 -1.2 11.9 -12.761
3 16 -1.3 8.6 -12.741 -1.2 11.9 -12.761 -.8 11.9 -12.841
4 16 -1.3 8.6 -12.741 -.8 11.9 -12.841 -.4 12.1 -12.92 0 12.1 -13
4 16 -1.13 8.255 -12.775 -1.3 8.6 -12.741 0 12.1 -13 0 6.725 -13
4 16 -1.13 8.255 -12.775 0 6.725 -13 -.3 6.725 -12.94 -1.2 8 -12.761
4 16 -1.5 7.8 -12.702 -1.2 8 -12.761 -.3 6.725 -12.94 -1.2 6.2 -12.761
4 16 -1.2 6.2 -12.761 -.3 6.725 -12.94 -.3 6.425 -12.94 -1.2 5.9 -12.761
4 16 -1.2 5.9 -12.761 -.3 6.425 -12.94 -.3 4 -12.94 -1.2 4 -12.761
4 16 -4.4 15.5 -12.124 -4.8 15.5 -12.045 -4.8 16.2 -12.045 -4.4 16.2 -12.124
4 16 -4 15.5 -12.204 -4.4 15.5 -12.124 -4.4 16.2 -12.124 -4 16.2 -12.204
4 16 -4 13.4 -12.204 -4 15.1 -12.204 -3.618 14.656 -12.28 -3.6 13.9 -12.284
3 16 -3.6 13.9 -12.284 -3.618 14.656 -12.28 -3.525 14.392 -12.299
4 16 -3.6 13.9 -12.284 -3.525 14.392 -12.299 -3.348 14.248 -12.334 -3.2 13.9 -12.363
4 16 -3.2 13.9 -12.363 -3.348 14.248 -12.334 -3.181 14.284 -12.367 -2.8 13.9 -12.443
4 16 -2.6 14.4 -12.483 -2.8 13.9 -12.443 -3.181 14.284 -12.367 -2.641 14.584 -12.474
4 16 -2.6 14.4 -12.483 -2.641 14.584 -12.474 -2.083 14.8 -12.585 -2.2 14.4 -12.562
4 16 -1.8 14.4 -12.642 -2.2 14.4 -12.562 -2.083 14.8 -12.585 -1.6 14.6 -12.682
4 16 -1.6 14.6 -12.682 -2.083 14.8 -12.585 -1.404 15.004 -12.721 -1.2 14.6 -12.761
4 16 -1.2 14.6 -12.761 -1.404 15.004 -12.721 -.651 15.136 -12.87 -.8 14.6 -12.841
4 16 -.4 14.725 -12.92 -.8 14.6 -12.841 -.651 15.136 -12.87 0 15.16 -13
3 16 0 14.725 -13 -.4 14.725 -12.92 0 15.16 -13
4 16 -.8 14.2 -12.841 -.8 14.6 -12.841 -.4 14.725 -12.92 -.4 14.325 -12.92
4 16 -.8 12.3 -12.841 -.8 14.2 -12.841 -.4 14.325 -12.92 -.4 12.5 -12.92
4 16 -.8 11.9 -12.841 -.8 12.3 -12.841 -.4 12.5 -12.92 -.4 12.1 -12.92
4 16 -1.6 11.9 -12.682 -1.8 11.8 -12.642 -1.8 12.2 -12.642 -1.6 12.3 -12.682
4 16 -1.6 12.3 -12.682 -1.8 12.2 -12.642 -1.8 14 -12.642 -1.6 14.2 -12.682
4 16 -1.6 14.2 -12.682 -1.8 14 -12.642 -1.8 14.4 -12.642 -1.6 14.6 -12.682
4 16 -2.8 13.9 -12.443 -2.6 14.4 -12.483 -2.6 14 -12.483 -2.8 13.5 -12.443
4 16 -2.8 13.5 -12.443 -2.6 14 -12.483 -2.6 12.2 -12.483 -2.8 12.8 -12.443
4 16 -2.8 12.4 -12.443 -2.8 12.8 -12.443 -2.6 12.2 -12.483 -2.6 11.8 -12.483
4 16 -3.2 12.4 -12.363 -2.8 12.4 -12.443 -2.6 11.8 -12.483 -3.5 11.24 -12.304
4 16 -3.6 12.4 -12.284 -3.2 12.4 -12.363 -3.5 11.24 -12.304 -4.84 11.24 -12.037
4 16 -4 13 -12.204 -3.6 12.4 -12.284 -4.84 11.24 -12.037 -4.4 13 -12.124
3 16 -4.84 11.24 -12.037 -4.8 13 -12.045 -4.4 13 -12.124
4 16 -3.6 12.8 -12.284 -3.6 12.4 -12.284 -4 13 -12.204 -4 13.4 -12.204
3 16 -3.6 12.8 -12.284 -4 13.4 -12.204 -3.6 13.5 -12.284
3 16 -4 13.4 -12.204 -3.6 13.9 -12.284 -3.6 13.5 -12.284
4 16 -2.16 11.24 -12.57 -3.5 11.24 -12.304 -2.6 11.8 -12.483 -2.2 11.8 -12.562
3 16 -2.16 11.24 -12.57 -2.2 11.8 -12.562 -1.8 11.8 -12.642
3 16 -1.2 6.2 -12.761 -1.5 6.2 -12.702 -1.5 7.8 -12.702
4 16 -1.5 7.8 -12.702 -1.5 6.2 -12.702 -1.8 6.2 -12.642 -4.5 6.8 -12.105
4 16 -4.5 6.8 -12.105 -1.8 6.2 -12.642 -2.5 5.5 -12.503 -2.8 5.5 -12.443
4 16 -4.5 6.8 -12.105 -2.8 5.5 -12.443 -3.1 5.5 -12.383 -4.975 6.9 -12.01
4 16 -4.975 6.9 -12.01 -3.1 5.5 -12.383 -3.8 4.7 -12.244 -4.1 4.7 -12.184
3 16 -4.1 4.7 -12.184 -4.4 4.7 -12.124 -4.975 6.9 -12.01
4 16 -4.975 4 -12.01 -4.975 6.9 -12.01 -4.4 4.7 -12.124 -4.4 4.4 -12.124
3 16 -4.4 4 -12.124 -4.975 4 -12.01 -4.4 4.4 -12.124
3 16 -3.8 4 -12.244 -3.8 4.4 -12.244 -3.1 4 -12.383
4 16 -3.1 4 -12.383 -3.8 4.4 -12.244 -3.8 4.7 -12.244 -3.1 5.2 -12.383
3 16 -3.8 4.7 -12.244 -3.1 5.5 -12.383 -3.1 5.2 -12.383
4 16 -1.8 4 -12.642 -2.5 4 -12.503 -2.5 5.2 -12.503 -1.8 5.9 -12.642
4 16 -1.8 5.9 -12.642 -2.5 5.2 -12.503 -2.5 5.5 -12.503 -1.8 6.2 -12.642
1 0 -8.6 4.2 -9.588 -.24645 0 0 0 0 .30055 .16464 1 0 2-4disc.dat
1 0 -7.6 4.2 -10.256 -.24645 0 0 0 0 .30055 .16464 1 0 2-4disc.dat
1 0 -6.5 4.1 -10.991 -.24645 0 0 0 0 .30055 .16464 1 0 2-4disc.dat
1 0 -5.4 4.2 -11.726 -.24645 0 0 0 0 .30055 .16464 1 0 2-4disc.dat
1 16 -5.4 4.2 -11.726 -.24645 0 0 0 0 .30055 .16464 1 0 2-4ndis.dat
1 16 -6.5 4.1 -10.991 -.24645 0 0 0 0 .30055 .16464 1 0 2-4ndis.dat
1 16 -7.6 4.2 -10.256 -.24645 0 0 0 0 .30055 .16464 1 0 2-4ndis.dat
1 16 -8.6 4.2 -9.588 -.24645 0 0 0 0 .30055 .16464 1 0 2-4ndis.dat
1 16 -8.6 14.3 -9.588 .24645 0 0 0 0 -.30055 -.16464 1 0 2-4ndis.dat
1 16 -7.6 14.5 -10.256 .24645 0 0 0 0 -.30055 -.16464 1 0 2-4ndis.dat
1 16 -6.5 14.3 -10.991 .24645 0 0 0 0 -.30055 -.16464 1 0 2-4ndis.dat
1 16 -5.4 13.9 -11.726 .24645 0 0 0 0 -.30055 -.16464 1 0 2-4ndis.dat
1 0 -7.6 14.5 -10.256 .24645 0 0 0 0 -.30055 -.16464 1 0 2-4disc.dat
1 0 -8.6 14.3 -9.588 .24645 0 0 0 0 -.30055 -.16464 1 0 2-4disc.dat
1 0 -6.5 14.3 -10.991 .24645 0 0 0 0 -.30055 -.16464 1 0 2-4disc.dat
1 0 -5.4 13.9 -11.726 .24645 0 0 0 0 -.30055 -.16464 1 0 2-4disc.dat
4 0 -4.975 8 -12.01 -4.975 6.9 -12.01 -5.8 7.5 -11.459 -5.6 8.5 -11.592
4 0 -5.6 8.5 -11.592 -5.8 7.5 -11.459 -6.4 8.1 -11.058 -6.01 8.815 -11.319
4 0 -6.01 8.815 -11.319 -6.4 8.1 -11.058 -6.5 8.5 -10.991 -6.335 8.815 -11.101
4 0 -8.847 4 -9.424 -8.846 4.2 -9.424 -8.6 4.2 -9.588 -8.354 4 -9.753
3 0 -8.354 4 -9.753 -8.6 4.2 -9.588 -8.354 4.2 -9.753
4 0 -7.847 4 -10.092 -7.846 4.2 -10.092 -7.6 4.2 -10.256 -7.354 4 -10.421
3 0 -7.354 4 -10.421 -7.6 4.2 -10.256 -7.354 4.2 -10.421
4 0 -6.747 4 -10.827 -6.746 4.1 -10.827 -6.5 4.1 -10.991 -6.254 4 -11.156
3 0 -6.254 4 -11.156 -6.5 4.1 -10.991 -6.254 4.1 -11.156
4 0 -5.647 4 -11.561 -5.646 4.2 -11.561 -5.4 4.2 -11.726 -5.154 4 -11.891
3 0 -5.154 4 -11.891 -5.4 4.2 -11.726 -5.154 4.2 -11.891
4 0 -8.6 14.3 -9.588 -8.846 14.3 -9.424 -8.847 17 -9.424 -8.354 17 -9.753
3 0 -8.354 14.3 -9.753 -8.6 14.3 -9.588 -8.354 17 -9.753
4 0 -7.6 14.5 -10.256 -7.846 14.5 -10.092 -7.847 17 -10.092 -7.354 17 -10.421
3 0 -7.354 14.5 -10.421 -7.6 14.5 -10.256 -7.354 17 -10.421
3 0 -6.5 14.3 -10.991 -6.746 14.3 -10.827 -6.747 17 -10.827
4 0 -6.254 14.3 -11.156 -6.5 14.3 -10.991 -6.747 17 -10.827 -6.254 17 -11.156
3 0 -5.4 13.9 -11.726 -5.646 13.9 -11.561 -5.647 17 -11.561
4 0 -5.154 13.9 -11.891 -5.4 13.9 -11.726 -5.647 17 -11.561 -5.154 17 -11.891
3 16 -4.975 8 -12.01 -5.6 8.5 -11.592 -5.154 13.599 -11.891
3 16 -4.975 17 -12.01 -5.154 13.9 -11.891 -5.154 17 -11.891
4 16 -5.154 13.599 -11.891 -5.154 13.9 -11.891 -4.975 17 -12.01 -4.975 8 -12.01
4 16 -6.254 14.3 -11.156 -6.254 17 -11.156 -5.647 17 -11.561 -5.646 13.9 -11.561
4 16 -6.254 13.999 -11.156 -6.254 14.3 -11.156 -5.646 13.9 -11.561 -5.646 13.599 -11.561
4 16 -7.354 14.5 -10.421 -7.354 17 -10.421 -6.747 17 -10.827 -6.746 14.3 -10.827
4 16 -7.354 14.199 -10.421 -7.354 14.5 -10.421 -6.746 14.3 -10.827 -6.746 13.999 -10.827
4 16 -8.354 14.3 -9.753 -8.354 17 -9.753 -7.847 17 -10.092 -7.846 14.5 -10.092
4 16 -8.354 13.999 -9.753 -8.354 14.3 -9.753 -7.846 14.5 -10.092 -7.846 14.199 -10.092
3 16 -8.846 14.3 -9.424 -9.192 17 -9.193 -8.847 17 -9.424
4 16 -9.192 17 -9.193 -8.846 14.3 -9.424 -8.846 13.999 -9.424 -9.192 4 -9.193
4 16 -8.846 4.501 -9.424 -9.192 4 -9.193 -8.846 13.999 -9.424 -6.5 8.5 -10.991
3 16 -9.192 4 -9.193 -8.846 4.501 -9.424 -8.846 4.2 -9.424
3 16 -8.847 4 -9.424 -9.192 4 -9.193 -8.846 4.2 -9.424
4 16 -5.154 13.599 -11.891 -5.6 8.5 -11.592 -6.01 8.815 -11.319 -5.646 13.599 -11.561
4 16 -5.646 13.599 -11.561 -6.01 8.815 -11.319 -6.335 8.815 -11.101 -6.254 13.999 -11.156
3 16 -6.335 8.815 -11.101 -6.5 13.999 -10.991 -6.254 13.999 -11.156
3 16 -6.335 8.815 -11.101 -6.746 13.999 -10.827 -6.5 13.999 -10.991
4 16 -7.354 14.199 -10.421 -6.746 13.999 -10.827 -6.335 8.815 -11.101 -7.6 14.199 -10.256
4 16 -7.846 14.199 -10.092 -7.6 14.199 -10.256 -6.335 8.815 -11.101 -6.5 8.5 -10.991
3 16 -6.5 8.5 -10.991 -8.354 13.999 -9.753 -7.846 14.199 -10.092
3 16 -6.5 8.5 -10.991 -8.6 13.999 -9.588 -8.354 13.999 -9.753
3 16 -6.5 8.5 -10.991 -8.846 13.999 -9.424 -8.6 13.999 -9.588
3 16 -8.6 4.501 -9.588 -8.846 4.501 -9.424 -6.5 8.5 -10.991
4 16 -8.354 4.501 -9.753 -8.6 4.501 -9.588 -6.5 8.5 -10.991 -6.4 8.1 -11.058
3 16 -7.846 4.501 -10.092 -8.354 4.501 -9.753 -6.4 8.1 -11.058
3 16 -7.6 4.501 -10.256 -7.846 4.501 -10.092 -6.4 8.1 -11.058
4 16 -7.354 4.501 -10.421 -7.6 4.501 -10.256 -6.4 8.1 -11.058 -5.8 7.5 -11.459
4 16 -6.746 4.401 -10.827 -7.354 4.501 -10.421 -5.8 7.5 -11.459 -6.5 4.401 -10.991
4 16 -6.254 4.401 -11.156 -6.5 4.401 -10.991 -5.8 7.5 -11.459 -4.975 6.9 -12.01
3 16 -6.254 4.401 -11.156 -4.975 6.9 -12.01 -5.646 4.501 -11.561
3 16 -5.4 4.501 -11.726 -5.646 4.501 -11.561 -4.975 6.9 -12.01
3 16 -5.154 4.501 -11.891 -5.4 4.501 -11.726 -4.975 6.9 -12.01
4 16 -7.847 4 -10.092 -8.354 4 -9.753 -8.354 4.2 -9.753 -7.846 4.2 -10.092
4 16 -7.846 4.2 -10.092 -8.354 4.2 -9.753 -8.354 4.501 -9.753 -7.846 4.501 -10.092
4 16 -6.747 4 -10.827 -7.354 4 -10.421 -7.354 4.2 -10.421 -6.746 4.1 -10.827
4 16 -6.746 4.1 -10.827 -7.354 4.2 -10.421 -7.354 4.501 -10.421 -6.746 4.401 -10.827
4 16 -5.647 4 -11.561 -6.254 4 -11.156 -6.254 4.1 -11.156 -5.646 4.2 -11.561
4 16 -5.646 4.2 -11.561 -6.254 4.1 -11.156 -6.254 4.401 -11.156 -5.646 4.501 -11.561
3 16 -4.975 4 -12.01 -5.154 4 -11.891 -5.154 4.2 -11.891
4 16 -4.975 4 -12.01 -5.154 4.2 -11.891 -5.154 4.501 -11.891 -4.975 6.9 -12.01
1 16 -11.75 4 -5.364 .168 0 0 0 0 -.3 -.25148 1 0 2-4ndis.dat
1 16 -9.5 4.95 -8.732 -.168 0 0 0 0 .3 .25148 1 0 2-4ndis.dat
1 16 -10.35 5 -7.46 -.168 0 0 0 0 .3 .25148 1 0 2-4ndis.dat
1 16 -11.05 6.15 -6.412 -.168 0 0 0 0 .3 .25148 1 0 2-4ndis.dat
1 16 -11.65 14.65 -5.514 -.168 0 0 0 0 .3 .25148 1 0 2-4ndis.dat
1 16 -11.05 11 -6.412 .168 0 0 0 0 -.3 -.25148 1 0 2-4ndis.dat
1 16 -11.05 15.75 -6.412 -.168 0 0 0 0 .3 .25148 1 0 2-4ndis.dat
1 16 -10.35 12.8 -7.46 .168 0 0 0 0 -.3 -.25148 1 0 2-4ndis.dat
1 16 -10.35 16.6 -7.46 -.168 0 0 0 0 .3 .25148 1 0 2-4ndis.dat
1 16 -9.5 13.8 -8.732 .168 0 0 0 0 -.3 -.25148 1 0 2-4ndis.dat
1 0 -11.75 4 -5.364 .168 0 0 0 0 -.3 -.25148 1 0 2-4disc.dat
1 0 -11.05 6.15 -6.412 -.168 0 0 0 0 .3 .25148 1 0 2-4disc.dat
1 0 -10.35 5 -7.46 -.168 0 0 0 0 .3 .25148 1 0 2-4disc.dat
1 0 -9.5 4.95 -8.732 -.168 0 0 0 0 .3 .25148 1 0 2-4disc.dat
1 0 -11.05 11 -6.412 .168 0 0 0 0 -.3 -.25148 1 0 2-4disc.dat
1 0 -10.35 12.8 -7.46 .168 0 0 0 0 -.3 -.25148 1 0 2-4disc.dat
1 0 -9.5 13.8 -8.732 .168 0 0 0 0 -.3 -.25148 1 0 2-4disc.dat
1 0 -10.35 16.6 -7.46 -.168 0 0 0 0 .3 .25148 1 0 2-4disc.dat
1 0 -11.05 15.75 -6.412 -.168 0 0 0 0 .3 .25148 1 0 2-4disc.dat
1 0 -11.65 14.65 -5.514 -.168 0 0 0 0 .3 .25148 1 0 2-4disc.dat
3 0 -11.75 4 -5.364 -11.918 4 -5.113 -11.818 8.223 -5.262
4 0 -11.582 4 -5.616 -11.75 4 -5.364 -11.818 8.223 -5.262 -11.482 8.223 -5.765
3 0 -10.882 4 -6.663 -11.05 6.15 -6.412 -10.882 6.15 -6.663
4 0 -11.218 6.15 -6.161 -11.05 6.15 -6.412 -10.882 4 -6.663 -11.218 4 -6.161
4 0 -10.518 4 -7.208 -10.518 5 -7.208 -10.35 5 -7.46 -10.182 4 -7.711
3 0 -10.182 4 -7.711 -10.35 5 -7.46 -10.182 5 -7.711
4 0 -9.668 4 -8.481 -9.668 4.95 -8.481 -9.5 4.95 -8.732 -9.332 4 -8.984
3 0 -9.332 4 -8.984 -9.5 4.95 -8.732 -9.332 4.95 -8.984
4 0 -11.818 8.223 -5.262 -11.818 14.65 -5.262 -11.65 14.65 -5.514 -11.482 8.223 -5.765
3 0 -11.482 8.223 -5.765 -11.65 14.65 -5.514 -11.482 14.65 -5.765
4 0 -11.05 11 -6.412 -11.218 11 -6.161 -11.218 15.75 -6.161 -11.05 15.75 -6.412
4 0 -10.882 11 -6.663 -11.05 11 -6.412 -11.05 15.75 -6.412 -10.882 15.75 -6.663
4 0 -10.35 12.8 -7.46 -10.518 12.8 -7.208 -10.518 16.6 -7.208 -10.35 16.6 -7.46
4 0 -10.182 12.8 -7.711 -10.35 12.8 -7.46 -10.35 16.6 -7.46 -10.182 16.6 -7.711
3 0 -9.5 13.8 -8.732 -9.668 13.8 -8.481 -9.668 17 -8.481
4 0 -9.332 13.8 -8.984 -9.5 13.8 -8.732 -9.668 17 -8.481 -9.332 17 -8.984
3 16 -10.182 5 -7.711 -9.668 4 -8.481 -10.182 4 -7.711
3 16 -9.192 17 -9.193 -9.332 13.8 -8.984 -9.332 17 -8.984
4 16 -9.332 13.5 -8.984 -9.332 13.8 -8.984 -9.192 17 -9.193 -9.192 4 -9.193
3 16 -9.192 4 -9.193 -9.332 5.25 -8.984 -9.332 13.5 -8.984
3 16 -9.192 4 -9.193 -9.332 4.95 -8.984 -9.332 5.25 -8.984
3 16 -9.192 4 -9.193 -9.332 4 -8.984 -9.332 4.95 -8.984
4 16 -9.668 4.95 -8.481 -9.668 4 -8.481 -10.182 5 -7.711 -10.182 5.3 -7.711
4 16 -9.668 5.25 -8.481 -9.668 4.95 -8.481 -10.182 5.3 -7.711 -10.882 6.45 -6.663
4 16 -10.518 4 -7.208 -10.882 4 -6.663 -10.882 6.15 -6.663 -10.518 5 -7.208
4 16 -10.518 5.3 -7.208 -10.518 5 -7.208 -10.882 6.15 -6.663 -10.882 6.45 -6.663
3 16 -10.35 5.3 -7.46 -10.518 5.3 -7.208 -10.882 6.45 -6.663
3 16 -10.182 5.3 -7.711 -10.35 5.3 -7.46 -10.882 6.45 -6.663
3 16 -9.5 5.25 -8.732 -9.668 5.25 -8.481 -10.882 6.45 -6.663
4 16 -9.332 5.25 -8.984 -9.5 5.25 -8.732 -10.882 6.45 -6.663 -10.182 12.5 -7.711
4 16 -11.218 6.15 -6.161 -11.218 4 -6.161 -11.582 4 -5.616 -11.482 8.223 -5.765
3 16 -11.218 6.15 -6.161 -11.482 8.223 -5.765 -11.218 6.45 -6.161
4 16 -11.818 8.223 -5.262 -11.918 4 -5.113 -12.01 4 -4.975 -12.01 17 -4.975
3 16 -11.818 8.223 -5.262 -12.01 17 -4.975 -11.818 14.65 -5.262
3 16 -11.818 14.65 -5.262 -12.01 17 -4.975 -11.818 14.95 -5.262
3 16 -11.65 14.95 -5.514 -11.818 14.95 -5.262 -12.01 17 -4.975
4 16 -11.482 14.95 -5.765 -11.65 14.95 -5.514 -12.01 17 -4.975 -11.218 15.75 -6.161
3 16 -11.218 15.75 -6.161 -12.01 17 -4.975 -11.218 16.05 -6.161
3 16 -11.05 16.05 -6.412 -11.218 16.05 -6.161 -12.01 17 -4.975
4 16 -10.882 16.05 -6.663 -11.05 16.05 -6.412 -12.01 17 -4.975 -10.518 16.6 -7.208
3 16 -10.518 16.6 -7.208 -12.01 17 -4.975 -10.518 16.9 -7.208
3 16 -12.01 17 -4.975 -9.668 17 -8.481 -10.35 16.9 -7.46
3 16 -10.35 16.9 -7.46 -10.518 16.9 -7.208 -12.01 17 -4.975
3 16 -10.182 16.9 -7.711 -10.35 16.9 -7.46 -9.668 17 -8.481
4 16 -10.182 16.6 -7.711 -10.182 16.9 -7.711 -9.668 17 -8.481 -9.668 13.8 -8.481
4 16 -10.182 12.8 -7.711 -10.182 16.6 -7.711 -9.668 13.8 -8.481 -9.668 13.5 -8.481
4 16 -10.182 12.5 -7.711 -10.182 12.8 -7.711 -9.668 13.5 -8.481 -9.5 13.5 -8.732
4 16 -10.182 12.5 -7.711 -9.5 13.5 -8.732 -9.332 13.5 -8.984 -9.332 5.25 -8.984
4 16 -10.882 15.75 -6.663 -10.882 16.05 -6.663 -10.518 16.6 -7.208 -10.518 12.8 -7.208
4 16 -10.882 15.75 -6.663 -10.518 12.8 -7.208 -10.518 12.5 -7.208 -10.882 11 -6.663
4 16 -11.482 14.65 -5.765 -11.482 14.95 -5.765 -11.218 15.75 -6.161 -11.218 11 -6.161
4 16 -11.482 8.223 -5.765 -11.482 14.65 -5.765 -11.218 11 -6.161 -11.218 10.7 -6.161
3 16 -11.482 8.223 -5.765 -11.218 10.7 -6.161 -11.05 10.7 -6.412
4 16 -11.482 8.223 -5.765 -11.05 10.7 -6.412 -10.882 10.7 -6.663 -11.218 6.45 -6.161
3 16 -11.05 6.45 -6.412 -11.218 6.45 -6.161 -10.882 10.7 -6.663
4 16 -10.882 6.45 -6.663 -11.05 6.45 -6.412 -10.882 10.7 -6.663 -10.182 12.5 -7.711
3 16 -10.882 10.7 -6.663 -10.35 12.5 -7.46 -10.182 12.5 -7.711
4 16 -10.518 12.5 -7.208 -10.35 12.5 -7.46 -10.882 10.7 -6.663 -10.882 11 -6.663
4 16 -3.062 0 -7.391 -3.794 .305 -9.159 0 .305 -9.914 0 0 -8
4 16 -3.794 .305 -9.159 -4.414 1.172 -10.658 0 1.172 -11.535 0 .305 -9.914
4 16 -4.414 1.172 -10.658 -4.83 2.469 -11.659 0 2.469 -12.619 0 1.172 -11.535
1 0 0 3.8 -12.95 0 0 -.3 -.3 0 0 .07443 1 .05963 1-4disc.dat
1 0 -1.5 3.8 -12.652 .3 0 0 0 0 -.3 -.05963 1 .07443 2-4disc.dat
1 0 -2.8 3.8 -12.393 .3 0 0 0 0 -.3 -.05963 1 .07443 2-4disc.dat
1 0 -4.1 3.8 -12.134 .3 0 0 0 0 -.3 -.05963 1 .07443 2-4disc.dat
1 16 -4.1 3.8 -12.134 .3 0 0 0 0 -.3 -.05963 1 .07443 2-4ndis.dat
1 16 -2.8 3.8 -12.393 .3 0 0 0 0 -.3 -.05963 1 .07443 2-4ndis.dat
1 16 -1.5 3.8 -12.652 .3 0 0 0 0 -.3 -.05963 1 .07443 2-4ndis.dat
1 16 0 3.8 -12.95 0 0 -.3 -.3 0 0 .07443 1 .05963 1-4ndis.dat
4 0 -4.1 3.8 -12.134 -4.4 3.8 -12.075 -4.4 4 -12.124 -3.8 4 -12.244
3 0 -3.8 3.8 -12.194 -4.1 3.8 -12.134 -3.8 4 -12.244
4 0 -2.8 3.8 -12.393 -3.1 3.8 -12.333 -3.1 4 -12.383 -2.5 4 -12.503
3 0 -2.5 3.8 -12.453 -2.8 3.8 -12.393 -2.5 4 -12.503
4 0 -1.5 3.8 -12.652 -1.8 3.8 -12.592 -1.8 4 -12.642 -1.2 4 -12.761
3 0 -1.2 3.8 -12.711 -1.5 3.8 -12.652 -1.2 4 -12.761
4 0 0 3.8 -12.95 -.3 3.8 -12.891 -.3 4 -12.94 0 4 -13
3 16 -3.1 3.8 -12.333 -3.8 4 -12.244 -3.1 4 -12.383
3 16 0 2.469 -12.619 -.3 3.5 -12.816 0 3.5 -12.876
4 16 -.3 3.5 -12.816 0 2.469 -12.619 -1.2 3.5 -12.637 -1.2 3.8 -12.711
3 16 0 2.469 -12.619 -1.5 3.5 -12.577 -1.2 3.5 -12.637
3 16 0 2.469 -12.619 -1.8 3.5 -12.517 -1.5 3.5 -12.577
4 16 -1.8 3.5 -12.517 0 2.469 -12.619 -2.5 3.5 -12.378 -2.5 3.8 -12.453
4 16 -2.8 3.5 -12.318 -2.5 3.5 -12.378 0 2.469 -12.619 -4.83 2.469 -11.659
3 16 -4.83 2.469 -11.659 -3.1 3.5 -12.259 -2.8 3.5 -12.318
3 16 -4.83 2.469 -11.659 -3.8 3.5 -12.12 -3.1 3.5 -12.259
3 16 -4.83 2.469 -11.659 -4.1 3.5 -12.06 -3.8 3.5 -12.12
3 16 -4.83 2.469 -11.659 -4.4 3.5 -12 -4.1 3.5 -12.06
4 16 -4.4 3.5 -12 -4.83 2.469 -11.659 -4.975 4 -12.01 -4.4 3.8 -12.075
3 16 -4.4 3.8 -12.075 -4.975 4 -12.01 -4.4 4 -12.124
4 16 -3.1 3.5 -12.259 -3.8 3.5 -12.12 -3.8 3.8 -12.194 -3.1 3.8 -12.333
3 16 -3.1 3.8 -12.333 -3.8 3.8 -12.194 -3.8 4 -12.244
4 16 -1.8 3.8 -12.592 -1.8 3.5 -12.517 -2.5 3.8 -12.453 -2.5 4 -12.503
3 16 -1.8 3.8 -12.592 -2.5 4 -12.503 -1.8 4 -12.642
4 16 -.3 3.8 -12.891 -.3 3.5 -12.816 -1.2 3.8 -12.711 -1.2 4 -12.761
3 16 -.3 3.8 -12.891 -1.2 4 -12.761 -.3 4 -12.94
4 16 -5.657 0 -5.657 -7.01 .305 -7.01 -3.794 .305 -9.159 -3.062 0 -7.391
4 16 -7.01 .305 -7.01 -8.157 1.172 -8.157 -4.414 1.172 -10.658 -3.794 .305 -9.159
4 16 -8.157 1.172 -8.157 -8.923 2.469 -8.923 -4.83 2.469 -11.659 -4.414 1.172 -10.658
1 0 -5.4 3.8 -11.668 .24645 0 0 0 0 -.30055 -.16474 1 .08827 2-4disc.dat
1 0 -6.5 3.8 -10.933 .24645 0 0 0 0 -.30055 -.16474 1 .08827 2-4disc.dat
1 0 -7.6 3.8 -10.198 .24645 0 0 0 0 -.30055 -.16474 1 .08827 2-4disc.dat
1 0 -8.6 3.8 -9.53 .24645 0 0 0 0 -.30055 -.16474 1 .08827 2-4disc.dat
1 16 -7.6 3.8 -10.198 .24645 0 0 0 0 -.30055 -.16474 1 .08827 2-4ndis.dat
1 16 -8.6 3.8 -9.53 .24645 0 0 0 0 -.30055 -.16474 1 .08827 2-4ndis.dat
1 16 -6.5 3.8 -10.933 .24645 0 0 0 0 -.30055 -.16474 1 .08827 2-4ndis.dat
1 16 -5.4 3.8 -11.668 .24645 0 0 0 0 -.30055 -.16474 1 .08827 2-4ndis.dat
4 0 -8.6 3.8 -9.53 -8.846 3.8 -9.365 -8.847 4 -9.424 -8.354 4 -9.753
3 0 -8.354 3.8 -9.694 -8.6 3.8 -9.53 -8.354 4 -9.753
4 0 -7.6 3.8 -10.198 -7.846 3.8 -10.033 -7.847 4 -10.092 -7.354 4 -10.421
3 0 -7.354 3.8 -10.363 -7.6 3.8 -10.198 -7.354 4 -10.421
4 0 -6.5 3.8 -10.933 -6.746 3.8 -10.768 -6.747 4 -10.827 -6.254 4 -11.156
3 0 -6.254 3.8 -11.097 -6.5 3.8 -10.933 -6.254 4 -11.156
4 0 -5.4 3.8 -11.668 -5.646 3.8 -11.503 -5.647 4 -11.561 -5.154 4 -11.891
3 0 -5.154 3.8 -11.832 -5.4 3.8 -11.668 -5.154 4 -11.891
4 16 -4.83 2.469 -11.659 -5.154 3.499 -11.744 -5.154 3.8 -11.832 -4.975 4 -12.01
3 16 -5.154 3.8 -11.832 -5.154 4 -11.891 -4.975 4 -12.01
4 16 -6.254 4 -11.156 -5.647 4 -11.561 -5.646 3.8 -11.503 -6.254 3.8 -11.097
4 16 -6.254 3.8 -11.097 -5.646 3.8 -11.503 -5.646 3.499 -11.415 -6.254 3.499 -11.009
3 16 -4.83 2.469 -11.659 -6.254 3.499 -11.009 -5.646 3.499 -11.415
3 16 -4.83 2.469 -11.659 -5.646 3.499 -11.415 -5.4 3.499 -11.58
3 16 -4.83 2.469 -11.659 -5.4 3.499 -11.58 -5.154 3.499 -11.744
4 16 -8.354 4 -9.753 -7.847 4 -10.092 -7.846 3.8 -10.033 -8.354 3.8 -9.694
4 16 -8.354 3.8 -9.694 -7.846 3.8 -10.033 -7.846 3.499 -9.945 -8.354 3.499 -9.606
3 16 -8.846 3.8 -9.365 -9.192 4 -9.193 -8.847 4 -9.424
4 16 -9.192 4 -9.193 -8.846 3.8 -9.365 -8.846 3.499 -9.277 -8.923 2.469 -8.923
3 16 -8.923 2.469 -8.923 -8.846 3.499 -9.277 -8.6 3.499 -9.442
3 16 -8.923 2.469 -8.923 -8.6 3.499 -9.442 -8.354 3.499 -9.606
3 16 -8.923 2.469 -8.923 -8.354 3.499 -9.606 -7.846 3.499 -9.945
3 16 -8.923 2.469 -8.923 -7.846 3.499 -9.945 -7.6 3.499 -10.11
4 16 -8.923 2.469 -8.923 -7.6 3.499 -10.11 -7.354 3.499 -10.275 -4.83 2.469 -11.659
3 16 -4.83 2.469 -11.659 -7.354 3.499 -10.275 -7.354 3.8 -10.363
3 16 -7.354 3.8 -10.363 -6.746 3.499 -10.68 -4.83 2.469 -11.659
3 16 -4.83 2.469 -11.659 -6.746 3.499 -10.68 -6.5 3.499 -10.845
3 16 -4.83 2.469 -11.659 -6.5 3.499 -10.845 -6.254 3.499 -11.009
4 16 -6.746 3.8 -10.768 -6.746 3.499 -10.68 -7.354 3.8 -10.363 -7.354 4 -10.421
3 16 -6.746 3.8 -10.768 -7.354 4 -10.421 -6.747 4 -10.827
4 16 -7.391 0 -3.062 -9.159 .305 -3.794 -7.01 .305 -7.01 -5.657 0 -5.657
4 16 -9.159 .305 -3.794 -10.658 1.172 -4.414 -8.157 1.172 -8.157 -7.01 .305 -7.01
4 16 -10.658 1.172 -4.414 -11.659 2.469 -4.83 -8.923 2.469 -8.923 -8.157 1.172 -8.157
1 16 -9.5 3.8 -8.645 .168 0 0 0 0 -.3 -.25132 1 .1313 2-4ndis.dat
1 16 -10.35 3.8 -7.372 .168 0 0 0 0 -.3 -.25132 1 .1313 2-4ndis.dat
1 16 -11.05 3.9 -6.368 .168 0 0 0 0 -.3 -.25132 1 .1313 2-4ndis.dat
1 16 -11.75 4 -5.364 .168 0 0 0 0 -.3 -.25132 1 .1313 2-4ndis.dat
1 0 -9.5 3.8 -8.645 .168 0 0 0 0 -.3 -.25132 1 .1313 2-4disc.dat
1 0 -10.35 3.8 -7.372 .168 0 0 0 0 -.3 -.25132 1 .1313 2-4disc.dat
1 0 -11.75 4 -5.364 .168 0 0 0 0 -.3 -.25132 1 .1313 2-4disc.dat
1 0 -11.05 3.9 -6.368 .168 0 0 0 0 -.3 -.25132 1 .1313 2-4disc.dat
4 0 -11.05 3.9 -6.368 -11.218 3.9 -6.117 -11.218 4 -6.161 -10.882 4 -6.663
3 0 -10.882 3.9 -6.62 -11.05 3.9 -6.368 -10.882 4 -6.663
4 0 -10.35 3.8 -7.372 -10.518 3.8 -7.121 -10.518 4 -7.208 -10.182 4 -7.711
3 0 -10.195 3.685 -7.554 -10.35 3.8 -7.372 -10.182 4 -7.711
4 0 -9.5 3.8 -8.645 -9.668 3.8 -8.393 -9.668 4 -8.481 -9.332 4 -8.984
3 0 -9.332 3.8 -8.896 -9.5 3.8 -8.645 -9.332 4 -8.984
4 16 -8.923 2.469 -8.923 -9.332 3.5 -8.764 -9.332 3.8 -8.896 -9.192 4 -9.193
3 16 -9.332 3.8 -8.896 -9.332 4 -8.984 -9.192 4 -9.193
3 16 -11.659 2.469 -4.83 -11.918 3.7 -4.981 -11.75 3.7 -5.233
4 16 -11.659 2.469 -4.83 -11.75 3.7 -5.233 -11.582 3.7 -5.484 -11.218 3.6 -5.985
3 16 -11.659 2.469 -4.83 -11.218 3.6 -5.985 -11.05 3.6 -6.237
4 16 -11.659 2.469 -4.83 -11.05 3.6 -6.237 -10.882 3.6 -6.488 -10.518 3.5 -6.989
4 16 -8.923 2.469 -8.923 -11.659 2.469 -4.83 -10.518 3.5 -6.989 -10.35 3.5 -7.241
3 16 -8.923 2.469 -8.923 -10.35 3.5 -7.241 -10.182 3.5 -7.492
4 16 -9.668 3.5 -8.261 -8.923 2.469 -8.923 -10.182 3.5 -7.492 -10.182 3.8 -7.624
3 16 -8.923 2.469 -8.923 -9.668 3.5 -8.261 -9.5 3.5 -8.513
3 16 -8.923 2.469 -8.923 -9.5 3.5 -8.513 -9.332 3.5 -8.764
4 16 -9.668 3.8 -8.393 -9.668 3.5 -8.261 -10.182 3.8 -7.624 -10.182 4 -7.711
3 16 -9.668 4 -8.481 -9.668 3.8 -8.393 -10.182 4 -7.711
4 16 -10.518 3.5 -6.989 -10.882 3.6 -6.488 -10.882 3.9 -6.62 -10.518 3.8 -7.121
4 16 -10.518 3.8 -7.121 -10.882 3.9 -6.62 -10.882 4 -6.663 -10.518 4 -7.208
4 16 -11.218 3.6 -5.985 -11.582 3.7 -5.484 -11.582 4 -5.616 -11.218 3.9 -6.117
3 16 -11.218 3.9 -6.117 -11.582 4 -5.616 -11.218 4 -6.161
3 16 -11.918 3.7 -4.981 -12.01 4 -4.975 -11.918 4 -5.113
3 16 -12.01 4 -4.975 -11.918 3.7 -4.981 -11.659 2.469 -4.83
4 16 -8 0 0 -9.914 .305 0 -9.159 .305 -3.794 -7.391 0 -3.062
4 16 -9.914 .305 0 -11.535 1.172 0 -10.658 1.172 -4.414 -9.159 .305 -3.794
4 16 -11.535 1.172 0 -12.619 2.469 0 -11.659 2.469 -4.83 -10.658 1.172 -4.414
3 16 -12.619 2.469 0 -12.01 4 -4.975 -11.659 2.469 -4.83
3 16 -12.619 2.469 0 -13 4 0 -12.01 4 -4.975
4 16 -9.914 20.695 0 -8 21 0 -7.391 21 -3.062 -9.159 20.695 -3.794
4 16 -11.535 19.828 0 -9.914 20.695 0 -9.159 20.695 -3.794 -10.658 19.828 -4.414
4 16 -12.619 18.531 0 -11.535 19.828 0 -10.658 19.828 -4.414 -11.659 18.531 -4.83
4 16 -12.01 17 -4.975 -13 17 0 -12.619 18.531 0 -11.659 18.531 -4.83
4 16 -7.01 20.695 -7.01 -9.159 20.695 -3.794 -7.391 21 -3.062 -5.657 21 -5.657
4 16 -8.157 19.828 -8.157 -10.658 19.828 -4.414 -9.159 20.695 -3.794 -7.01 20.695 -7.01
4 16 -8.923 18.531 -8.923 -11.659 18.531 -4.83 -10.658 19.828 -4.414 -8.157 19.828 -8.157
1 16 -9.4 17.45 -8.684 -.16228 0 .07765 .04348 0 .28978 .26187 1 .01116 2-4ndis.dat
1 0 -9.4 17.45 -8.684 -.16228 0 .07765 .04348 0 .28978 .26187 1 .01116 2-4disc.dat
4 0 -9.332 17 -8.984 -9.668 17 -8.481 -9.562 17.493 -8.423 -9.4 17.45 -8.684
3 0 -9.332 17 -8.984 -9.4 17.45 -8.684 -9.238 17.407 -8.946
3 16 -9.332 17 -8.984 -9.238 17.407 -8.946 -9.192 17 -9.193
3 16 -9.238 17.407 -8.946 -9.16 17.696 -8.935 -8.923 18.531 -8.923
3 16 -8.923 18.531 -8.923 -9.192 17 -9.193 -9.238 17.407 -8.946
3 16 -9.16 17.696 -8.935 -9.322 17.74 -8.673 -8.923 18.531 -8.923
3 16 -9.322 17.74 -8.673 -9.485 17.783 -8.411 -11.659 18.531 -4.83
3 16 -11.659 18.531 -4.83 -8.923 18.531 -8.923 -9.322 17.74 -8.673
3 16 -9.562 17.493 -8.423 -11.659 18.531 -4.83 -9.485 17.783 -8.411
4 16 -11.659 18.531 -4.83 -9.562 17.493 -8.423 -9.668 17 -8.481 -12.01 17 -4.975
4 16 -7.01 20.695 -7.01 -5.657 21 -5.657 -3.062 21 -7.391 -3.794 20.695 -9.159
4 16 -8.157 19.828 -8.157 -7.01 20.695 -7.01 -3.794 20.695 -9.159 -4.414 19.828 -10.658
4 16 -4.83 18.531 -11.659 -8.923 18.531 -8.923 -8.157 19.828 -8.157 -4.414 19.828 -10.658
1 16 -8.4 17.6 -9.546 -.23805 0 .07779 .06379 0 .29031 .17779 1 .03294 2-4ndis.dat
1 16 -7.4 17.7 -10.185 -.23805 0 .07779 .06379 0 .29031 .17779 1 .03294 2-4ndis.dat
1 16 -6.4 17.6 -10.883 -.23805 0 .07779 .06379 0 .29031 .17779 1 .03294 2-4ndis.dat
1 16 -5.3 17.6 -11.617 -.23805 0 .07779 .06379 0 .29031 .17779 1 .03294 2-4ndis.dat
1 0 -5.3 17.6 -11.617 -.23805 0 .07779 .06379 0 .29031 .17779 1 .03294 2-4disc.dat
1 0 -6.4 17.6 -10.883 -.23805 0 .07779 .06379 0 .29031 .17779 1 .03294 2-4disc.dat
1 0 -7.4 17.7 -10.185 -.23805 0 .07779 .06379 0 .29031 .17779 1 .03294 2-4disc.dat
1 0 -8.4 17.6 -9.546 -.23805 0 .07779 .06379 0 .29031 .17779 1 .03294 2-4disc.dat
4 0 -8.847 17 -9.424 -8.638 17.664 -9.368 -8.4 17.6 -9.546 -8.354 17 -9.753
3 0 -8.354 17 -9.753 -8.4 17.6 -9.546 -8.162 17.536 -9.724
4 0 -7.847 17 -10.092 -7.638 17.764 -10.007 -7.4 17.7 -10.185 -7.354 17 -10.421
3 0 -7.354 17 -10.421 -7.4 17.7 -10.185 -7.162 17.636 -10.363
4 0 -6.254 17 -11.156 -6.747 17 -10.827 -6.638 17.664 -10.705 -6.4 17.6 -10.883
3 0 -6.254 17 -11.156 -6.4 17.6 -10.883 -6.162 17.536 -11.06
4 0 -5.154 17 -11.891 -5.647 17 -11.561 -5.538 17.664 -11.44 -5.3 17.6 -11.617
3 0 -5.154 17 -11.891 -5.3 17.6 -11.617 -5.062 17.536 -11.795
3 16 -5.154 17 -11.891 -5.062 17.536 -11.795 -4.975 17 -12.01
3 16 -4.975 17 -12.01 -5.062 17.536 -11.795 -4.984 17.827 -11.762
3 16 -4.975 17 -12.01 -4.984 17.827 -11.762 -4.83 18.531 -11.659
3 16 -4.984 17.827 -11.762 -5.222 17.89 -11.584 -4.83 18.531 -11.659
3 16 -5.222 17.89 -11.584 -5.46 17.954 -11.407 -4.83 18.531 -11.659
4 16 -4.83 18.531 -11.659 -5.46 17.954 -11.407 -6.084 17.827 -11.027 -6.322 17.89 -10.85
3 16 -6.322 17.89 -10.85 -6.56 17.954 -10.672 -4.83 18.531 -11.659
4 16 -4.83 18.531 -11.659 -6.56 17.954 -10.672 -7.084 17.927 -10.33 -7.322 17.99 -10.152
4 16 -4.83 18.531 -11.659 -7.322 17.99 -10.152 -7.56 18.054 -9.974 -8.923 18.531 -8.923
4 16 -8.923 18.531 -8.923 -7.56 18.054 -9.974 -8.084 17.827 -9.691 -8.322 17.89 -9.513
3 16 -8.322 17.89 -9.513 -8.56 17.954 -9.335 -8.923 18.531 -8.923
4 16 -8.638 17.664 -9.368 -8.847 17 -9.424 -9.192 17 -9.193 -8.923 18.531 -8.923
3 16 -8.638 17.664 -9.368 -8.923 18.531 -8.923 -8.56 17.954 -9.335
3 16 -7.847 17 -10.092 -8.354 17 -9.753 -8.162 17.536 -9.724
4 16 -7.847 17 -10.092 -8.162 17.536 -9.724 -8.084 17.827 -9.691 -7.638 17.764 -10.007
3 16 -7.638 17.764 -10.007 -8.084 17.827 -9.691 -7.56 18.054 -9.974
4 16 -6.747 17 -10.827 -7.354 17 -10.421 -7.162 17.636 -10.363 -6.638 17.664 -10.705
4 16 -6.638 17.664 -10.705 -7.162 17.636 -10.363 -7.084 17.927 -10.33 -6.56 17.954 -10.672
4 16 -5.647 17 -11.561 -6.254 17 -11.156 -6.162 17.536 -11.06 -5.538 17.664 -11.44
4 16 -5.538 17.664 -11.44 -6.162 17.536 -11.06 -6.084 17.827 -11.027 -5.46 17.954 -11.407
4 16 0 20.695 -9.914 -3.794 20.695 -9.159 -3.062 21 -7.391 0 21 -8
4 16 0 19.828 -11.535 -4.414 19.828 -10.658 -3.794 20.695 -9.159 0 20.695 -9.914
4 16 0 18.531 -12.619 -4.83 18.531 -11.659 -4.414 19.828 -10.658 0 19.828 -11.535
1 16 -4.2 17.7 -11.99 -.4 0 0 0 0 .4 .0795 1 .09954 2-4ndis.dat
1 16 -3.1 17.7 -12.209 -.4 0 0 0 0 .4 .0795 1 .09954 2-4ndis.dat
1 16 -2.15 18.12 -12.294 -.4 0 0 0 0 .4 .0795 1 .09954 2-4ndis.dat
1 16 -1.1 18.1 -12.507 -.4 0 0 0 0 .4 .0795 1 .09954 2-4ndis.dat
1 16 0 18.1 -12.726 -.4 0 0 0 0 .4 .0795 1 .09954 1-4ndis.dat
1 0 -1.1 18.1 -12.507 -.4 0 0 0 0 .4 .0795 1 .09954 2-4disc.dat
1 0 -2.15 18.12 -12.294 -.4 0 0 0 0 .4 .0795 1 .09954 2-4disc.dat
1 0 -3.1 17.7 -12.209 -.4 0 0 0 0 .4 .0795 1 .09954 2-4disc.dat
1 0 -4.2 17.7 -11.99 -.4 0 0 0 0 .4 .0795 1 .09954 2-4disc.dat
1 0 0 18.1 -12.726 -.4 0 0 0 0 .4 .0795 1 .09954 1-4disc.dat
4 0 -4.8 17 -12.045 -4.6 17.7 -11.911 -4.2 17.7 -11.99 -4 17 -12.204
3 0 -4 17 -12.204 -4.2 17.7 -11.99 -3.8 17.7 -12.07
4 0 -3.6 17 -12.284 -3.5 17.7 -12.13 -3.1 17.7 -12.209 -2.8 17 -12.443
3 0 -2.8 17 -12.443 -3.1 17.7 -12.209 -2.7 17.7 -12.289
4 0 -2.6 17 -12.483 -2.55 18.12 -12.214 -2.15 18.12 -12.294 -1.8 17 -12.642
3 0 -1.8 17 -12.642 -2.15 18.12 -12.294 -1.75 18.12 -12.373
4 0 -1.2 17 -12.761 -1.6 17 -12.682 -1.5 18.1 -12.428 -1.1 18.1 -12.507
4 0 -.8 17 -12.841 -1.2 17 -12.761 -1.1 18.1 -12.507 -.7 18.1 -12.587
4 0 0 17 -13 -.4 17 -12.92 -.4 18.1 -12.647 0 18.1 -12.726
3 16 -1.5 18.5 -12.329 -1.75 18.52 -12.274 0 18.531 -12.619
3 16 0 18.531 -12.619 -1.1 18.5 -12.408 -1.5 18.5 -12.329
3 16 -.7 18.5 -12.488 -1.1 18.5 -12.408 0 18.531 -12.619
3 16 -.4 18.5 -12.547 -.7 18.5 -12.488 0 18.531 -12.619
3 16 0 18.5 -12.627 -.4 18.5 -12.547 0 18.531 -12.619
3 16 0 18.531 -12.619 -1.75 18.52 -12.274 -2.15 18.52 -12.194
3 16 -2.15 18.52 -12.194 -4.83 18.531 -11.659 0 18.531 -12.619
3 16 -2.15 18.52 -12.194 -2.55 18.52 -12.115 -4.83 18.531 -11.659
4 16 -4.83 18.531 -11.659 -2.55 18.52 -12.115 -2.55 18.12 -12.214 -2.7 18.1 -12.189
3 16 -2.7 18.1 -12.189 -3.1 18.1 -12.11 -4.83 18.531 -11.659
3 16 -3.1 18.1 -12.11 -3.5 18.1 -12.03 -4.83 18.531 -11.659
3 16 -3.5 18.1 -12.03 -3.8 18.1 -11.971 -4.83 18.531 -11.659
3 16 -3.8 18.1 -11.971 -4.2 18.1 -11.891 -4.83 18.531 -11.659
3 16 -4.6 18.1 -11.812 -4.83 18.531 -11.659 -4.2 18.1 -11.891
4 16 -4.83 18.531 -11.659 -4.6 18.1 -11.812 -4.6 17.7 -11.911 -4.975 17 -12.01
3 16 -4.8 17 -12.045 -4.975 17 -12.01 -4.6 17.7 -11.911
4 16 -3.6 17 -12.284 -4 17 -12.204 -3.8 17.7 -12.07 -3.5 17.7 -12.13
4 16 -3.5 17.7 -12.13 -3.8 17.7 -12.07 -3.8 18.1 -11.971 -3.5 18.1 -12.03
4 16 -2.6 17 -12.483 -2.8 17 -12.443 -2.7 17.7 -12.289 -2.55 18.12 -12.214
3 16 -2.7 17.7 -12.289 -2.7 18.1 -12.189 -2.55 18.12 -12.214
4 16 -1.6 17 -12.682 -1.8 17 -12.642 -1.75 18.12 -12.373 -1.5 18.1 -12.428
4 16 -1.5 18.1 -12.428 -1.75 18.12 -12.373 -1.75 18.52 -12.274 -1.5 18.5 -12.329
4 16 -.4 17 -12.92 -.8 17 -12.841 -.7 18.1 -12.587 -.4 18.1 -12.647
4 16 -.4 18.1 -12.647 -.7 18.1 -12.587 -.7 18.5 -12.488 -.4 18.5 -12.547
