0 ~Tyre 10/130 x 17 Back Hole
0 Name: s\3634c.dat
0 Author: Leonardo Zide [leozide]
0 !LICENSE Licensed under CC BY 2.0 and CC BY 4.0 : see CAreadme.txt
0 BFC CERTIFY CCW
4 16 41 1 -10.5 31 1 -10.5 24 1 12 41 1 12
4 16 41 -1 12 24 -1 12 31 -1 -10.5 41 -1 -10.5
1 16 32.543 0 12 0 0 8.4568 -1 0 0 0 -1.02507 0 rect3.dat
2 24 41 1 -10.5 31 1 -10.5
2 24 41 -1 -10.5 31 -1 -10.5
2 24 41 1 12 41 1 -10.5
2 24 41 -1 12 41 -1 -10.5
2 24 24.086 1 12 31 1 -10.5
2 24 24.086 -1 12 31 -1 -10.5
2 24 24.086 1 12 24.152 0 12
2 24 24.152 0 12 24.086 -1 12
