0 ~Minifig Leg Right without Front Surfaces (Obsolete)
0 Name: s\3816s01.dat
0 Author: Steve Bliss [sbliss]
0 !LICENSE Licensed under CC BY 4.0 : see CAreadme.txt
0 BFC CERTIFY CW
1 16 0 0 0 1 0 0 0 1 0 0 0 1 s\3816s02.dat
4 16 -19.5 28 -11 -19.5 28 9 -19.18 20 -6 -19.18 20 -11
4 16 -19.18 20 -6 -19.5 28 9 -18.36 0 9 -18.64 6.74 -6
3 16 -18.36 0 9 -18.36 0 0 -18.64 6.74 -6
4 16 -18.36 0 0 -18.36 0 9 -18.23 -3.42 8.28 -18.11 -6.3 6.3
4 16 -18.36 0 0 -18.11 -6.3 6.3 -18.03 -8.28 3.42 -18 -9 0
4 16 -18.36 0 0 -18 -9 0 -18.03 -8.28 -3.42 -18.11 -6.3 -6.3
4 16 -18.36 0 0 -18.11 -6.3 -6.3 -18.23 -3.42 -8.28 -18.36 0 -9
4 16 -18.36 0 0 -18.36 0 -9 -18.5 3.42 -8.28 -18.64 6.74 -6
