0 ~Minifig Leg Left with Insectoids Robot Pattern
0 Name: s\3817p60s01.dat
0 Author: Mikkel Bech Jensen [gaia]
0 !LDRAW_ORG Unofficial_Subpart
0 !LICENSE Redistributable under CCAL version 2.0 : see CAreadme.txt

0 BFC CERTIFY CCW

4 80 10.447 11.575 -6 9.751 11.575 -6 9.631 12.186 -6 10.29 12.459 -6
4 80 10.29 12.459 -6 9.631 12.186 -6 9.285 12.703 -6 9.79 13.208 -6
4 80 9.79 13.208 -6 9.285 12.703 -6 8.768 13.049 -6 9.041 13.708 -6
4 80 9.041 13.708 -6 8.768 13.049 -6 8.157 13.17 -6 8.157 13.884 -6
4 134 7.407 13.903 -6 7.407 13.157 -6 6.791 13.157 -6 6.791 13.903 -6
4 80 7.407 13.157 -6 7.599 12.924 -6 6.599 12.924 -6 6.791 13.157 -6
4 80 7.599 12.924 -6 7.407 13.157 -6 7.407 13.903 -6 7.6 13.17 -6
4 80 6.791 13.903 -6 6.599 14.136 -6 7.599 14.136 -6 7.407 13.903 -6
4 80 6.791 13.157 -6 6.599 12.924 -6 6.599 14.136 -6 6.791 13.903 -6
4 134 6.178 14.309 -6 6.178 12.771 -6 3.82 12.771 -6 3.82 14.309 -6
4 80 6.178 12.771 -6 6.599 12.496 -6 3.399 12.496 -6 3.82 12.771 -6
4 80 6.599 12.496 -6 6.178 12.771 -6 6.178 14.309 -6 6.599 12.924 -6
4 80 3.82 14.309 -6 3.399 14.584 -6 6.599 14.584 -6 6.178 14.309 -6
4 80 3.82 12.771 -6 3.399 12.496 -6 3.399 14.584 -6 3.82 14.309 -6
3 80 6.599 12.924 -6 6.178 14.309 -6 6.599 14.136 -6
3 80 6.599 14.136 -6 6.178 14.309 -6 6.599 14.584 -6
4 80 7.407 13.903 -6 7.599 14.136 -6 7.6 13.884 -6 7.6 13.17 -6
4 80 8.157 13.884 -6 8.157 13.17 -6 7.6 13.17 -6 7.6 13.884 -6
4 80 9.041 11.108 -6 8.768 10.449 -6 8.157 10.57 -6 8.157 11.284 -6
4 134 7.407 11.303 -6 7.407 10.557 -6 6.791 10.557 -6 6.791 11.303 -6
4 80 7.407 10.557 -6 7.599 10.324 -6 6.599 10.324 -6 6.791 10.557 -6
4 80 7.599 10.324 -6 7.407 10.557 -6 7.407 11.303 -6 7.6 10.57 -6
4 80 6.791 11.303 -6 6.599 11.536 -6 7.599 11.536 -6 7.407 11.303 -6
4 80 6.791 10.557 -6 6.599 10.324 -6 6.599 11.536 -6 6.791 11.303 -6
4 134 6.178 11.709 -6 6.178 10.171 -6 3.82 10.171 -6 3.82 11.709 -6
4 80 6.178 10.171 -6 6.599 9.896 -6 3.399 9.896 -6 3.82 10.171 -6
4 80 6.599 9.896 -6 6.178 10.171 -6 6.178 11.709 -6 6.599 10.324 -6
4 80 3.82 11.709 -6 3.399 11.984 -6 6.599 11.984 -6 6.178 11.709 -6
4 80 3.82 10.171 -6 3.399 9.896 -6 3.399 11.984 -6 3.82 11.709 -6
3 80 6.599 10.324 -6 6.178 11.709 -6 6.599 11.536 -6
3 80 6.599 11.536 -6 6.178 11.709 -6 6.599 11.984 -6
4 80 7.407 11.303 -6 7.599 11.536 -6 7.6 11.284 -6 7.6 10.57 -6
4 80 8.157 11.284 -6 8.157 10.57 -6 7.6 10.57 -6 7.6 11.284 -6
4 80 9.041 8.508 -6 8.768 7.849 -6 8.157 7.97 -6 8.157 8.684 -6
4 134 7.407 8.703 -6 7.407 7.957 -6 6.791 7.957 -6 6.791 8.703 -6
4 80 7.407 7.957 -6 7.599 7.724 -6 6.599 7.724 -6 6.791 7.957 -6
4 80 7.599 7.724 -6 7.407 7.957 -6 7.407 8.703 -6 7.6 7.97 -6
4 80 6.791 8.703 -6 6.599 8.936 -6 7.599 8.936 -6 7.407 8.703 -6
4 80 6.791 7.957 -6 6.599 7.724 -6 6.599 8.936 -6 6.791 8.703 -6
4 134 3.82 7.7 -6 3.82 9.109 -6 6.178 9.109 -6 6.178 7.7 -6
4 80 6.178 7.7 -6 6.178 9.109 -6 6.599 7.724 -6 6.599 7.7 -6
4 80 3.82 9.109 -6 3.399 9.384 -6 6.599 9.384 -6 6.178 9.109 -6
4 80 3.399 7.7 -6 3.399 9.384 -6 3.82 9.109 -6 3.82 7.7 -6
3 80 6.599 7.724 -6 6.178 9.109 -6 6.599 8.936 -6
3 80 6.599 8.936 -6 6.178 9.109 -6 6.599 9.384 -6
4 80 7.407 8.703 -6 7.599 8.936 -6 7.6 8.684 -6 7.6 7.97 -6
4 80 8.157 8.684 -6 8.157 7.97 -6 7.6 7.97 -6 7.6 8.684 -6
4 80 9.751 8.975 -6 9.631 9.586 -6 9.751 10.633 -6 10.447 11.575 -6
4 80 9.751 10.633 -6 9.631 9.586 -6 9.285 10.103 -6 9.041 11.108 -6
3 80 9.285 10.103 -6 8.768 10.449 -6 9.041 11.108 -6
4 80 8.768 7.849 -6 9.041 8.508 -6 9.751 8.033 -6 8.991 7.7 -6
3 80 9.751 10.633 -6 9.751 11.575 -6 10.447 11.575 -6
4 80 9.751 8.033 -6 9.751 8.975 -6 10.447 11.575 -6 10.447 7.7 -6
4 80 16.643 12.9 -6 16.028 12.9 -6 15.984 13.064 -6 16.517 13.372 -6
4 80 16.517 13.372 -6 15.984 13.064 -6 15.864 13.185 -6 16.171 13.718 -6
4 80 16.171 13.718 -6 15.864 13.185 -6 15.699 13.229 -6 15.699 13.844 -6
4 80 15.984 8.488 -6 16.028 8.653 -6 16.643 8.653 -6 16.517 8.181 -6
4 80 15.864 8.368 -6 15.984 8.488 -6 16.517 8.181 -6 16.171 7.835 -6
4 80 15.699 8.324 -6 15.864 8.368 -6 16.171 7.835 -6 15.699 7.709 -6
4 80 13.488 13.185 -6 13.367 13.064 -6 12.835 13.372 -6 13.18 13.718 -6
4 80 13.652 13.229 -6 13.488 13.185 -6 13.18 13.718 -6 13.652 13.844 -6
4 80 12.835 8.181 -6 13.367 8.488 -6 13.488 8.368 -6 13.18 7.835 -6
4 80 13.18 7.835 -6 13.488 8.368 -6 13.652 8.324 -6 13.652 7.709 -6
4 80 11.999 10.9 -6 13.367 8.488 -6 12.835 8.181 -6 11.399 10.6 -6
4 80 11.999 10.9 -6 11.399 10.6 -6 11.399 11.2 -6 13.367 13.064 -6
3 80 11.399 11.2 -6 12.835 13.372 -6 13.367 13.064 -6
4 80 15.699 8.324 -6 15.699 7.709 -6 13.652 7.709 -6 13.652 8.324 -6
4 80 16.643 12.9 -6 16.643 8.653 -6 16.028 8.653 -6 16.028 12.9 -6
4 80 15.699 13.844 -6 15.699 13.229 -6 13.652 13.229 -6 13.652 13.844 -6
4 16 15.085 9.6 -6 15.033 9.407 -6 14.699 9.6 -6 15.033 9.793 -6
4 16 14.892 9.934 -6 15.033 9.793 -6 14.699 9.6 -6 14.699 9.985 -6
4 16 14.507 9.934 -6 14.699 9.985 -6 14.699 9.6 -6 14.365 9.793 -6
4 16 14.314 9.6 -6 14.365 9.793 -6 14.699 9.6 -6 14.365 9.407 -6
4 16 14.507 9.266 -6 14.365 9.407 -6 14.699 9.6 -6 14.699 9.215 -6
4 16 14.892 9.266 -6 14.699 9.215 -6 14.699 9.6 -6 15.033 9.407 -6
4 80 15.465 9.158 -6 15.033 9.407 -6 15.085 9.6 -6 15.583 9.6 -6
4 80 15.583 9.6 -6 15.085 9.6 -6 15.033 9.793 -6 15.465 10.042 -6
4 80 15.465 10.042 -6 15.033 9.793 -6 14.892 9.934 -6 15.141 10.366 -6
4 80 15.141 10.366 -6 14.892 9.934 -6 14.699 9.985 -6 14.699 10.484 -6
4 80 14.699 10.484 -6 14.699 9.985 -6 14.507 9.934 -6 14.257 10.366 -6
4 80 14.257 10.366 -6 14.507 9.934 -6 14.365 9.793 -6 13.934 10.042 -6
4 80 13.934 10.042 -6 14.365 9.793 -6 14.314 9.6 -6 13.815 9.6 -6
4 80 13.815 9.6 -6 14.314 9.6 -6 14.365 9.407 -6 13.934 9.158 -6
4 80 13.934 9.158 -6 14.365 9.407 -6 14.507 9.266 -6 14.257 8.834 -6
4 80 14.257 8.834 -6 14.507 9.266 -6 14.699 9.215 -6 14.699 8.716 -6
4 80 14.699 8.716 -6 14.699 9.215 -6 14.892 9.266 -6 15.141 8.834 -6
4 80 15.141 8.834 -6 14.892 9.266 -6 15.033 9.407 -6 15.465 9.158 -6
4 16 15.085 11.9 -6 15.033 11.707 -6 14.699 11.9 -6 15.033 12.093 -6
4 16 14.892 12.234 -6 15.033 12.093 -6 14.699 11.9 -6 14.699 12.285 -6
4 16 14.507 12.234 -6 14.699 12.285 -6 14.699 11.9 -6 14.365 12.093 -6
4 16 14.314 11.9 -6 14.365 12.093 -6 14.699 11.9 -6 14.365 11.707 -6
4 16 14.507 11.566 -6 14.365 11.707 -6 14.699 11.9 -6 14.699 11.515 -6
4 16 14.892 11.566 -6 14.699 11.515 -6 14.699 11.9 -6 15.033 11.707 -6
4 80 15.465 11.458 -6 15.033 11.707 -6 15.085 11.9 -6 15.583 11.9 -6
4 80 15.583 11.9 -6 15.085 11.9 -6 15.033 12.093 -6 15.465 12.342 -6
4 80 15.465 12.342 -6 15.033 12.093 -6 14.892 12.234 -6 15.141 12.666 -6
4 80 15.141 12.666 -6 14.892 12.234 -6 14.699 12.285 -6 14.699 12.784 -6
4 80 14.699 12.784 -6 14.699 12.285 -6 14.507 12.234 -6 14.257 12.666 -6
4 80 14.257 12.666 -6 14.507 12.234 -6 14.365 12.093 -6 13.934 12.342 -6
4 80 13.934 12.342 -6 14.365 12.093 -6 14.314 11.9 -6 13.815 11.9 -6
4 80 13.815 11.9 -6 14.314 11.9 -6 14.365 11.707 -6 13.934 11.458 -6
4 80 13.934 11.458 -6 14.365 11.707 -6 14.507 11.566 -6 14.257 11.134 -6
4 80 14.257 11.134 -6 14.507 11.566 -6 14.699 11.515 -6 14.699 11.016 -6
4 80 14.699 11.016 -6 14.699 11.515 -6 14.892 11.566 -6 15.141 11.134 -6
4 80 15.141 11.134 -6 14.892 11.566 -6 15.033 11.707 -6 15.465 11.458 -6
4 8 14.699 10.484 -6 14.699 11.016 -6 15.141 11.134 -6 15.141 10.366 -6
4 8 15.465 10.042 -6 15.141 10.366 -6 15.141 11.134 -6 15.465 11.458 -6
4 8 15.465 10.042 -6 15.465 11.458 -6 15.583 11.9 -6 15.583 9.6 -6
4 8 15.583 9.6 -6 15.583 11.9 -6 16.028 12.9 -6 16.028 8.653 -6
4 8 15.465 9.158 -6 15.583 9.6 -6 16.028 8.653 -6 15.984 8.488 -6
4 8 15.465 9.158 -6 15.984 8.488 -6 15.864 8.368 -6 15.699 8.324 -6
3 8 15.699 8.324 -6 15.141 8.834 -6 15.465 9.158 -6
4 8 14.699 8.716 -6 15.141 8.834 -6 15.699 8.324 -6 13.652 8.324 -6
4 8 14.257 8.834 -6 14.699 8.716 -6 13.652 8.324 -6 13.488 8.368 -6
4 8 13.934 9.158 -6 14.257 8.834 -6 13.488 8.368 -6 13.367 8.488 -6
4 8 13.815 9.6 -6 13.934 9.158 -6 13.367 8.488 -6 11.999 10.9 -6
4 8 13.934 10.042 -6 13.815 9.6 -6 11.999 10.9 -6 13.934 11.458 -6
4 8 13.934 10.042 -6 13.934 11.458 -6 14.257 11.134 -6 14.257 10.366 -6
4 8 14.699 10.484 -6 14.257 10.366 -6 14.257 11.134 -6 14.699 11.016 -6
3 8 11.999 10.9 -6 13.815 11.9 -6 13.934 11.458 -6
4 8 13.934 12.342 -6 13.815 11.9 -6 11.999 10.9 -6 13.367 13.064 -6
4 8 13.934 12.342 -6 13.367 13.064 -6 13.488 13.185 -6 13.652 13.229 -6
3 8 13.934 12.342 -6 13.652 13.229 -6 14.257 12.666 -6
4 8 14.699 12.784 -6 14.257 12.666 -6 13.652 13.229 -6 15.699 13.229 -6
4 8 15.141 12.666 -6 14.699 12.784 -6 15.699 13.229 -6 15.864 13.185 -6
4 8 15.465 12.342 -6 15.141 12.666 -6 15.864 13.185 -6 15.984 13.064 -6
4 8 15.465 12.342 -6 15.984 13.064 -6 16.028 12.9 -6 15.583 11.9 -6
4 16 7.599 14.136 -6 6.599 14.584 -6 13.18 13.718 -6 9.041 13.708 -6
3 16 7.599 14.136 -6 6.599 14.136 -6 6.599 14.584 -6
3 16 8.157 13.884 -6 7.6 13.884 -6 7.599 14.136 -6
3 16 9.041 13.708 -6 8.157 13.884 -6 7.599 14.136 -6
4 16 9.041 13.708 -6 13.18 13.718 -6 12.835 13.372 -6 9.79 13.208 -6
3 16 10.29 12.459 -6 9.79 13.208 -6 12.835 13.372 -6
4 16 10.447 11.575 -6 10.29 12.459 -6 12.835 13.372 -6 11.399 11.2 -6
4 16 10.447 11.575 -6 11.399 11.2 -6 11.399 10.6 -6 10.447 7.7 -6
4 16 9.751 11.575 -6 9.751 10.633 -6 9.041 11.108 -6 9.631 12.186 -6
4 16 9.631 12.186 -6 9.041 11.108 -6 8.157 11.284 -6 9.285 12.703 -6
4 16 8.768 13.049 -6 9.285 12.703 -6 8.157 11.284 -6 8.157 13.17 -6
4 16 8.157 13.17 -6 8.157 11.284 -6 7.599 12.924 -6 7.6 13.17 -6
4 16 8.157 11.284 -6 7.6 11.284 -6 7.599 11.536 -6 7.599 12.924 -6
4 16 6.599 12.924 -6 7.599 12.924 -6 7.599 11.536 -6 6.599 12.496 -6
3 16 7.599 11.536 -6 6.599 11.984 -6 6.599 12.496 -6
3 16 7.599 11.536 -6 6.599 11.536 -6 6.599 11.984 -6
4 16 3.399 12.496 -6 6.599 12.496 -6 6.599 11.984 -6 3.399 11.984 -6
4 16 9.751 8.975 -6 9.751 8.033 -6 9.041 8.508 -6 9.631 9.586 -6
4 16 9.285 10.103 -6 9.631 9.586 -6 9.041 8.508 -6 8.768 10.449 -6
4 16 8.768 10.449 -6 9.041 8.508 -6 8.157 8.684 -6 7.599 8.936 -6
3 16 8.157 8.684 -6 7.6 8.684 -6 7.599 8.936 -6
4 16 8.157 10.57 -6 8.768 10.449 -6 7.599 10.324 -6 7.6 10.57 -6
3 16 7.599 8.936 -6 7.599 10.324 -6 8.768 10.449 -6
4 16 6.599 10.324 -6 7.599 10.324 -6 7.599 8.936 -6 6.599 9.896 -6
3 16 7.599 8.936 -6 6.599 9.384 -6 6.599 9.896 -6
3 16 7.599 8.936 -6 6.599 8.936 -6 6.599 9.384 -6
4 16 3.399 9.896 -6 6.599 9.896 -6 6.599 9.384 -6 3.399 9.384 -6
4 16 6.599 7.7 -6 6.599 7.724 -6 7.599 7.724 -6 8.991 7.7 -6
4 16 7.599 7.724 -6 7.6 7.97 -6 8.157 7.97 -6 8.991 7.7 -6
3 16 8.991 7.7 -6 8.157 7.97 -6 8.768 7.849 -6
4 16 6.599 14.584 -6 3.399 14.584 -6 1.5 20 -6 19.18 20 -6
4 16 13.18 13.718 -6 6.599 14.584 -6 19.18 20 -6 13.652 13.844 -6
3 16 15.699 13.844 -6 13.652 13.844 -6 19.18 20 -6
3 16 16.171 13.718 -6 15.699 13.844 -6 19.18 20 -6
3 16 16.517 13.372 -6 16.171 13.718 -6 19.18 20 -6
4 16 16.643 12.9 -6 16.517 13.372 -6 19.18 20 -6 18.68 7.7 -6
3 16 18.68 7.7 -6 16.643 8.653 -6 16.643 12.9 -6
3 16 18.68 7.7 -6 16.517 8.181 -6 16.643 8.653 -6
3 16 3.399 7.7 -6 2 7.7 -6 3.399 9.384 -6
4 16 3.399 9.384 -6 2 7.7 -6 1.5 7.7 -6 3.399 9.896 -6
3 16 1.5 7.7 -6 3.399 11.984 -6 3.399 9.896 -6
3 16 1.5 7.7 -6 3.399 12.496 -6 3.399 11.984 -6
4 16 3.399 14.584 -6 3.399 12.496 -6 1.5 7.7 -6 1.5 20 -6
3 80 9.751 8.033 -6 10.447 7.7 -6 8.991 7.7 -6
4 16 10.447 7.7 -6 13.652 7.709 -6 15.699 7.709 -6 18.68 7.7 -6
3 16 18.68 7.7 -6 15.699 7.709 -6 16.171 7.835 -6
3 16 18.68 7.7 -6 16.171 7.835 -6 16.517 8.181 -6
3 16 10.447 7.7 -6 13.18 7.835 -6 13.652 7.709 -6
3 16 10.447 7.7 -6 12.835 8.181 -6 13.18 7.835 -6
3 16 10.447 7.7 -6 11.399 10.6 -6 12.835 8.181 -6
4 134 6.178 7.571 -6 3.82 7.571 -6 3.82 7.7 -6 6.178 7.7 -6
4 80 6.178 7.571 -6 6.599 7.296 -6 3.399 7.296 -6 3.82 7.571 -6
4 80 6.599 7.296 -6 6.178 7.571 -6 6.178 7.7 -6 6.599 7.7 -6
4 80 3.82 7.571 -6 3.399 7.296 -6 3.399 7.7 -6 3.82 7.7 -6
4 16 9.285 7.503 -6 9.631 6.986 -6 9.679 6.74 -6 8.991 7.7 -6
4 16 3.399 7.296 -6 2 6.74 -6 2 7.7 -6 3.399 7.7 -6
4 80 10.447 6.74 -6 9.679 6.74 -6 9.631 6.986 -6 10.447 7.7 -6
3 80 9.631 6.986 -6 9.285 7.503 -6 10.447 7.7 -6
3 80 10.447 7.7 -6 9.285 7.503 -6 8.991 7.7 -6
4 16 2 6.74 -6 3.399 7.296 -6 6.599 7.296 -6 9.679 6.74 -6
4 16 6.599 7.7 -6 8.991 7.7 -6 9.679 6.74 -6 6.599 7.296 -6
3 16 10.447 7.7 -6 18.64 6.74 -6 10.447 6.74 -6
3 16 18.64 6.74 -6 10.447 7.7 -6 18.68 7.7 -6
4 80 13.154 3.42 -8.28 13.02 3.621 -8.142 13.574 4.175 -7.762 14.078 3.42 -8.28
4 80 13.574 4.175 -7.762 13.02 3.621 -8.142 11.68 4.516 -7.527 11.98 5.24 -7.03
4 80 8.219 5.24 -7.03 8.519 4.516 -7.527 7.179 3.621 -8.142 6.624 4.175 -7.762
4 80 6.624 4.175 -7.762 7.179 3.621 -8.142 7.045 3.42 -8.28 6.12 3.42 -8.28
4 80 9.751 3.42 -8.28 9.751 3.812 -8.011 10.447 3.812 -8.011 10.447 3.42 -8.28
4 80 10.447 4.388 -7.615 10.447 3.812 -8.011 9.751 3.812 -8.011 9.751 4.388 -7.615
4 80 10.447 4.761 -7.359 10.447 4.388 -7.615 9.751 4.388 -7.615 9.751 4.761 -7.359
4 80 10.447 5.544 -6.821 10.447 4.761 -7.359 9.751 4.761 -7.359 9.751 5.544 -6.821
4 80 9.751 5.544 -6.821 9.751 4.761 -7.359 8.519 4.516 -7.527 8.219 5.24 -7.03
4 80 10.447 4.761 -7.359 10.447 5.544 -6.821 11.98 5.24 -7.03 11.68 4.516 -7.527
4 80 10.955 4.388 -7.615 10.955 3.812 -8.011 10.447 3.812 -8.011 10.447 4.388 -7.615
4 80 9.751 3.812 -8.011 9.243 3.812 -8.011 9.243 4.388 -7.615 9.751 4.388 -7.615
4 16 8.519 4.516 -7.527 9.243 4.388 -7.615 9.243 3.812 -8.011 7.179 3.621 -8.142
4 16 9.243 4.388 -7.615 8.519 4.516 -7.527 9.751 4.761 -7.359 9.751 4.388 -7.615
4 16 10.955 4.388 -7.615 10.447 4.388 -7.615 10.447 4.761 -7.359 11.68 4.516 -7.527
4 16 10.955 3.812 -8.011 10.955 4.388 -7.615 11.68 4.516 -7.527 13.02 3.621 -8.142
4 16 10.447 3.812 -8.011 10.955 3.812 -8.011 13.02 3.621 -8.142 10.447 3.42 -8.28
4 16 15.855 5.909 -6.571 16.067 5.709 -6.708 15.158 4.799 -7.333 14.958 5.013 -7.186
4 80 16.067 5.709 -6.708 16.22 5.349 -6.956 16.015 4.854 -7.295 15.52 4.649 -7.436
3 80 15.52 4.649 -7.436 15.158 4.799 -7.333 16.067 5.709 -6.708
4 80 15.025 5.844 -6.616 15.52 6.049 -6.475 15.855 5.909 -6.571 14.82 5.349 -6.956
3 80 14.958 5.013 -7.186 14.82 5.349 -6.956 15.855 5.909 -6.571
4 16 5.187 5.533 -6.829 5.196 5.242 -7.029 3.91 5.241 -7.029 3.92 5.534 -6.828
4 80 5.196 5.242 -7.029 5.05 4.879 -7.278 4.555 4.674 -7.419 4.06 4.879 -7.278
3 80 4.06 4.879 -7.278 3.91 5.241 -7.029 5.196 5.242 -7.029
4 80 4.555 6.074 -6.457 5.05 5.869 -6.598 5.187 5.533 -6.829 4.06 5.869 -6.598
3 80 5.187 5.533 -6.829 3.92 5.534 -6.828 4.06 5.869 -6.598
4 80 9.751 5.544 -6.821 9.751 6.375 -6.251 10.447 6.74 -6 10.447 5.544 -6.821
4 16 8.219 5.24 -7.03 9.679 6.74 -6 9.751 6.375 -6.251 9.751 5.544 -6.821
3 80 9.751 6.375 -6.251 9.679 6.74 -6 10.447 6.74 -6
3 16 4.555 4.674 -7.419 6.12 3.42 -8.28 2 3.42 -8.28
4 16 6.12 3.42 -8.28 4.555 4.674 -7.419 5.05 4.879 -7.278 6.624 4.175 -7.762
4 16 6.624 4.175 -7.762 5.05 4.879 -7.278 5.196 5.242 -7.029 8.219 5.24 -7.03
4 16 8.219 5.24 -7.03 5.196 5.242 -7.029 5.187 5.533 -6.829 9.679 6.74 -6
3 16 5.187 5.533 -6.829 5.05 5.869 -6.598 9.679 6.74 -6
3 16 5.05 5.869 -6.598 4.555 6.074 -6.457 9.679 6.74 -6
3 16 4.555 6.074 -6.457 2 6.74 -6 9.679 6.74 -6
3 16 4.06 5.869 -6.598 2 6.74 -6 4.555 6.074 -6.457
3 16 3.92 5.534 -6.828 2 6.74 -6 4.06 5.869 -6.598
4 16 2 6.74 -6 3.92 5.534 -6.828 3.91 5.241 -7.029 2 3.42 -8.28
3 16 2 3.42 -8.28 3.91 5.241 -7.029 4.06 4.879 -7.278
3 16 2 3.42 -8.28 4.06 4.879 -7.278 4.555 4.674 -7.419
4 16 14.078 3.42 -8.28 13.574 4.175 -7.762 14.958 5.013 -7.186 15.158 4.799 -7.333
3 16 14.078 3.42 -8.28 15.158 4.799 -7.333 15.52 4.649 -7.436
3 16 14.078 3.42 -8.28 15.52 4.649 -7.436 18.5 3.42 -8.28
3 16 18.5 3.42 -8.28 15.52 4.649 -7.436 16.015 4.854 -7.295
4 16 18.5 3.42 -8.28 16.015 4.854 -7.295 16.22 5.349 -6.956 18.64 6.74 -6
3 16 16.22 5.349 -6.956 16.067 5.709 -6.708 18.64 6.74 -6
3 16 16.067 5.709 -6.708 15.855 5.909 -6.571 18.64 6.74 -6
3 16 15.855 5.909 -6.571 15.52 6.049 -6.475 18.64 6.74 -6
3 16 18.64 6.74 -6 15.52 6.049 -6.475 10.447 6.74 -6
3 16 15.025 5.844 -6.616 10.447 6.74 -6 15.52 6.049 -6.475
4 16 10.447 6.74 -6 15.025 5.844 -6.616 14.82 5.349 -6.956 11.98 5.24 -7.03
3 16 11.98 5.24 -7.03 10.447 5.544 -6.821 10.447 6.74 -6
4 16 13.574 4.175 -7.762 11.98 5.24 -7.03 14.82 5.349 -6.956 14.958 5.013 -7.186
4 16 7.045 3.42 -8.28 7.179 3.621 -8.142 9.243 3.812 -8.011 9.751 3.42 -8.28
3 16 9.751 3.42 -8.28 9.243 3.812 -8.011 9.751 3.812 -8.011
3 16 13.154 3.42 -8.28 10.447 3.42 -8.28 13.02 3.621 -8.142
4 80 14.639 2.581 -8.457 13.915 2.281 -8.52 13.154 3.42 -8.28 14.078 3.42 -8.28
4 80 7.045 3.42 -8.28 6.283 2.281 -8.52 5.559 2.581 -8.457 6.12 3.42 -8.28
4 80 10.722 1.323 -8.722 11.09 1.691 -8.644 11.394 1.236 -8.74 10.906 1.048 -8.779
4 80 9.477 1.323 -8.722 9.109 1.691 -8.644 9.563 1.994 -8.58 9.751 1.505 -8.683
4 80 9.296 .351 -8.926 8.914 0 -9 8.805 .164 -8.966 8.768 .351 -8.926
4 80 5.324 0 -9 5.254 .351 -8.926 6.038 .351 -8.926 6.108 0 -9
4 80 6.038 .351 -8.926 5.254 .351 -8.926 5.254 1.048 -8.779 6.038 1.048 -8.779
4 80 6.038 1.048 -8.779 5.254 1.048 -8.779 5.559 2.581 -8.457 6.283 2.281 -8.52
4 80 2.798 1.048 -8.779 5.254 1.048 -8.779 5.254 .351 -8.926 2.798 .352 -8.926
4 80 6.48 .351 -8.926 6.038 .351 -8.926 6.038 1.048 -8.779 6.48 1.048 -8.779
4 80 7.057 .351 -8.926 6.48 .351 -8.926 6.48 1.048 -8.779 7.057 1.048 -8.779
4 80 7.057 .351 -8.926 7.057 1.048 -8.779 8.768 1.048 -8.779 8.768 .351 -8.926
4 80 6.48 .351 -8.926 7.057 .351 -8.926 7.055 .041 -8.991 6.479 0 -9
4 80 7.055 1.353 -8.715 7.057 1.048 -8.779 6.48 1.048 -8.779 6.479 1.853 -8.61
4 80 7.455 1.853 -8.61 7.455 1.353 -8.715 7.055 1.353 -8.715 6.479 1.853 -8.61
4 80 14.946 1.048 -8.779 17.4 1.048 -8.779 17.4 .352 -8.926 14.946 .351 -8.926
4 80 14.16 1.048 -8.779 14.946 1.048 -8.779 14.946 .351 -8.926 14.16 .351 -8.926
4 80 13.715 1.048 -8.779 14.16 1.048 -8.779 14.16 .351 -8.926 13.715 .351 -8.926
4 80 13.138 1.048 -8.779 13.715 1.048 -8.779 13.715 .351 -8.926 13.138 .351 -8.926
4 80 11.432 1.048 -8.779 13.138 1.048 -8.779 13.138 .351 -8.926 11.432 .351 -8.926
4 80 10.906 1.048 -8.779 11.432 1.048 -8.779 11.432 .351 -8.926 10.906 .351 -8.926
4 80 10.447 1.047 -8.78 10.906 1.048 -8.779 10.906 .351 -8.926 10.447 .351 -8.926
4 80 9.751 1.047 -8.78 10.447 1.047 -8.78 10.447 .351 -8.926 9.751 .351 -8.926
4 80 9.296 1.048 -8.779 9.751 1.047 -8.78 9.751 .351 -8.926 9.296 .351 -8.926
4 80 8.768 1.048 -8.779 9.296 1.048 -8.779 9.296 .351 -8.926 8.768 .351 -8.926
4 80 9.751 0 -9 9.751 .351 -8.926 10.447 .351 -8.926 10.447 0 -9
4 80 11.394 .164 -8.966 10.722 .078 -8.984 10.906 .351 -8.926 11.432 .351 -8.926
3 80 11.432 1.048 -8.779 10.906 1.048 -8.779 11.394 1.236 -8.74
4 80 10.635 1.994 -8.58 11.09 1.691 -8.644 10.722 1.323 -8.722 10.447 1.505 -8.683
4 80 10.447 2.032 -8.572 10.635 1.994 -8.58 10.447 1.505 -8.683 9.751 1.505 -8.683
4 80 9.751 2.032 -8.572 10.447 2.032 -8.572 9.751 1.505 -8.683 9.563 1.994 -8.58
4 80 8.805 1.236 -8.74 9.109 1.691 -8.644 9.477 1.323 -8.722 9.296 1.048 -8.779
3 80 9.296 1.048 -8.779 8.768 1.048 -8.779 8.805 1.236 -8.74
4 80 10.447 1.505 -8.683 10.447 1.047 -8.78 9.751 1.047 -8.78 9.751 1.505 -8.683
4 80 14.16 .351 -8.926 14.946 .351 -8.926 14.875 0 -9 14.09 0 -9
4 80 13.915 2.281 -8.52 14.639 2.581 -8.457 14.946 1.048 -8.779 14.16 1.048 -8.779
4 80 13.715 1.048 -8.779 13.138 1.048 -8.779 13.138 1.359 -8.714 13.714 1.847 -8.611
4 80 13.138 1.359 -8.714 12.738 1.359 -8.714 12.738 1.847 -8.611 13.714 1.847 -8.611
4 80 13.138 .351 -8.926 13.715 .351 -8.926 13.714 0 -9 13.138 .047 -8.99
4 80 12.738 0 -9 12.738 .047 -8.99 13.138 .047 -8.99 13.714 0 -9
4 80 10.447 2.712 -8.429 10.447 2.032 -8.572 9.751 2.032 -8.572 9.751 2.712 -8.429
4 80 10.447 3.288 -8.308 10.447 2.712 -8.429 9.751 2.712 -8.429 9.751 3.288 -8.308
4 80 10.447 3.288 -8.308 9.751 3.288 -8.308 9.751 3.42 -8.28 10.447 3.42 -8.28
4 80 10.955 3.288 -8.308 10.955 2.712 -8.429 10.447 2.712 -8.429 10.447 3.288 -8.308
4 80 9.751 3.288 -8.308 9.751 2.712 -8.429 9.243 2.712 -8.429 9.243 3.288 -8.308
4 16 13.714 0 -9 13.715 .351 -8.926 14.16 .351 -8.926 14.09 0 -9
4 16 13.138 .351 -8.926 13.138 .047 -8.99 12.738 .047 -8.99 11.432 .351 -8.926
4 16 11.394 .164 -8.966 11.432 .351 -8.926 12.738 .047 -8.99 12.738 0 -9
3 16 11.284 0 -9 11.394 .164 -8.966 12.738 0 -9
3 16 8.443 0 -9 8.805 .164 -8.966 8.914 0 -9
4 16 7.455 .041 -8.991 8.768 .351 -8.926 8.805 .164 -8.966 7.455 0 -9
3 16 8.443 0 -9 7.455 0 -9 8.805 .164 -8.966
4 16 7.057 .351 -8.926 8.768 .351 -8.926 7.455 .041 -8.991 7.055 .041 -8.991
4 16 6.108 0 -9 6.038 .351 -8.926 6.48 .351 -8.926 6.479 0 -9
4 16 9.477 .078 -8.984 9.296 .351 -8.926 9.751 .351 -8.926 9.593 0 -9
3 16 9.593 0 -9 9.751 .351 -8.926 9.751 0 -9
4 16 9.751 1.047 -8.78 9.296 1.048 -8.779 9.477 1.323 -8.722 9.751 1.505 -8.683
4 16 10.447 .351 -8.926 10.906 .351 -8.926 10.722 .078 -8.984 10.447 0 -9
3 16 10.606 0 -9 10.447 0 -9 10.722 .078 -8.984
4 16 10.722 1.323 -8.722 10.906 1.048 -8.779 10.447 1.047 -8.78 10.447 1.505 -8.683
4 16 6.479 1.853 -8.61 6.48 1.048 -8.779 6.038 1.048 -8.779 6.283 2.281 -8.52
4 16 7.455 1.853 -8.61 9.243 3.288 -8.308 9.243 2.712 -8.429 9.109 1.691 -8.644
4 16 7.455 1.853 -8.61 9.109 1.691 -8.644 8.805 1.236 -8.74 7.455 1.353 -8.715
4 16 7.455 1.353 -8.715 8.805 1.236 -8.74 7.057 1.048 -8.779 7.055 1.353 -8.715
3 16 8.768 1.048 -8.779 7.057 1.048 -8.779 8.805 1.236 -8.74
4 16 9.563 1.994 -8.58 9.109 1.691 -8.644 9.243 2.712 -8.429 9.751 2.712 -8.429
3 16 9.563 1.994 -8.58 9.751 2.712 -8.429 9.751 2.032 -8.572
4 16 10.955 3.288 -8.308 10.447 3.288 -8.308 10.447 3.42 -8.28 13.154 3.42 -8.28
4 16 10.955 2.712 -8.429 12.738 1.847 -8.611 10.635 1.994 -8.58 10.447 2.712 -8.429
3 16 10.635 1.994 -8.58 10.447 2.032 -8.572 10.447 2.712 -8.429
4 16 11.09 1.691 -8.644 10.635 1.994 -8.58 12.738 1.847 -8.611 12.738 1.359 -8.714
3 16 11.394 1.236 -8.74 11.09 1.691 -8.644 12.738 1.359 -8.714
4 16 11.432 1.048 -8.779 11.394 1.236 -8.74 12.738 1.359 -8.714 13.138 1.048 -8.779
3 16 13.138 1.048 -8.779 12.738 1.359 -8.714 13.138 1.359 -8.714
4 16 13.714 1.847 -8.611 13.915 2.281 -8.52 14.16 1.048 -8.779 13.715 1.048 -8.779
4 16 5.559 2.581 -8.457 5.254 1.048 -8.779 2.798 1.048 -8.779 2 3.42 -8.28
4 16 2.798 .352 -8.926 5.254 .351 -8.926 5.324 0 -9 2 0 -9
4 16 14.946 .351 -8.926 17.4 .352 -8.926 18.36 0 -9 14.875 0 -9
4 16 14.946 1.048 -8.779 14.639 2.581 -8.457 18.5 3.42 -8.28 17.4 1.048 -8.779
4 16 17.4 .352 -8.926 17.4 1.048 -8.779 18.5 3.42 -8.28 18.36 0 -9
4 16 2.798 1.048 -8.779 2.798 .352 -8.926 2 0 -9 2 3.42 -8.28
4 80 11.394 .164 -8.966 11.284 0 -9 10.606 0 -9 10.722 .078 -8.984
3 80 8.914 0 -9 9.477 .078 -8.984 9.593 0 -9
3 80 8.914 0 -9 9.296 .351 -8.926 9.477 .078 -8.984
4 80 6.479 0 -9 7.055 .041 -8.991 7.455 .041 -8.991 7.455 0 -9
3 16 6.12 3.42 -8.28 5.559 2.581 -8.457 2 3.42 -8.28
3 16 14.639 2.581 -8.457 14.078 3.42 -8.28 18.5 3.42 -8.28
4 16 7.455 1.853 -8.61 6.479 1.853 -8.61 6.283 2.281 -8.52 7.045 3.42 -8.28
3 16 7.455 1.853 -8.61 7.045 3.42 -8.28 9.243 3.288 -8.308
4 16 9.243 3.288 -8.308 7.045 3.42 -8.28 9.751 3.42 -8.28 9.751 3.288 -8.308
4 16 10.955 3.288 -8.308 13.154 3.42 -8.28 13.915 2.281 -8.52 10.955 2.712 -8.429
4 16 12.738 1.847 -8.611 10.955 2.712 -8.429 13.915 2.281 -8.52 13.714 1.847 -8.611
4 80 5.559 -1.181 -8.751 6.283 -.881 -8.815 7.179 -2.221 -8.533 6.624 -2.775 -8.416
4 80 6.624 -2.775 -8.416 7.179 -2.221 -8.533 8.519 -3.116 -8.344 7.59 -3.42 -8.28
4 80 11.68 -3.116 -8.344 13.02 -2.221 -8.533 13.574 -2.775 -8.416 12.608 -3.42 -8.28
4 80 13.574 -2.775 -8.416 13.02 -2.221 -8.533 13.915 -.881 -8.815 14.639 -1.181 -8.751
4 80 10.447 -2.947 -8.38 10.447 -3.36 -8.293 9.751 -3.36 -8.293 9.751 -2.947 -8.38
4 80 10.447 -2.371 -8.501 10.447 -2.947 -8.38 9.751 -2.947 -8.38 9.751 -2.371 -8.501
4 80 10.447 -.632 -8.867 10.447 -2.371 -8.501 9.751 -2.371 -8.501 9.751 -.632 -8.867
4 80 10.447 -2.947 -8.38 10.447 -2.371 -8.501 10.755 -2.371 -8.501 11.243 -2.947 -8.38
4 80 10.755 -2.371 -8.501 10.755 -1.971 -8.585 11.243 -1.971 -8.585 11.243 -2.947 -8.38
4 80 9.443 -2.371 -8.501 9.751 -2.371 -8.501 9.751 -2.947 -8.38 8.943 -2.947 -8.38
4 80 8.943 -1.971 -8.585 9.443 -1.971 -8.585 9.443 -2.371 -8.501 8.943 -2.947 -8.38
4 80 6.283 -.881 -8.815 5.559 -1.181 -8.751 5.324 0 -9 6.108 0 -9
4 80 9.563 -.594 -8.875 9.109 -.291 -8.939 9.593 0 -9 9.751 -.106 -8.978
4 80 9.751 -.632 -8.867 9.563 -.594 -8.875 9.751 -.106 -8.978 10.447 -.632 -8.867
4 80 10.447 -.632 -8.867 9.751 -.106 -8.978 10.447 -.106 -8.978 10.635 -.594 -8.875
4 80 10.447 -.106 -8.978 9.751 -.106 -8.978 9.751 0 -9 10.447 0 -9
4 80 14.875 0 -9 14.639 -1.181 -8.751 13.915 -.881 -8.815 14.09 0 -9
4 16 10.447 -3.36 -8.293 10.447 -2.947 -8.38 11.243 -2.947 -8.38 11.68 -3.116 -8.344
4 16 13.02 -2.221 -8.533 11.68 -3.116 -8.344 11.243 -2.947 -8.38 11.243 -1.971 -8.585
4 16 12.738 -.453 -8.905 13.02 -2.221 -8.533 11.243 -1.971 -8.585 10.635 -.594 -8.875
4 16 13.714 -.453 -8.905 13.915 -.881 -8.815 13.02 -2.221 -8.533 12.738 -.453 -8.905
4 16 13.915 -.881 -8.815 13.714 -.453 -8.905 13.714 0 -9 14.09 0 -9
4 16 12.738 0 -9 12.738 -.453 -8.905 11.09 -.291 -8.939 11.284 0 -9
3 16 10.635 -.594 -8.875 11.09 -.291 -8.939 12.738 -.453 -8.905
4 16 10.635 -.594 -8.875 11.243 -1.971 -8.585 10.755 -1.971 -8.585 10.447 -.632 -8.867
4 16 10.447 -2.371 -8.501 10.447 -.632 -8.867 10.755 -1.971 -8.585 10.755 -2.371 -8.501
4 16 9.751 -2.371 -8.501 9.443 -2.371 -8.501 9.443 -1.971 -8.585 9.751 -.632 -8.867
4 16 9.563 -.594 -8.875 9.751 -.632 -8.867 9.443 -1.971 -8.585 8.943 -1.971 -8.585
4 16 9.109 -.291 -8.939 9.563 -.594 -8.875 8.943 -1.971 -8.585 7.455 -.447 -8.906
4 16 9.109 -.291 -8.939 7.455 -.447 -8.906 8.443 0 -9 8.914 0 -9
3 16 7.455 -.447 -8.906 7.455 0 -9 8.443 0 -9
4 16 8.943 -2.947 -8.38 9.751 -2.947 -8.38 9.751 -3.36 -8.293 8.519 -3.116 -8.344
4 16 8.943 -2.947 -8.38 8.519 -3.116 -8.344 7.179 -2.221 -8.533 8.943 -1.971 -8.585
4 16 8.943 -1.971 -8.585 7.179 -2.221 -8.533 6.283 -.881 -8.815 6.479 -.447 -8.906
4 16 6.479 -.447 -8.906 6.283 -.881 -8.815 6.108 0 -9 6.479 0 -9
3 16 9.751 -.106 -8.978 9.593 0 -9 9.751 0 -9
3 16 10.447 -.106 -8.978 10.447 0 -9 10.606 0 -9
4 16 5.324 0 -9 5.559 -1.181 -8.751 2 -3.42 -8.28 2 0 -9
4 16 14.639 -1.181 -8.751 14.875 0 -9 18.36 0 -9 18.23 -3.42 -8.28
3 16 2 -3.42 -8.28 5.559 -1.181 -8.751 6.624 -2.775 -8.416
4 80 7.59 -3.42 -8.28 9.751 -3.36 -8.293 10.447 -3.36 -8.293 12.608 -3.42 -8.28
3 80 7.59 -3.42 -8.28 8.519 -3.116 -8.344 9.751 -3.36 -8.293
3 80 12.608 -3.42 -8.28 10.447 -3.36 -8.293 11.68 -3.116 -8.344
4 80 11.09 -.291 -8.939 10.635 -.594 -8.875 10.447 -.106 -8.978 10.606 0 -9
3 80 11.09 -.291 -8.939 10.606 0 -9 11.284 0 -9
3 80 9.109 -.291 -8.939 8.914 0 -9 9.593 0 -9
4 80 7.455 -.447 -8.906 6.479 -.447 -8.906 6.479 0 -9 7.455 0 -9
4 80 13.714 -.453 -8.905 12.738 -.453 -8.905 12.738 0 -9 13.714 0 -9
3 16 8.943 -1.971 -8.585 6.479 -.447 -8.906 7.455 -.447 -8.906
3 16 7.59 -3.42 -8.28 2 -3.42 -8.28 6.624 -2.775 -8.416
3 16 13.574 -2.775 -8.416 18.23 -3.42 -8.28 12.608 -3.42 -8.28
3 16 18.23 -3.42 -8.28 13.574 -2.775 -8.416 14.639 -1.181 -8.751
4 80 10.447 -4.145 -7.782 10.447 -6.3 -6.3 9.751 -6.3 -6.3 9.751 -4.145 -7.782
4 16 15.986 -5.397 -6.921 15.786 -5.609 -6.775 14.876 -4.7 -7.4 15.09 -4.5 -7.538
4 80 15.786 -5.609 -6.775 15.426 -5.762 -6.67 14.931 -5.557 -6.811 14.726 -5.062 -7.151
3 80 15.786 -5.609 -6.775 14.726 -5.062 -7.151 14.876 -4.7 -7.4
4 80 15.921 -4.567 -7.491 16.126 -5.062 -7.151 15.986 -5.397 -6.921 15.426 -4.362 -7.632
3 80 15.986 -5.397 -6.921 15.09 -4.5 -7.538 15.426 -4.362 -7.632
4 16 5.065 -4.595 -7.472 5.218 -4.843 -7.302 4.104 -5.486 -6.859 3.966 -5.228 -7.037
4 80 5.218 -4.843 -7.302 5.272 -5.23 -7.036 4.946 -5.655 -6.743 4.415 -5.725 -6.695
3 80 4.415 -5.725 -6.695 4.104 -5.486 -6.859 5.218 -4.843 -7.302
4 80 4.246 -4.443 -7.577 4.777 -4.373 -7.625 5.065 -4.595 -7.472 3.92 -4.868 -7.285
3 80 3.966 -5.228 -7.037 3.92 -4.868 -7.285 5.065 -4.595 -7.472
4 16 8.219 -3.84 -7.991 9.751 -4.145 -7.782 9.751 -6.3 -6.3 5.218 -4.843 -7.302
4 80 9.751 -4.145 -7.782 8.219 -3.84 -7.991 11.98 -3.84 -7.991 10.447 -4.145 -7.782
4 80 8.219 -3.84 -7.991 7.59 -3.42 -8.28 12.608 -3.42 -8.28 11.98 -3.84 -7.991
3 16 2 -6.3 -6.3 4.104 -5.486 -6.859 4.415 -5.725 -6.695
4 16 9.751 -6.3 -6.3 2 -6.3 -6.3 4.415 -5.725 -6.695 4.946 -5.655 -6.743
3 16 9.751 -6.3 -6.3 4.946 -5.655 -6.743 5.272 -5.23 -7.036
3 16 9.751 -6.3 -6.3 5.272 -5.23 -7.036 5.218 -4.843 -7.302
4 16 7.59 -3.42 -8.28 8.219 -3.84 -7.991 5.218 -4.843 -7.302 5.065 -4.595 -7.472
3 16 5.065 -4.595 -7.472 4.777 -4.373 -7.625 7.59 -3.42 -8.28
4 16 2 -3.42 -8.28 7.59 -3.42 -8.28 4.777 -4.373 -7.625 4.246 -4.443 -7.577
3 16 3.92 -4.868 -7.285 2 -3.42 -8.28 4.246 -4.443 -7.577
4 16 2 -3.42 -8.28 3.92 -4.868 -7.285 3.966 -5.228 -7.037 2 -6.3 -6.3
3 16 2 -6.3 -6.3 3.966 -5.228 -7.037 4.104 -5.486 -6.859
3 16 10.447 -6.3 -6.3 14.931 -5.557 -6.811 15.426 -5.762 -6.67
3 16 18.11 -6.3 -6.3 10.447 -6.3 -6.3 15.426 -5.762 -6.67
3 16 18.11 -6.3 -6.3 15.426 -5.762 -6.67 15.786 -5.609 -6.775
3 16 18.11 -6.3 -6.3 15.786 -5.609 -6.775 15.986 -5.397 -6.921
4 16 18.11 -6.3 -6.3 15.986 -5.397 -6.921 16.126 -5.062 -7.151 18.23 -3.42 -8.28
3 16 16.126 -5.062 -7.151 15.921 -4.567 -7.491 18.23 -3.42 -8.28
3 16 15.921 -4.567 -7.491 15.426 -4.362 -7.632 18.23 -3.42 -8.28
3 16 18.23 -3.42 -8.28 15.426 -4.362 -7.632 12.608 -3.42 -8.28
3 16 15.09 -4.5 -7.538 12.608 -3.42 -8.28 15.426 -4.362 -7.632
4 16 12.608 -3.42 -8.28 15.09 -4.5 -7.538 14.876 -4.7 -7.4 11.98 -3.84 -7.991
4 16 11.98 -3.84 -7.991 14.876 -4.7 -7.4 14.726 -5.062 -7.151 10.447 -4.145 -7.782
4 16 10.447 -6.3 -6.3 10.447 -4.145 -7.782 14.726 -5.062 -7.151 14.931 -5.557 -6.811
