0 ~Minifig Leg Left with Insectoids Decals 2
0 Name: s\3817p61s02.dat
0 Author: Mikkel Bech Jensen [gaia]
0 !LDRAW_ORG Unofficial_Subpart
0 !LICENSE Redistributable under CCAL version 2.0 : see CAreadme.txt

0 BFC CERTIFY CCW

4 16 15.905 10.803 -6 15.905 12.297 -6 16.392 13.036 -6 17.21 7.7 -6
3 16 17.21 7.7 -6 16.781 13.973 -6 17.299 15.5 -6
3 16 16.781 13.973 -6 16.392 14.911 -6 17.299 15.5 -6
3 16 16.392 14.911 -6 15.454 15.299 -6 17.299 15.5 -6
4 16 17.299 15.5 -6 15.454 15.299 -6 4.157 15.301 -6 2.299 15.5 -6
3 16 3.219 14.912 -6 2.299 15.5 -6 4.157 15.301 -6
3 16 2.831 13.975 -6 2.299 15.5 -6 3.219 14.912 -6
3 16 2.299 8.5 -6 2.299 15.5 -6 2.831 13.975 -6
4 16 2.299 8.5 -6 2.831 13.975 -6 3.219 13.037 -6 2.799 8.5 -6
4 16 3.655 10.915 -6 2.799 8.5 -6 3.219 13.037 -6 3.757 11.43 -6
4 16 4.049 11.866 -6 3.757 11.43 -6 3.219 13.037 -6 4.157 12.648 -6
3 16 4.049 11.866 -6 4.157 12.648 -6 4.485 12.157 -6
4 16 4.993 12.255 -6 4.485 12.157 -6 4.157 12.648 -6 5.095 13.037 -6
4 16 5.305 12.458 -6 5.258 12.255 -6 4.993 12.255 -6 5.095 13.037 -6
4 16 5.641 12.794 -6 5.305 12.458 -6 5.095 13.037 -6 5.483 13.975 -6
3 16 5.641 12.794 -6 5.483 13.975 -6 6.099 12.917 -6
4 16 6.099 12.917 -6 5.483 13.975 -6 8.896 13.088 -6 6.558 12.794 -6
4 16 6.893 12.458 -6 6.558 12.794 -6 8.896 13.088 -6 8.68 12.765 -6
4 16 6.948 12.255 -6 6.893 12.458 -6 8.68 12.765 -6 8.353 12.255 -6
4 16 9.218 13.303 -6 8.896 13.088 -6 5.483 13.975 -6 5.095 14.912 -6
4 16 9.599 13.379 -6 9.218 13.303 -6 5.095 14.912 -6 14.517 14.911 -6
3 16 9.98 13.303 -6 9.599 13.379 -6 14.517 14.911 -6
3 16 10.303 13.088 -6 9.98 13.303 -6 14.517 14.911 -6
4 16 10.518 12.765 -6 10.303 13.088 -6 14.517 14.911 -6 14.128 13.973 -6
4 16 10.817 12.297 -6 10.518 12.765 -6 14.128 13.973 -6 14.517 13.036 -6
4 16 10.817 12.297 -6 14.517 13.036 -6 15.454 12.647 -6 15.905 12.297 -6
3 16 15.905 12.297 -6 15.454 12.647 -6 16.392 13.036 -6
4 16 15.454 15.299 -6 14.517 14.911 -6 5.095 14.912 -6 4.157 15.301 -6
4 16 15.905 9.003 -6 15.905 8.697 -6 13.096 8.697 -6 13.096 9.003 -6
4 16 15.905 10.803 -6 15.905 10.497 -6 13.096 10.497 -6 13.096 10.803 -6
4 16 15.302 11.703 -6 15.302 11.397 -6 12.493 11.397 -6 11.196 11.703 -6
3 16 12.493 9.903 -6 11.196 11.703 -6 12.493 11.397 -6
3 16 12.524 9.597 -6 11.196 11.703 -6 12.493 9.903 -6
4 16 15.302 9.597 -6 12.524 9.597 -6 12.493 9.903 -6 15.302 9.903 -6
3 16 13.541 7.784 -6 13.472 8.104 -6 15.302 8.103 -6
4 16 4.261 10.915 -6 5.736 8.183 -6 5.657 7.784 -6 4.261 7.7 -6
4 16 5.736 8.183 -6 4.261 10.915 -6 4.317 11.198 -6 5.641 11.206 -6
4 16 5.305 11.542 -6 5.641 11.206 -6 4.317 11.198 -6 4.477 11.437 -6
4 16 5.305 11.542 -6 4.477 11.437 -6 4.717 11.597 -6 4.993 11.661 -6
3 16 5.305 11.542 -6 4.993 11.661 -6 5.273 11.661 -6
3 16 5.736 8.183 -6 5.641 11.206 -6 6.099 11.083 -6
3 16 5.736 8.183 -6 6.099 11.083 -6 6.558 11.206 -6
4 16 7.968 11.661 -6 5.736 8.183 -6 6.558 11.206 -6 6.893 11.542 -6
3 16 6.893 11.542 -6 6.928 11.661 -6 7.968 11.661 -6
4 16 2.799 7.7 -6 2.799 8.5 -6 3.655 10.915 -6 3.655 7.7 -6
4 16 17.199 6.74 -6 15.905 6.74 -6 15.905 7.7 -6 17.21 7.7 -6
3 16 15.302 6.74 -6 13.236 7.047 -6 13.462 7.385 -6
4 16 15.302 6.74 -6 13.462 7.385 -6 13.524 7.7 -6 15.302 7.7 -6
3 16 4.261 6.74 -6 5.736 7.385 -6 5.962 7.047 -6
4 16 3.655 6.74 -6 2.799 6.74 -6 2.799 7.7 -6 3.655 7.7 -6
4 16 4.261 7.7 -6 5.657 7.784 -6 5.674 7.7 -6 4.261 6.74 -6
3 16 4.261 6.74 -6 5.674 7.7 -6 5.736 7.385 -6
4 16 13.524 7.7 -6 13.541 7.784 -6 15.302 8.103 -6 15.302 7.7 -6
3 16 4.261 6.74 -6 5.962 7.047 -6 6.3 6.821 -6
3 16 6.699 6.74 -6 4.261 6.74 -6 6.3 6.821 -6
3 16 15.302 6.74 -6 12.499 6.74 -6 12.898 6.821 -6
3 16 15.302 6.74 -6 12.898 6.821 -6 13.236 7.047 -6
3 16 17.21 7.7 -6 15.905 7.7 -6 15.905 8.697 -6
3 16 17.21 7.7 -6 15.905 8.697 -6 15.905 9.003 -6
3 16 17.21 7.7 -6 15.905 9.003 -6 15.905 10.497 -6
3 16 17.21 7.7 -6 15.905 10.497 -6 15.905 10.803 -6
3 16 17.21 7.7 -6 16.392 13.036 -6 16.781 13.973 -6
