0 ~Minifig Leg Left with Insectoids Decals 4
0 Name: s\3817p61s04.dat
0 Author: Mikkel Bech Jensen [gaia]
0 !LDRAW_ORG Unofficial_Subpart
0 !LICENSE Redistributable under CCAL version 2.0 : see CAreadme.txt

0 BFC CERTIFY CCW

4 16 4.317 11.198 -6 4.261 10.915 -6 3.655 10.915 -6 3.757 11.43 -6
4 16 4.477 11.437 -6 4.317 11.198 -6 3.757 11.43 -6 4.049 11.866 -6
4 16 4.717 11.597 -6 4.477 11.437 -6 4.049 11.866 -6 4.485 12.157 -6
4 16 4.485 12.157 -6 4.993 12.255 -6 4.993 11.661 -6 4.717 11.597 -6
4 16 6.556 11.736 -6 6.626 12 -6 6.893 11.542 -6 6.558 11.206 -6
4 16 6.893 12.458 -6 6.556 12.264 -6 6.363 12.456 -6 6.558 12.794 -6
4 16 6.558 12.794 -6 6.363 12.456 -6 6.099 12.527 -6 6.099 12.917 -6
4 16 6.099 12.917 -6 6.099 12.527 -6 5.836 12.456 -6 5.641 12.794 -6
4 16 5.641 12.794 -6 5.836 12.456 -6 5.643 12.264 -6 5.305 12.458 -6
4 16 5.305 12.458 -6 5.643 12.264 -6 5.572 12 -6 5.258 12.255 -6
4 16 5.305 11.542 -6 5.643 11.736 -6 5.836 11.544 -6 5.641 11.206 -6
4 16 5.641 11.206 -6 5.836 11.544 -6 6.099 11.473 -6 6.099 11.083 -6
4 16 6.099 11.083 -6 6.099 11.473 -6 6.363 11.544 -6 6.558 11.206 -6
3 16 6.558 11.206 -6 6.363 11.544 -6 6.556 11.736 -6
4 16 13.096 9.003 -6 12.524 9.597 -6 15.302 9.597 -6 15.905 9.003 -6
4 16 15.905 9.003 -6 15.302 9.597 -6 15.302 9.903 -6 15.905 10.497 -6
4 16 13.096 10.497 -6 15.905 10.497 -6 15.302 9.903 -6 12.493 9.903 -6
4 16 13.096 10.803 -6 13.096 10.497 -6 12.493 9.903 -6 12.493 11.397 -6
4 16 13.096 10.803 -6 12.493 11.397 -6 15.302 11.397 -6 15.905 10.803 -6
4 16 15.905 10.803 -6 15.302 11.397 -6 15.302 11.703 -6 15.905 12.297 -6
4 16 10.817 12.297 -6 15.905 12.297 -6 15.302 11.703 -6 11.196 11.703 -6
3 16 13.096 8.697 -6 12.524 9.597 -6 13.096 9.003 -6
4 16 13.472 8.104 -6 13.096 8.697 -6 15.905 8.697 -6 15.302 8.103 -6
4 16 8.353 12.255 -6 7.968 11.661 -6 6.928 11.661 -6 6.948 12.255 -6
4 16 6.626 12 -6 6.948 12.255 -6 6.928 11.661 -6 6.893 11.542 -6
4 16 6.893 12.458 -6 6.948 12.255 -6 6.626 12 -6 6.556 12.264 -6
4 16 5.643 11.736 -6 5.305 11.542 -6 5.273 11.661 -6 5.572 12 -6
4 16 5.258 12.255 -6 5.572 12 -6 5.273 11.661 -6 4.993 11.661 -6
3 16 4.993 11.661 -6 4.993 12.255 -6 5.258 12.255 -6
4 16 15.302 7.7 -6 15.302 8.103 -6 15.905 8.697 -6 15.905 7.7 -6
4 16 3.655 7.7 -6 3.655 10.915 -6 4.261 10.915 -6 4.261 7.7 -6
4 16 15.905 6.74 -6 15.302 6.74 -6 15.302 7.7 -6 15.905 7.7 -6
4 16 4.261 6.74 -6 3.655 6.74 -6 3.655 7.7 -6 4.261 7.7 -6
4 16 15.302 3.803 -8.017 15.905 3.697 -8.09 15.846 3.42 -8.28 15.204 3.42 -8.28
4 16 12.893 3.697 -8.09 13.496 3.803 -8.017 13.594 3.42 -8.28 12.952 3.42 -8.28
4 16 12.893 4.397 -7.609 13.462 5.301 -6.988 13.496 3.803 -8.017 12.893 3.697 -8.09
4 16 15.905 6.74 -6 15.905 3.697 -8.09 15.302 3.803 -8.017 15.302 6.74 -6
4 16 3.655 3.42 -8.28 3.655 6.74 -6 4.261 6.74 -6 4.261 3.42 -8.28
4 16 6.802 .397 -8.916 6.802 .703 -8.852 7.405 1.297 -8.727 7.405 0 -9
4 16 4.993 1.297 -8.727 7.405 1.297 -8.727 6.802 .703 -8.852 4.993 .703 -8.852
4 16 3.655 2.043 -8.57 4.261 2.043 -8.57 4.317 1.761 -8.629 3.757 1.529 -8.678
4 16 3.757 1.529 -8.678 4.317 1.761 -8.629 4.477 1.521 -8.68 4.049 1.093 -8.77
4 16 4.049 1.093 -8.77 4.477 1.521 -8.68 4.717 1.361 -8.713 4.485 .801 -8.831
4 16 4.993 1.297 -8.727 4.993 .703 -8.852 4.485 .801 -8.831 4.717 1.361 -8.713
4 16 15.204 3.42 -8.28 15.846 3.42 -8.28 15.799 3.2 -8.326 15.599 2.8 -8.411
4 16 14.999 3 -8.368 15.204 3.42 -8.28 15.599 2.8 -8.411 15.399 2.5 -8.474
4 16 14.349 2.23 -8.531 14.999 3 -8.368 15.399 2.5 -8.474 14.729 1.71 -8.64
4 16 14.349 2.23 -8.531 14.729 1.71 -8.64 13.899 1.8 -8.621 13.399 2.5 -8.474
4 16 12.999 3.2 -8.326 12.952 3.42 -8.28 13.594 3.42 -8.28 13.199 2.8 -8.411
4 16 13.199 2.8 -8.411 13.594 3.42 -8.28 13.799 3 -8.368 13.399 2.5 -8.474
3 16 14.349 2.23 -8.531 13.399 2.5 -8.474 13.799 3 -8.368
4 16 11.599 1.9 -8.6 11.513 2.252 -8.526 12.096 2.503 -8.473 12.199 2.1 -8.558
4 16 11.799 1.5 -8.684 11.599 1.9 -8.6 12.199 2.1 -8.558 12.399 1.7 -8.642
4 16 11.999 1.2 -8.747 11.799 1.5 -8.684 12.399 1.7 -8.642 12.999 .929 -8.804
3 16 11.513 2.252 -8.526 12.096 3.163 -8.334 12.096 2.503 -8.473
3 16 14.395 .035 -8.993 14.555 .274 -8.942 15.115 .042 -8.991
4 16 15.115 .042 -8.991 14.555 .274 -8.942 14.611 .557 -8.883 15.217 .557 -8.883
4 16 15.217 .557 -8.883 14.611 .557 -8.883 14.555 .839 -8.823 15.115 1.071 -8.775
4 16 14.729 1.71 -8.64 15.115 1.071 -8.775 14.555 .839 -8.823 14.295 1.285 -8.729
3 16 14.295 1.285 -8.729 13.899 1.8 -8.621 14.729 1.71 -8.64
4 16 13.899 1.8 -8.621 14.295 1.285 -8.729 13.401 .407 -8.914 12.999 .929 -8.804
3 16 12.901 .017 -8.996 11.919 .042 -8.991 12.499 .539 -8.887
4 16 4.261 2.043 -8.57 3.655 2.043 -8.57 3.655 3.42 -8.28 4.261 3.42 -8.28
4 16 3.993 -2.897 -8.39 4.596 -2.303 -8.515 7.405 -2.303 -8.515 6.902 -2.897 -8.39
4 16 4.596 -1.997 -8.58 4.596 -2.303 -8.515 3.993 -2.897 -8.39 3.993 -1.403 -8.705
4 16 4.596 -1.997 -8.58 3.993 -1.403 -8.705 6.802 -1.403 -8.705 7.405 -1.997 -8.58
4 16 7.405 -1.997 -8.58 6.802 -1.403 -8.705 6.802 -1.097 -8.769 7.405 -.503 -8.894
4 16 4.596 -.503 -8.894 7.405 -.503 -8.894 6.802 -1.097 -8.769 3.993 -1.097 -8.769
4 16 3.993 -1.097 -8.769 3.993 0 -9 4.596 -.197 -8.959 4.596 -.503 -8.894
4 16 12.193 -1.146 -8.759 11.856 -.952 -8.8 11.926 -.688 -8.855 12.316 -.688 -8.855
4 16 12.316 -.688 -8.855 11.926 -.688 -8.855 11.856 -.424 -8.911 12.271 -.525 -8.889
4 16 10.605 -.23 -8.952 10.943 -.424 -8.911 10.872 -.688 -8.855 10.482 -.688 -8.855
4 16 10.482 -.688 -8.855 10.872 -.688 -8.855 10.943 -.952 -8.8 10.605 -1.146 -8.759
4 16 10.605 -1.146 -8.759 10.943 -.952 -8.8 11.136 -1.144 -8.759 10.941 -1.482 -8.688
4 16 10.941 -1.482 -8.688 11.136 -1.144 -8.759 11.399 -1.215 -8.744 11.399 -1.605 -8.662
4 16 11.399 -1.605 -8.662 11.399 -1.215 -8.744 11.663 -1.144 -8.759 11.858 -1.482 -8.688
4 16 11.858 -1.482 -8.688 11.663 -1.144 -8.759 11.856 -.952 -8.8 12.193 -1.146 -8.759
4 16 12.193 -3.195 -8.327 11.856 -3.001 -8.368 11.926 -2.737 -8.424 12.316 -2.737 -8.424
4 16 12.316 -2.737 -8.424 11.926 -2.737 -8.424 11.856 -2.473 -8.479 12.271 -2.582 -8.456
4 16 11.858 -1.943 -8.591 11.663 -2.281 -8.52 11.399 -2.21 -8.535 11.399 -1.82 -8.617
4 16 11.399 -1.82 -8.617 11.399 -2.21 -8.535 11.136 -2.281 -8.52 10.941 -1.943 -8.591
4 16 10.941 -1.943 -8.591 11.136 -2.281 -8.52 10.943 -2.473 -8.479 10.605 -2.279 -8.52
4 16 10.605 -2.279 -8.52 10.943 -2.473 -8.479 10.872 -2.737 -8.424 10.482 -2.737 -8.424
4 16 10.482 -2.737 -8.424 10.872 -2.737 -8.424 10.943 -3.001 -8.368 10.605 -3.195 -8.327
4 16 10.605 -3.195 -8.327 10.943 -3.001 -8.368 11.136 -3.193 -8.328 10.83 -3.42 -8.28
4 16 11.663 -3.193 -8.328 11.856 -3.001 -8.368 12.193 -3.195 -8.327 11.969 -3.42 -8.28
4 16 14.374 -2.874 -8.395 13.946 -2.445 -8.485 14.106 -2.206 -8.536 14.666 -2.438 -8.487
4 16 14.666 -2.438 -8.487 14.106 -2.206 -8.536 14.162 -1.923 -8.595 14.768 -1.923 -8.595
4 16 14.768 -1.923 -8.595 14.162 -1.923 -8.595 14.106 -1.641 -8.655 14.666 -1.409 -8.703
4 16 13.949 -.37 -8.922 14.351 -.892 -8.812 13.851 -1.282 -8.73 13.449 -.76 -8.84
4 16 14.351 -.892 -8.812 14.666 -1.409 -8.703 14.106 -1.641 -8.655 13.851 -1.282 -8.73
4 16 13.449 -.76 -8.84 13.851 -1.282 -8.73 12.271 -2.582 -8.456 11.919 -2 -8.579
4 16 11.919 -2 -8.579 12.271 -2.582 -8.456 11.856 -2.473 -8.479 11.663 -2.281 -8.52
3 16 11.663 -2.281 -8.52 11.858 -1.943 -8.591 11.919 -2 -8.579
4 16 13.946 -2.445 -8.485 14.374 -2.874 -8.395 13.663 -3.42 -8.28 12.667 -3.42 -8.28
4 16 8.111 -5.069 -7.146 7.766 -4.87 -7.283 7.838 -4.6 -7.469 8.237 -4.6 -7.469
4 16 8.237 -4.6 -7.469 7.838 -4.6 -7.469 7.766 -4.33 -7.654 8.111 -4.131 -7.791
4 16 8.111 -4.131 -7.791 7.766 -4.33 -7.654 7.569 -4.133 -7.79 7.768 -3.788 -8.027
4 16 7.768 -3.788 -8.027 7.569 -4.133 -7.79 7.299 -4.061 -7.839 7.6 -3.745 -8.057
4 16 6.83 -3.788 -8.027 7.03 -4.133 -7.79 6.832 -4.33 -7.654 6.487 -4.131 -7.791
4 16 6.487 -4.131 -7.791 6.832 -4.33 -7.654 6.76 -4.6 -7.469 6.361 -4.6 -7.469
4 16 6.361 -4.6 -7.469 6.76 -4.6 -7.469 6.832 -4.87 -7.283 6.487 -5.069 -7.146
4 16 6.487 -5.069 -7.146 6.832 -4.87 -7.283 7.03 -5.067 -7.148 6.83 -5.412 -6.91
4 16 6.83 -5.412 -6.91 7.03 -5.067 -7.148 7.299 -5.139 -7.098 7.299 -5.538 -6.824
4 16 7.299 -5.538 -6.824 7.299 -5.139 -7.098 7.569 -5.067 -7.148 7.768 -5.412 -6.91
4 16 7.768 -5.412 -6.91 7.569 -5.067 -7.148 7.766 -4.87 -7.283 8.111 -5.069 -7.146
4 16 12.193 -5.158 -7.085 11.856 -4.964 -7.219 11.926 -4.7 -7.4 12.316 -4.7 -7.4
4 16 12.316 -4.7 -7.4 11.926 -4.7 -7.4 11.856 -4.436 -7.581 12.254 -4.503 -7.536
4 16 11.858 -3.906 -7.946 11.663 -4.244 -7.714 11.399 -4.173 -7.762 11.399 -3.783 -8.03
4 16 11.399 -3.783 -8.03 11.399 -4.173 -7.762 11.136 -4.244 -7.714 10.941 -3.906 -7.946
4 16 10.941 -3.906 -7.946 11.136 -4.244 -7.714 10.943 -4.436 -7.581 10.605 -4.242 -7.715
4 16 10.605 -4.242 -7.715 10.943 -4.436 -7.581 10.872 -4.7 -7.4 10.482 -4.7 -7.4
4 16 10.482 -4.7 -7.4 10.872 -4.7 -7.4 10.943 -4.964 -7.219 10.605 -5.158 -7.085
4 16 10.605 -5.158 -7.085 10.943 -4.964 -7.219 11.136 -5.156 -7.086 10.941 -5.494 -6.854
4 16 10.941 -5.494 -6.854 11.136 -5.156 -7.086 11.399 -5.227 -7.038 11.399 -5.617 -6.77
4 16 11.399 -5.617 -6.77 11.399 -5.227 -7.038 11.663 -5.156 -7.086 11.858 -5.494 -6.854
4 16 11.858 -5.494 -6.854 11.663 -5.156 -7.086 11.856 -4.964 -7.219 12.193 -5.158 -7.085
4 16 7.03 -4.133 -7.79 6.83 -3.788 -8.027 6.997 -3.745 -8.057 7.299 -4.061 -7.839
4 16 7.299 -4.061 -7.839 6.997 -3.745 -8.057 7.556 -3.42 -8.28 7.6 -3.745 -8.057
4 16 11.925 -3.985 -7.891 12.254 -4.503 -7.536 11.856 -4.436 -7.581 11.663 -4.244 -7.714
3 16 11.663 -4.244 -7.714 11.858 -3.906 -7.946 11.925 -3.985 -7.891
4 16 13.663 -3.42 -8.28 12.254 -4.503 -7.536 11.925 -3.985 -7.891 12.667 -3.42 -8.28
3 16 6.997 -3.745 -8.057 6.961 -3.42 -8.28 7.556 -3.42 -8.28
4 16 6.961 -3.42 -8.28 6.902 -2.897 -8.39 7.405 -2.303 -8.515 7.556 -3.42 -8.28
4 16 10.941 -3.531 -8.204 10.83 -3.42 -8.28 11.969 -3.42 -8.28 11.858 -3.531 -8.204
3 16 11.399 -3.654 -8.119 10.941 -3.531 -8.204 11.858 -3.531 -8.204
3 16 11.969 -3.42 -8.28 11.399 -3.264 -8.313 11.663 -3.193 -8.328
4 16 14.351 -.892 -8.812 13.949 -.37 -8.922 14.357 0 -9 14.823 -.394 -8.917
3 16 14.823 -.394 -8.917 14.357 0 -9 15.086 0 -9
4 16 14.357 0 -9 14.395 .035 -8.993 15.115 .042 -8.991 15.086 0 -9
4 16 11.136 -.232 -8.951 10.943 -.424 -8.911 10.605 -.23 -8.952 10.835 0 -9
3 16 11.136 -.232 -8.951 10.835 0 -9 11.399 -.161 -8.966
4 16 11.399 -.161 -8.966 10.835 0 -9 12.901 .017 -8.996 11.663 -.232 -8.951
4 16 11.856 -.424 -8.911 11.663 -.232 -8.951 12.901 .017 -8.996 12.271 -.525 -8.889
3 16 10.835 0 -9 11.919 .042 -8.991 12.901 .017 -8.996
4 16 11.919 .042 -8.991 10.835 0 -9 10.941 .106 -8.978 11.858 .106 -8.978
3 16 11.858 .106 -8.978 10.941 .106 -8.978 11.399 .229 -8.952
4 16 4.596 -.197 -8.959 3.993 0 -9 7.405 0 -9 7.405 -.197 -8.959
4 16 3.993 0 -9 3.993 .397 -8.916 6.802 .397 -8.916 7.405 0 -9
3 16 13.401 .407 -8.914 13.688 0 -9 12.901 .017 -8.996
4 16 12.499 .539 -8.887 12.999 .929 -8.804 13.401 .407 -8.914 12.901 .017 -8.996
4 16 13.449 -.76 -8.84 12.901 .017 -8.996 13.688 0 -9 13.949 -.37 -8.922
3 16 12.499 .539 -8.887 11.999 1.2 -8.747 12.999 .929 -8.804
3 16 10.83 -3.42 -8.28 11.136 -3.193 -8.328 11.399 -3.264 -8.313
3 16 10.83 -3.42 -8.28 11.399 -3.264 -8.313 11.969 -3.42 -8.28
