0 ~Minifig Leg Left with Insectoids Decals 3
0 Name: s\3817p61s03.dat
0 Author: Mikkel Bech Jensen [gaia]
0 !LDRAW_ORG Unofficial_Subpart
0 !LICENSE Redistributable under CCAL version 2.0 : see CAreadme.txt

0 BFC CERTIFY CCW

3 16 13.462 6.099 -6.44 13.236 6.437 -6.208 15.302 6.74 -6
3 16 13.541 5.7 -6.714 13.462 6.099 -6.44 15.302 6.74 -6
4 16 13.462 5.301 -6.988 13.541 5.7 -6.714 15.302 6.74 -6 15.302 3.803 -8.017
3 16 15.302 3.803 -8.017 13.496 3.803 -8.017 13.462 5.301 -6.988
3 16 5.736 6.099 -6.44 4.261 6.74 -6 5.962 6.437 -6.208
3 16 5.657 5.7 -6.714 4.261 6.74 -6 5.736 6.099 -6.44
4 16 4.261 6.74 -6 5.657 5.7 -6.714 5.736 5.301 -6.988 4.261 3.42 -8.28
4 16 2.799 6.74 -6 3.655 6.74 -6 3.655 3.42 -8.28 2.799 3.42 -8.28
4 16 13.799 3 -8.368 13.599 3.4 -8.284 14.999 3 -8.368 14.349 2.23 -8.531
4 16 7.405 1.297 -8.727 8.68 .719 -8.849 8.896 .396 -8.917 7.405 0 -9
4 16 3.757 1.529 -8.678 4.049 1.093 -8.77 3.993 .397 -8.916 2.799 0 -9
3 16 3.993 .397 -8.916 4.049 1.093 -8.77 4.485 .801 -8.831
3 16 3.993 .397 -8.916 4.485 .801 -8.831 4.993 .703 -8.852
4 16 3.993 .397 -8.916 4.993 .703 -8.852 6.802 .703 -8.852 6.802 .397 -8.916
4 16 10.941 .106 -8.978 10.835 0 -9 10.303 .396 -8.917 10.518 .719 -8.849
4 16 11.399 .229 -8.952 10.941 .106 -8.978 10.518 .719 -8.849 11.513 2.252 -8.526
3 16 11.399 .229 -8.952 11.513 2.252 -8.526 11.599 1.9 -8.6
3 16 11.399 .229 -8.952 11.599 1.9 -8.6 11.799 1.5 -8.684
4 16 11.399 .229 -8.952 11.799 1.5 -8.684 11.999 1.2 -8.747 11.858 .106 -8.978
4 16 11.919 .042 -8.991 11.858 .106 -8.978 11.999 1.2 -8.747 12.499 .539 -8.887
4 16 13.401 .407 -8.914 14.555 .274 -8.942 14.395 .035 -8.993 13.688 0 -9
3 16 14.357 0 -9 13.688 0 -9 14.395 .035 -8.993
4 16 14.611 .557 -8.883 14.555 .274 -8.942 13.401 .407 -8.914 14.555 .839 -8.823
3 16 13.401 .407 -8.914 14.295 1.285 -8.729 14.555 .839 -8.823
4 16 13.399 2.5 -8.474 13.899 1.8 -8.621 12.999 .929 -8.804 12.399 1.7 -8.642
4 16 13.399 2.5 -8.474 12.399 1.7 -8.642 12.199 2.1 -8.558 13.199 2.8 -8.411
4 16 13.199 2.8 -8.411 12.199 2.1 -8.558 12.096 2.503 -8.473 12.999 3.2 -8.326
4 16 12.096 2.503 -8.473 12.096 3.163 -8.334 12.952 3.42 -8.28 12.999 3.2 -8.326
4 16 15.217 .557 -8.883 15.115 1.071 -8.775 15.399 2.5 -8.474 17.093 0 -9
3 16 15.115 1.071 -8.775 14.729 1.71 -8.64 15.399 2.5 -8.474
4 16 4.596 -.197 -8.959 7.405 -.197 -8.959 7.405 -.503 -8.894 4.596 -.503 -8.894
4 16 3.993 -1.097 -8.769 6.802 -1.097 -8.769 6.802 -1.403 -8.705 3.993 -1.403 -8.705
4 16 4.596 -1.997 -8.58 7.405 -1.997 -8.58 7.405 -2.303 -8.515 4.596 -2.303 -8.515
4 16 10.605 -2.279 -8.52 10.605 -1.146 -8.759 10.941 -1.482 -8.688 10.941 -1.943 -8.591
4 16 10.941 -1.943 -8.591 10.941 -1.482 -8.688 11.399 -1.605 -8.662 11.399 -1.82 -8.617
4 16 11.399 -1.82 -8.617 11.399 -1.605 -8.662 11.858 -1.482 -8.688 11.858 -1.943 -8.591
4 16 11.919 -2 -8.579 11.858 -1.943 -8.591 11.858 -1.482 -8.688 12.193 -1.146 -8.759
3 16 11.919 -2 -8.579 12.193 -1.146 -8.759 13.449 -.76 -8.84
4 16 13.449 -.76 -8.84 12.193 -1.146 -8.759 12.316 -.688 -8.855 12.881 0 -9
3 16 12.316 -.688 -8.855 12.271 -.525 -8.889 12.881 0 -9
3 16 13.449 -.76 -8.84 12.881 0 -9 12.901 .017 -8.996
3 16 13.949 -.37 -8.922 13.688 0 -9 14.357 0 -9
4 16 13.946 -2.445 -8.485 12.667 -3.42 -8.28 12.193 -3.195 -8.327 12.316 -2.737 -8.424
4 16 13.946 -2.445 -8.485 12.316 -2.737 -8.424 12.271 -2.582 -8.456 14.106 -2.206 -8.536
4 16 14.162 -1.923 -8.595 14.106 -2.206 -8.536 12.271 -2.582 -8.456 14.106 -1.641 -8.655
3 16 12.271 -2.582 -8.456 13.851 -1.282 -8.73 14.106 -1.641 -8.655
4 16 14.666 -1.409 -8.703 14.823 -.394 -8.917 15.086 0 -9 17.093 0 -9
3 16 14.666 -1.409 -8.703 14.351 -.892 -8.812 14.823 -.394 -8.917
4 16 3.993 -2.897 -8.39 4.157 -3.199 -8.326 3.624 -3.42 -8.28 2.799 -3.42 -8.28
4 16 13.663 -3.42 -8.28 14.374 -2.874 -8.395 15.454 -3.201 -8.326 14.925 -3.42 -8.28
3 16 15.454 -3.201 -8.326 14.374 -2.874 -8.395 14.666 -2.438 -8.487
4 16 15.454 -3.201 -8.326 14.666 -2.438 -8.487 14.768 -1.923 -8.595 15.984 -3.42 -8.28
4 16 8.237 -4.6 -7.469 10.941 -3.531 -8.204 10.941 -3.906 -7.946 10.605 -4.242 -7.715
3 16 10.482 -4.7 -7.4 8.237 -4.6 -7.469 10.605 -4.242 -7.715
4 16 8.237 -4.6 -7.469 10.482 -4.7 -7.4 10.605 -5.158 -7.085 8.111 -5.069 -7.146
4 16 7.768 -5.412 -6.91 8.111 -5.069 -7.146 10.605 -5.158 -7.085 10.941 -5.494 -6.854
4 16 7.768 -5.412 -6.91 10.941 -5.494 -6.854 11.399 -5.617 -6.77 7.299 -5.538 -6.824
4 16 11.399 -3.783 -8.03 10.941 -3.906 -7.946 10.941 -3.531 -8.204 11.399 -3.654 -8.119
4 16 11.858 -3.906 -7.946 11.399 -3.783 -8.03 11.399 -3.654 -8.119 11.858 -3.531 -8.204
4 16 11.858 -3.906 -7.946 11.858 -3.531 -8.204 11.969 -3.42 -8.28 11.925 -3.985 -7.891
3 16 2.799 -6 -6.506 2.831 -4.525 -7.52 3.219 -5.463 -6.875
3 16 2.799 -6 -6.506 2.799 -3.42 -8.28 2.831 -4.525 -7.52
4 16 5.483 -4.525 -7.52 5.095 -3.588 -8.165 6.487 -4.131 -7.791 6.361 -4.6 -7.469
4 16 5.483 -4.525 -7.52 6.361 -4.6 -7.469 6.487 -5.069 -7.146 5.095 -5.463 -6.875
4 16 5.095 -5.463 -6.875 6.487 -5.069 -7.146 6.83 -5.412 -6.91 4.157 -5.852 -6.608
3 16 4.157 -5.852 -6.608 6.83 -5.412 -6.91 7.299 -5.538 -6.824
3 16 2.799 -6 -6.506 3.219 -5.463 -6.875 4.157 -5.852 -6.608
4 16 2.799 -6 -6.506 4.157 -5.852 -6.608 7.299 -5.538 -6.824 11.399 -5.617 -6.77
4 16 2.799 -6 -6.506 11.399 -5.617 -6.77 15.454 -5.853 -6.607 16.999 -6 -6.506
4 16 11.858 -5.494 -6.854 14.517 -5.464 -6.874 15.454 -5.853 -6.607 11.399 -5.617 -6.77
4 16 14.517 -5.464 -6.874 11.858 -5.494 -6.854 12.193 -5.158 -7.085 14.128 -4.527 -7.519
3 16 12.193 -5.158 -7.085 12.316 -4.7 -7.4 14.128 -4.527 -7.519
4 16 14.128 -4.527 -7.519 12.316 -4.7 -7.4 12.254 -4.503 -7.536 14.517 -3.589 -8.164
3 16 16.999 -6 -6.506 16.392 -5.464 -6.874 16.781 -4.527 -7.519
3 16 16.999 -6 -6.506 15.454 -5.853 -6.607 16.392 -5.464 -6.874
3 16 5.962 6.437 -6.208 4.261 6.74 -6 6.3 6.663 -6.053
3 16 6.3 6.663 -6.053 4.261 6.74 -6 6.699 6.74 -6
3 16 13.236 6.437 -6.208 12.898 6.663 -6.053 15.302 6.74 -6
3 16 12.898 6.663 -6.053 12.499 6.74 -6 15.302 6.74 -6
3 16 6.945 3.42 -8.28 4.261 3.42 -8.28 5.736 5.301 -6.988
4 16 4.261 2.043 -8.57 4.261 3.42 -8.28 6.945 3.42 -8.28 4.317 1.761 -8.629
4 16 4.477 1.521 -8.68 4.317 1.761 -8.629 6.945 3.42 -8.28 4.717 1.361 -8.713
4 16 4.993 1.297 -8.727 4.717 1.361 -8.713 6.945 3.42 -8.28 7.405 1.297 -8.727
3 16 8.68 .719 -8.849 7.405 1.297 -8.727 6.945 3.42 -8.28
3 16 12.096 3.163 -8.334 12.262 3.42 -8.28 12.952 3.42 -8.28
3 16 12.952 3.42 -8.28 12.262 3.42 -8.28 12.893 3.697 -8.09
3 16 12.262 3.42 -8.28 12.893 4.397 -7.609 12.893 3.697 -8.09
3 16 14.999 3 -8.368 13.599 3.4 -8.284 15.204 3.42 -8.28
3 16 13.599 3.4 -8.284 13.496 3.803 -8.017 15.302 3.803 -8.017
3 16 15.204 3.42 -8.28 13.599 3.4 -8.284 15.302 3.803 -8.017
3 16 17.093 0 -9 15.086 0 -9 15.115 .042 -8.991
3 16 17.093 0 -9 15.115 .042 -8.991 15.217 .557 -8.883
3 16 17.093 0 -9 15.399 2.5 -8.474 15.599 2.8 -8.411
4 16 17.093 0 -9 15.599 2.8 -8.411 15.799 3.2 -8.326 17.147 3.42 -8.28
3 16 15.799 3.2 -8.326 15.846 3.42 -8.28 17.147 3.42 -8.28
3 16 17.147 3.42 -8.28 15.846 3.42 -8.28 15.905 3.697 -8.09
4 16 17.147 3.42 -8.28 15.905 3.697 -8.09 15.905 6.74 -6 17.199 6.74 -6
3 16 16.392 -3.589 -8.164 15.984 -3.42 -8.28 17.04 -3.42 -8.28
4 16 17.093 0 -9 17.04 -3.42 -8.28 15.984 -3.42 -8.28 14.768 -1.923 -8.595
3 16 14.768 -1.923 -8.595 14.666 -1.409 -8.703 17.093 0 -9
3 16 16.999 -6 -6.506 16.781 -4.527 -7.519 17.04 -3.42 -8.28
3 16 16.781 -4.527 -7.519 16.392 -3.589 -8.164 17.04 -3.42 -8.28
3 16 2.831 -4.525 -7.52 2.799 -3.42 -8.28 3.219 -3.588 -8.165
3 16 3.219 -3.588 -8.165 2.799 -3.42 -8.28 3.624 -3.42 -8.28
4 16 3.993 -1.403 -8.705 3.993 -2.897 -8.39 2.799 -3.42 -8.28 2.799 0 -9
3 16 3.993 -1.403 -8.705 2.799 0 -9 3.993 -1.097 -8.769
3 16 3.993 -1.097 -8.769 2.799 0 -9 3.993 0 -9
3 16 3.993 0 -9 2.799 0 -9 3.993 .397 -8.916
4 16 3.655 2.043 -8.57 3.757 1.529 -8.678 2.799 0 -9 2.799 3.42 -8.28
3 16 3.655 2.043 -8.57 2.799 3.42 -8.28 3.655 3.42 -8.28
4 16 4.157 -3.199 -8.326 3.993 -2.897 -8.39 6.902 -2.897 -8.39 4.69 -3.42 -8.28
3 16 6.961 -3.42 -8.28 4.69 -3.42 -8.28 6.902 -2.897 -8.39
4 16 4.69 -3.42 -8.28 6.961 -3.42 -8.28 6.83 -3.788 -8.027 5.095 -3.588 -8.165
3 16 6.487 -4.131 -7.791 5.095 -3.588 -8.165 6.83 -3.788 -8.027
4 16 10.83 -3.42 -8.28 10.941 -3.531 -8.204 8.237 -4.6 -7.469 8.111 -4.131 -7.791
4 16 10.83 -3.42 -8.28 8.111 -4.131 -7.791 7.768 -3.788 -8.027 7.556 -3.42 -8.28
3 16 7.768 -3.788 -8.027 7.6 -3.745 -8.057 7.556 -3.42 -8.28
4 16 10.605 -3.195 -8.327 10.83 -3.42 -8.28 7.556 -3.42 -8.28 7.405 -2.303 -8.515
3 16 10.605 -3.195 -8.327 7.405 -2.303 -8.515 10.482 -2.737 -8.424
4 16 10.605 -2.279 -8.52 10.482 -2.737 -8.424 7.405 -2.303 -8.515 7.405 -1.997 -8.58
4 16 10.605 -1.146 -8.759 10.605 -2.279 -8.52 7.405 -1.997 -8.58 7.405 -.503 -8.894
3 16 10.605 -1.146 -8.759 7.405 -.503 -8.894 10.482 -.688 -8.855
4 16 10.605 -.23 -8.952 10.482 -.688 -8.855 7.405 -.503 -8.894 7.405 -.197 -8.959
4 16 10.605 -.23 -8.952 7.405 -.197 -8.959 7.405 0 -9 10.835 0 -9
3 16 10.835 0 -9 7.405 0 -9 9.599 .105 -8.978
3 16 10.835 0 -9 9.599 .105 -8.978 9.98 .181 -8.962
3 16 10.835 0 -9 9.98 .181 -8.962 10.303 .396 -8.917
3 16 7.405 0 -9 9.218 .181 -8.962 9.599 .105 -8.978
3 16 7.405 0 -9 8.896 .396 -8.917 9.218 .181 -8.962
3 16 11.925 -3.985 -7.891 11.969 -3.42 -8.28 12.667 -3.42 -8.28
3 16 12.667 -3.42 -8.28 11.969 -3.42 -8.28 12.193 -3.195 -8.327
3 16 6.83 -3.788 -8.027 6.961 -3.42 -8.28 6.997 -3.745 -8.057
3 16 14.925 -3.42 -8.28 14.517 -3.589 -8.164 13.663 -3.42 -8.28
3 16 13.663 -3.42 -8.28 14.517 -3.589 -8.164 12.254 -4.503 -7.536
