0 ~Baseplate 16 x 32 with Square Corners without Top Surface
0 Name: s\3857s01.dat
0 Author: Marc Giraudet [Mad_Marc]
0 !LICENSE Licensed under CC BY 4.0 : see CAreadme.txt
0 BFC CERTIFY CCW
1 16 316 4 156 4 0 0 0 1 0 0 0 4 1-4edge.dat
2 24 316 4 160 -316 4 160
1 16 -316 4 156 -4 0 0 0 1 0 0 0 4 1-4edge.dat
2 24 -320 4 156 -320 4 -156
1 16 -316 4 -156 -4 0 0 0 1 0 0 0 -4 1-4edge.dat
2 24 -316 4 -160 316 4 -160
1 16 316 4 -156 4 0 0 0 1 0 0 0 -4 1-4edge.dat
2 24 320 4 -156 320 4 156
1 16 316 0 156 4 0 0 0 1 0 0 0 4 1-4edge.dat
2 24 316 0 160 -316 0 160
1 16 -316 0 156 -4 0 0 0 1 0 0 0 4 1-4edge.dat
2 24 -320 0 156 -320 0 -156
1 16 -316 0 -156 -4 0 0 0 1 0 0 0 -4 1-4edge.dat
2 24 -316 0 -160 316 0 -160
1 16 316 0 -156 4 0 0 0 1 0 0 0 -4 1-4edge.dat
2 24 320 0 -156 320 0 156
1 16 316 4 156 4 0 0 0 -1 0 0 0 4 1-4chrd.dat
1 16 -316 4 156 -4 0 0 0 -1 0 0 0 4 1-4chrd.dat
1 16 -316 4 -156 -4 0 0 0 -1 0 0 0 -4 1-4chrd.dat
1 16 316 4 -156 4 0 0 0 -1 0 0 0 -4 1-4chrd.dat
4 16 -316 4 -160 -320 4 -156 -320 4 156 -316 4 160
4 16 316 4 160 320 4 156 320 4 -156 316 4 -160
4 16 316 4 -160 -316 4 -160 -316 4 160 316 4 160
1 16 316 0 156 4 0 0 0 4 0 0 0 4 1-4cyli.dat
4 16 -316 4 160 -316 0 160 316 0 160 316 4 160
1 16 -316 0 156 -4 0 0 0 4 0 0 0 4 1-4cyli.dat
4 16 -320 4 -156 -320 0 -156 -320 0 156 -320 4 156
1 16 -316 0 -156 -4 0 0 0 4 0 0 0 -4 1-4cyli.dat
4 16 316 4 -160 316 0 -160 -316 0 -160 -316 4 -160
1 16 316 0 -156 4 0 0 0 4 0 0 0 -4 1-4cyli.dat
4 16 320 4 156 320 0 156 320 0 -156 320 4 -156
