0 ~Duplo Brick  1 x  2 x  2 Type 1 without Front Face
0 Name: s\4066as01.dat
0 Author: Tony Hafner [hafhead]
0 !LICENSE Licensed under CC BY 4.0 : see CAreadme.txt
0 BFC CERTIFY CW
1 16 -40 48 0 0 1 0 0 0 48 20 0 0 rect.dat
1 16 40 48 0 0 -1 0 0 0 48 20 0 0 rect.dat
4 16 -40 0 -20 -40 0 20 40 0 20 40 0 -20
4 16 -40 0 20 -40 96 20 40 96 20 40 0 20
2 24 -40 96 20 40 96 20
2 24 -40 96 -20 40 96 -20
2 24 -40 0 20 40 0 20
2 24 -40 0 -20 40 0 -20
0 BFC INVERTNEXT
1 16 0 96 0 36 0 0 0 -92 0 0 0 16 box5.dat
4 16 -36 96 16 -40 96 20 -40 96 -20 -36 96 -16
4 16 40 96 -20 40 96 20 36 96 16 36 96 -16
4 16 -40 96 -20 40 96 -20 36 96 -16 -36 96 -16
4 16 36 96 16 40 96 20 -40 96 20 -36 96 16
1 16 -20 0 0 1 0 0 0 2.75 0 0 0 1 stud7.dat
1 16 20 0 0 1 0 0 0 2.75 0 0 0 1 stud7.dat
1 16 20 4 -14 1.5 0 0 0 91 0 0 0 2 box4-1.dat
1 16 -20 4 -14 1.5 0 0 0 91 0 0 0 2 box4-1.dat
1 16 20 4 14 1.5 0 0 0 91 0 0 0 -2 box4-1.dat
1 16 -20 4 14 1.5 0 0 0 91 0 0 0 -2 box4-1.dat
1 16 -34 4 0 0 0 2 0 91 0 1.5 0 0 box4-1.dat
1 16 34 4 0 0 0 -2 0 91 0 1.5 0 0 box4-1.dat
1 16 0 4 0 8 0 0 0 91 0 0 0 1.5 box5.dat
1 16 0 4 -8.75 1 0 0 0 90 0 0 0 7.25 box4-1.dat
1 16 0 4 8.75 1 0 0 0 90 0 0 0 -7.25 box4-1.dat
