0 ~Constraction Skate - Half Face Plane
0 Name: s\44032s01.dat
0 Author: Santeri Piippo [arezey]
0 !LDRAW_ORG Unofficial_Subpart
0 !LICENSE Redistributable under CCAL version 2.0 : see CAreadme.txt

0 BFC CERTIFY CCW

0 !HISTORY 2009-10-13 {LEGO Universe Team} Original part shape
0 !HISTORY 2009-11-12 [arezey] File preparation for LDraw Parts Tracker

3 16 9.25 0 30 9.003 -2.125 24.65 9.002 -2.125 22.15
4 16 9.002 -2.125 22.15 9.003 -2.125 17.15 9.25 0 10 9.25 0 30
3 16 9.003 -2.125 14.65 9.25 0 10 9.003 -2.125 17.15
4 16 4.001 -8.34 18.44 4.001 -8.34 20.86 0 -9 20.67 0 -9 18.63
4 16 7.21 -5.795 17.91 7.21 -5.795 21.39 4.001 -8.34 20.86 4.001 -8.34 18.44
4 16 9.003 -2.125 17.15 9.002 -2.125 22.15 7.21 -5.795 21.39 7.21 -5.795 17.91
3 16 4.625 -8.011 30 0 -9 26.13 4.011 -8.335 25.94
3 16 7.201 -5.806 25.41 8.011 -4.625 30 4.011 -8.335 25.94
3 16 8.011 -4.625 30 4.625 -8.011 30 4.011 -8.335 25.94
3 16 9.25 0 30 8.011 -4.625 30 7.201 -5.806 25.41
3 16 9.003 -2.125 24.65 9.25 0 30 7.201 -5.806 25.41
3 16 0 -9 30 0 -9 26.13 4.625 -8.011 30
3 16 7.228 -5.773 13.89 4.625 -8.011 10 8.011 -4.625 10
3 16 4.625 -8.011 10 4.013 -8.334 13.36 0 -9 10
3 16 0 -9 13.17 0 -9 10 4.013 -8.334 13.36
3 16 4.013 -8.334 13.36 4.625 -8.011 10 7.228 -5.773 13.89
3 16 9.25 0 10 9.003 -2.125 14.65 8.011 -4.625 10
3 16 9.003 -2.125 14.65 7.228 -5.773 13.89 8.011 -4.625 10
1 16 9.25 4.5 20 0 -1 0 0 0 4.5 -10 0 0 rect3.dat
4 16 0 -6.25 25.5 0 -6.25 21.29 2.487 -5.734 21.4 2.486 -5.734 25.4
4 16 2.486 -5.734 25.4 2.487 -5.734 21.4 4.558 -4.277 21.7 4.557 -4.277 25.1
4 16 4.557 -4.277 25.1 4.558 -4.277 21.7 5.878 -2.125 22.15 5.878 -2.125 24.65
4 16 0 -6.25 18 0 -6.25 13.79 2.489 -5.733 13.9 2.488 -5.733 17.9
4 16 2.488 -5.733 17.9 2.489 -5.733 13.9 4.559 -4.276 14.2 4.558 -4.276 17.6
4 16 4.558 -4.276 17.6 4.559 -4.276 14.2 5.878 -2.125 14.65 5.878 -2.125 17.15
1 16 4.625 4.5 30 0 0 -4.625 4.5 0 0 0 -1.003 0 rect1.dat
4 16 8.011 -4.625 30 9.25 0 30 0 0 30 0 -4.625 30
4 16 4.625 -8.011 30 8.011 -4.625 30 0 -4.625 30 0 -8.011 30
3 16 0 -9 30 4.625 -8.011 30 0 -8.011 30
4 16 7.228 -5.773 13.89 0 -5.773 13.89 0 -8.334 13.36 4.013 -8.334 13.36
4 16 0 -2.125 14.65 0 -5.773 13.89 7.228 -5.773 13.89 9 -2.125 14.65
3 16 4.011 -8.335 25.94 0 -9 26.13 0 -8.335 25.94
4 16 0 -5.806 25.41 0 -2.125 24.65 9 -2.125 24.65 7.201 -5.806 25.41
4 16 0 -5.806 25.41 7.201 -5.806 25.41 4.011 -8.335 25.94 0 -8.335 25.94
4 16 7.21 -5.795 21.39 0 -5.795 21.39 0 -8.34 20.86 4.001 -8.34 20.86
4 16 0 -5.795 21.39 7.21 -5.795 21.39 9 -2.125 22.15 0 -2.125 22.15
4 16 0 -5.795 17.91 0 -2.125 17.15 7.21 -5.795 17.91 4.001 -8.34 18.44
3 16 9 -2.125 17.15 7.21 -5.795 17.91 0 -2.125 17.15
3 16 4.001 -8.34 18.44 0 -9 18.63 0 -5.795 17.91
3 16 0 -8.34 20.86 0 -9 20.67 4.001 -8.34 20.86
3 16 0 -8.334 13.36 0 -9 13.17 4.013 -8.334 13.36
1 16 4.5 -2.125 23.4 0 0 4.5 0 1 0 -1.25 0 0 rect3.dat
1 16 4.5 -2.125 15.9 0 0 4.5 0 1 0 -1.25 0 0 rect3.dat
4 16 9.25 9 10 0 9 10 0 9 30 9.25 9 30
2 24 9.002 -2.125 22.15 7.21 -5.795 21.39
2 24 7.21 -5.795 17.91 9.003 -2.125 17.15
2 24 7.201 -5.806 25.41 9.003 -2.125 24.65
2 24 4.625 -8.011 10 8.011 -4.625 10
2 24 0 -9 10 4.625 -8.011 10
2 24 8.011 -4.625 10 9.25 0 10
2 24 9.003 -2.125 14.65 7.228 -5.773 13.89
2 24 0 -6.25 21.29 2.487 -5.734 21.4
2 24 2.486 -5.734 25.4 0 -6.25 25.5
2 24 2.487 -5.734 21.4 4.558 -4.277 21.7
2 24 4.557 -4.277 25.1 2.486 -5.734 25.4
2 24 4.558 -4.277 21.7 5.878 -2.125 22.15
2 24 5.878 -2.125 22.15 5.878 -2.125 24.65
2 24 5.878 -2.125 24.65 4.557 -4.277 25.1
2 24 0 -6.25 13.79 2.489 -5.733 13.9
2 24 2.488 -5.733 17.9 0 -6.25 18
2 24 2.489 -5.733 13.9 4.559 -4.276 14.2
2 24 4.558 -4.276 17.6 2.488 -5.733 17.9
2 24 4.559 -4.276 14.2 5.878 -2.125 14.65
2 24 5.878 -2.125 14.65 5.878 -2.125 17.15
2 24 5.878 -2.125 17.15 4.558 -4.276 17.6
2 24 7.228 -5.773 13.89 9 -2.125 14.65
2 24 9 -2.125 24.65 7.201 -5.806 25.41
2 24 7.21 -5.795 21.39 9 -2.125 22.15
2 24 9 -2.125 17.15 7.21 -5.795 17.91
2 24 4.001 -8.34 20.86 0 -9 20.67
2 24 0 -9 18.63 4.001 -8.34 18.44
2 24 7.21 -5.795 21.39 4.001 -8.34 20.86
2 24 4.001 -8.34 18.44 7.21 -5.795 17.91
2 24 0 -9 26.13 4.011 -8.335 25.94
2 24 4.011 -8.335 25.94 7.201 -5.806 25.41
2 24 8.011 -4.625 30 4.625 -8.011 30
2 24 9.25 0 30 8.011 -4.625 30
2 24 4.625 -8.011 30 0 -9 30
2 24 4.013 -8.334 13.36 0 -9 13.17
2 24 7.228 -5.773 13.89 4.013 -8.334 13.36
5 24 9.25 0 30 9.003 -2.125 24.65 9.002 -2.125 22.15 7.201 -5.806 25.41
5 24 9.002 -2.125 22.15 9.003 -2.125 17.15 9.25 0 10 7.21 -5.795 21.39
5 24 9.25 0 10 9.25 0 30 9.002 -2.125 22.15 9.25 9 10
5 24 9.003 -2.125 14.65 9.25 0 10 9.003 -2.125 17.15 8.011 -4.625 10
5 24 4.001 -8.34 18.44 4.001 -8.34 20.86 0 -9 20.67 7.21 -5.795 17.91
5 24 0 -9 20.67 0 -9 18.63 4.001 -8.34 18.44 -4.001 -8.34 18.44
5 24 7.21 -5.795 17.91 7.21 -5.795 21.39 4.001 -8.34 20.86 9.003 -2.125 17.15
5 24 4.625 -8.011 30 0 -9 26.13 4.011 -8.335 25.94 0 -9 30
5 24 4.011 -8.335 25.94 4.625 -8.011 30 0 -9 26.13 8.011 -4.625 30
5 24 7.201 -5.806 25.41 8.011 -4.625 30 4.011 -8.335 25.94 9.25 0 30
5 24 8.011 -4.625 30 4.011 -8.335 25.94 7.201 -5.806 25.41 4.625 -8.011 30
5 24 7.201 -5.806 25.41 9.25 0 30 8.011 -4.625 30 9.003 -2.125 24.65
5 24 0 -9 30 0 -9 26.13 4.625 -8.011 30 -4.625 -8.011 30
5 24 7.228 -5.773 13.89 4.625 -8.011 10 8.011 -4.625 10 4.013 -8.334 13.36
5 24 8.011 -4.625 10 7.228 -5.773 13.89 4.625 -8.011 10 9.003 -2.125 14.65
5 24 4.625 -8.011 10 4.013 -8.334 13.36 0 -9 10 7.228 -5.773 13.89
5 24 4.013 -8.334 13.36 0 -9 10 4.625 -8.011 10 0 -9 13.17
5 24 0 -9 13.17 0 -9 10 4.013 -8.334 13.36 -4.013 -8.334 13.36
5 24 9.003 -2.125 14.65 8.011 -4.625 10 9.25 0 10 7.228 -5.773 13.89
5 24 0 -6.25 25.5 0 -6.25 21.29 2.487 -5.734 21.4 -2.487 -5.734 21.4
5 24 2.487 -5.734 21.4 2.486 -5.734 25.4 0 -6.25 25.5 4.558 -4.277 21.7
5 24 4.558 -4.277 21.7 4.557 -4.277 25.1 2.486 -5.734 25.4 5.878 -2.125 22.15
5 24 0 -6.25 18 0 -6.25 13.79 2.489 -5.733 13.9 -2.489 -5.733 13.9
5 24 2.489 -5.733 13.9 2.488 -5.733 17.9 0 -6.25 18 4.559 -4.276 14.2
5 24 4.559 -4.276 14.2 4.558 -4.276 17.6 2.488 -5.733 17.9 5.878 -2.125 14.65
5 24 0 -8.334 13.36 4.013 -8.334 13.36 7.228 -5.773 13.89 0 -9 13.17
5 24 0 -8.335 25.94 4.011 -8.335 25.94 0 -9 26.13 0 -5.806 25.41
5 24 0 -8.34 20.86 4.001 -8.34 20.86 7.21 -5.795 21.39 0 -9 20.67
5 24 4.001 -8.34 18.44 0 -5.795 17.91 0 -2.125 17.15 0 -9 18.63
5 24 0 -9 18.63 0 -5.795 17.91 4.001 -8.34 18.44 -4.001 -8.34 18.44
3 16 2.25 25.13 57.339 2.25 26.25 70.75 2.25 24.57 56.701
3 16 2.25 -4.314 -136 2.25 -10 -130 2.25 -5.704 -135.8
3 16 2.25 -10 -130 2.25 -4.314 -136 2.25 5.726 -138.6
4 16 2.25 -4.314 -136 2.25 4.527 -140.8 2.25 7.242 -141.6 2.25 5.726 -138.6
4 16 2.25 8.371 -139.1 2.25 5.726 -138.6 2.25 7.242 -141.6 2.25 10.07 -141.3
4 16 2.25 10.87 -138.1 2.25 8.371 -139.1 2.25 10.07 -141.3 2.25 12.56 -140
3 16 2.25 12.38 -135.9 2.25 10.87 -138.1 2.25 12.75 -136.6
4 16 2.25 10.87 -138.1 2.25 12.56 -140 2.25 14.12 -138 2.25 12.75 -136.6
4 16 2.25 12.56 -140 2.25 16.31 -141 2.25 16 -138.5 2.25 14.12 -138
4 16 2.25 19.95 -139.6 2.25 17.87 -138 2.25 16 -138.5 2.25 16.31 -141
4 16 2.25 17.87 -138 2.25 19.95 -139.6 2.25 21.26 -138.1 2.25 19.25 -136.6
4 16 2.25 21.26 -138.1 2.25 22.24 -134.4 2.25 19.75 -134.8 2.25 19.25 -136.6
4 16 2.25 19.25 -132.9 2.25 19.75 -134.8 2.25 22.24 -134.4 2.25 21.81 -132.4
3 16 2.25 -6.931 -136.5 2.25 -5.704 -135.8 2.25 -10 -130
4 16 2.25 -7.35 -137.8 2.25 -6.931 -136.5 2.25 -10 -130 2.25 -10 -140
3 16 2.25 -6.917 -139.1 2.25 -7.35 -137.8 2.25 -10 -140
3 16 2.25 23.33 35.65 2.25 20.75 15.7 2.25 20.75 -17.7
4 16 2.25 23.33 35.65 2.25 20.75 -17.7 2.25 20.75 -37.8 2.25 23.33 -125.8
3 16 2.25 20.75 -71.2 2.25 20.75 -91.3 2.25 23.33 -125.8
3 16 2.25 20.75 -71.2 2.25 23.33 -125.8 2.25 20.75 -37.8
3 16 2.25 19.75 -81.3 2.25 20.75 -91.3 2.25 20.75 -71.2
3 16 2.25 19.75 -27.25 2.25 20.75 -37.8 2.25 20.75 -17.7
4 16 2.25 20.75 15.7 2.25 23.33 35.65 2.25 19.75 25.75 2.25 19.25 23.88
3 16 2.25 19.25 -29.12 2.25 20.75 -37.8 2.25 19.75 -27.25
3 16 2.25 19.25 27.62 2.25 19.75 25.75 2.25 23.33 35.65
4 16 2.25 19.25 -79.4 2.25 19.75 -81.3 2.25 20.75 -71.2 2.25 17.89 -73.9
3 16 2.25 20.75 -91.3 2.25 19.75 -81.3 2.25 19.25 -83.1
4 16 2.25 20.75 -91.3 2.25 19.25 -83.1 2.25 17.88 -84.5 2.25 16.05 -86.9
4 16 2.25 20.75 -37.8 2.25 19.25 -29.12 2.25 17.87 -30.5 2.25 15.73 -32.79
4 16 2.25 23.33 35.65 2.25 20.75 35.38 2.25 17.88 29 2.25 19.25 27.62
4 16 2.25 18.25 47.55 2.25 20.75 35.38 2.25 23.33 35.65 2.25 21.14 46.729
4 16 2.25 26.25 70.75 2.25 18.25 47.55 2.25 21.14 46.729 2.25 24.57 56.701
3 16 2.25 19.75 -27.25 2.25 20.75 -17.7 2.25 17.88 -20.56
3 16 2.25 20.75 15.7 2.25 19.25 23.88 2.25 16.8 19.64
3 16 2.25 25.96 57.527 2.25 26.25 70.75 2.25 25.13 57.339
4 16 2.25 26.68 57.08 2.25 30 70.75 2.25 26.25 70.75 2.25 25.96 57.527
3 16 2.25 27 56.294 2.25 30 70.75 2.25 26.68 57.08
4 16 2.25 30 70.75 2.25 27 56.294 2.25 27 -151.6 2.25 30 -152.4
4 16 2.25 16.41 -169.3 2.25 30 -152.4 2.25 27 -151.6 2.25 16.19 -165.3
4 16 2.25 16.41 -169.3 2.25 16.19 -165.3 2.25 15.02 -165.3 2.25 14.91 -169.3
3 16 2.25 20.75 -124.7 2.25 23.33 -125.8 2.25 20.75 -91.3
4 16 2.25 14.91 -169.3 2.25 15.02 -165.3 2.25 -6.917 -139.1 2.25 -10 -140
3 16 2.25 16 29.5 2.25 17.88 29 2.25 20.75 35.38
4 16 2.25 17.27 -128.2 2.25 20.34 -128.8 2.25 23.33 -125.8 2.25 20.75 -124.7
3 16 2.25 14.12 29 2.25 16 29.5 2.25 20.75 35.38
4 16 2.25 17.27 -128.2 2.25 19.25 -132.9 2.25 21.81 -132.4 2.25 20.34 -128.8
2 24 2.25 24.57 56.701 2.25 25.13 57.339
2 24 2.25 -5.704 -135.8 2.25 -4.314 -136
2 24 2.25 5.726 -138.6 2.25 -10 -130
2 24 2.25 -4.314 -136 2.25 4.527 -140.8
2 24 2.25 4.527 -140.8 2.25 7.242 -141.6
2 24 2.25 8.371 -139.1 2.25 5.726 -138.6
2 24 2.25 7.242 -141.6 2.25 10.07 -141.3
2 24 2.25 10.87 -138.1 2.25 8.371 -139.1
2 24 2.25 10.07 -141.3 2.25 12.56 -140
2 24 2.25 12.38 -135.9 2.25 10.87 -138.1
2 24 2.25 12.75 -136.6 2.25 12.38 -135.9
2 24 2.25 14.12 -138 2.25 12.75 -136.6
2 24 2.25 12.56 -140 2.25 16.31 -141
2 24 2.25 16 -138.5 2.25 14.12 -138
2 24 2.25 17.87 -138 2.25 16 -138.5
2 24 2.25 16.31 -141 2.25 19.95 -139.6
2 24 2.25 19.95 -139.6 2.25 21.26 -138.1
2 24 2.25 19.25 -136.6 2.25 17.87 -138
2 24 2.25 21.26 -138.1 2.25 22.24 -134.4
2 24 2.25 19.75 -134.8 2.25 19.25 -136.6
2 24 2.25 19.25 -132.9 2.25 19.75 -134.8
2 24 2.25 22.24 -134.4 2.25 21.81 -132.4
2 24 2.25 -6.931 -136.5 2.25 -5.704 -135.8
2 24 2.25 -7.35 -137.8 2.25 -6.931 -136.5
2 24 2.25 -10 -130 2.25 -10 -140
2 24 2.25 -6.917 -139.1 2.25 -7.35 -137.8
2 24 2.25 20.75 15.7 2.25 20.75 -17.7
2 24 2.25 23.33 -125.8 2.25 23.33 35.65
2 24 2.25 20.75 -37.8 2.25 20.75 -71.2
2 24 2.25 19.75 25.75 2.25 19.25 23.88
2 24 2.25 19.75 -27.25 2.25 19.25 -29.12
2 24 2.25 19.25 -79.4 2.25 19.75 -81.3
2 24 2.25 20.75 -71.2 2.25 17.89 -73.9
2 24 2.25 17.89 -73.9 2.25 19.25 -79.4
2 24 2.25 19.75 -81.3 2.25 19.25 -83.1
2 24 2.25 19.25 -83.1 2.25 17.88 -84.5
2 24 2.25 17.88 -84.5 2.25 16.05 -86.9
2 24 2.25 16.05 -86.9 2.25 20.75 -91.3
2 24 2.25 19.25 -29.12 2.25 17.87 -30.5
2 24 2.25 17.87 -30.5 2.25 15.73 -32.79
2 24 2.25 15.73 -32.79 2.25 20.75 -37.8
2 24 2.25 18.25 47.55 2.25 20.75 35.38
2 24 2.25 23.33 35.65 2.25 21.14 46.729
2 24 2.25 26.25 70.75 2.25 18.25 47.55
2 24 2.25 21.14 46.729 2.25 24.57 56.701
2 24 2.25 20.75 -17.7 2.25 17.88 -20.56
2 24 2.25 17.88 -20.56 2.25 19.75 -27.25
2 24 2.25 19.25 23.88 2.25 16.8 19.64
2 24 2.25 16.8 19.64 2.25 20.75 15.7
2 24 2.25 25.13 57.339 2.25 25.96 57.527
2 24 2.25 30 70.75 2.25 26.25 70.75
2 24 2.25 25.96 57.527 2.25 26.68 57.08
2 24 2.25 26.68 57.08 2.25 27 56.294
2 24 2.25 27 56.294 2.25 27 -151.6
2 24 2.25 30 -152.4 2.25 30 70.75
2 24 2.25 16.41 -169.3 2.25 30 -152.4
2 24 2.25 27 -151.6 2.25 16.19 -165.3
2 24 2.25 16.19 -165.3 2.25 15.02 -165.3
2 24 2.25 14.91 -169.3 2.25 16.41 -169.3
2 24 2.25 20.75 -91.3 2.25 20.75 -124.7
2 24 2.25 15.02 -165.3 2.25 -6.917 -139.1
2 24 2.25 -10 -140 2.25 14.91 -169.3
2 24 2.25 20.34 -128.8 2.25 23.33 -125.8
2 24 2.25 20.75 -124.7 2.25 17.27 -128.2
2 24 2.25 14.12 29 2.25 16 29.5
2 24 2.25 20.75 35.38 2.25 14.12 29
2 24 2.25 17.27 -128.2 2.25 19.25 -132.9
2 24 2.25 21.81 -132.4 2.25 20.34 -128.8
4 16 1.736 25.13 57.339 1.736 24.57 56.701 1.736 27 56.294 1.736 26.68 57.08
3 16 1.736 26.68 57.08 1.736 25.96 57.527 1.736 25.13 57.339
3 16 1.736 20.34 -128.8 1.736 21.81 -132.4 1.736 23.33 -125.8
3 16 1.736 22.24 -134.4 1.736 21.26 -138.1 1.736 27 -151.6
4 16 1.736 23.33 -125.8 1.736 21.81 -132.4 1.736 22.24 -134.4 1.736 27 -151.6
3 16 1.736 19.95 -139.6 1.736 27 -151.6 1.736 21.26 -138.1
4 16 1.736 19.95 -139.6 1.736 16.31 -141 1.736 16.19 -165.3 1.736 27 -151.6
4 16 1.736 10.07 -141.3 1.736 16.19 -165.3 1.736 16.31 -141 1.736 12.56 -140
4 16 1.736 23.33 35.65 1.736 27 56.294 1.736 24.57 56.701 1.736 21.14 46.729
4 16 1.736 27 -151.6 1.736 27 56.294 1.736 23.33 35.65 1.736 23.33 -125.8
4 16 1.736 -7.349 -137.8 1.736 -6.917 -139.1 1.736 -4.314 -136 1.736 -5.704 -135.8
3 16 1.736 -6.931 -136.5 1.736 -7.349 -137.8 1.736 -5.704 -135.8
4 16 1.736 4.527 -140.8 1.736 -4.314 -136 1.736 -6.917 -139.1 1.736 15.02 -165.3
3 16 1.736 15.02 -165.3 1.736 7.242 -141.6 1.736 4.527 -140.8
4 16 1.736 10.07 -141.3 1.736 7.242 -141.6 1.736 15.02 -165.3 1.736 16.19 -165.3
2 24 1.736 25.13 57.339 1.736 24.57 56.701
2 24 1.736 27 56.294 1.736 26.68 57.08
2 24 1.736 26.68 57.08 1.736 25.96 57.527
2 24 1.736 25.96 57.527 1.736 25.13 57.339
2 24 1.736 20.34 -128.8 1.736 21.81 -132.4
2 24 1.736 23.33 -125.8 1.736 20.34 -128.8
2 24 1.736 22.24 -134.4 1.736 21.26 -138.1
2 24 1.736 21.81 -132.4 1.736 22.24 -134.4
2 24 1.736 21.26 -138.1 1.736 19.95 -139.6
2 24 1.736 19.95 -139.6 1.736 16.31 -141
2 24 1.736 16.19 -165.3 1.736 27 -151.6
2 24 1.736 16.31 -141 1.736 12.56 -140
2 24 1.736 12.56 -140 1.736 10.07 -141.3
2 24 1.736 24.57 56.701 1.736 21.14 46.729
2 24 1.736 21.14 46.729 1.736 23.33 35.65
2 24 1.736 27 -151.6 1.736 27 56.294
2 24 1.736 23.33 35.65 1.736 23.33 -125.8
2 24 1.736 -7.349 -137.8 1.736 -6.917 -139.1
2 24 1.736 -4.314 -136 1.736 -5.704 -135.8
2 24 1.736 -6.931 -136.5 1.736 -7.349 -137.8
2 24 1.736 -5.704 -135.8 1.736 -6.931 -136.5
2 24 1.736 4.527 -140.8 1.736 -4.314 -136
2 24 1.736 -6.917 -139.1 1.736 15.02 -165.3
2 24 1.736 7.242 -141.6 1.736 4.527 -140.8
2 24 1.736 10.07 -141.3 1.736 7.242 -141.6
2 24 1.736 15.02 -165.3 1.736 16.19 -165.3
3 16 7.319 9 -39.25 5.708 17.88 -78 5.577 19.25 -79.4
3 16 7.157 8.01 -43.9 5.84 14.83 -74.7 5.708 17.88 -78
4 16 5.675 10.73 -80.6 5.832 12.62 -75.5 7.035 -0.17 -51.2 7.218 -3.444 -48.315
3 16 7.265 -4.448 -47.644 5.675 10.73 -80.6 7.218 -3.444 -48.315
4 16 5.84 14.83 -74.7 5.832 12.62 -75.5 5.711 14.13 -78 5.701 16 -77.5
3 16 5.832 12.62 -75.5 5.704 12.75 -79.4 5.711 14.13 -78
3 16 4.801 1.779 -107.5 4.924 2.497 -104 4.96 -0.002 -104.7
4 16 4.924 2.497 -104 4.801 1.779 -107.5 4.798 4.47 -106.3 4.954 4.327 -102.2
3 16 3.752 12.66 -128.9 3.752 12.75 -132.9 3.752 14.12 -131.5
3 16 3.752 12.75 -132.9 3.752 12.66 -128.9 4.801 1.779 -107.5
4 16 3.752 16 -131 3.751 14 -128.4 3.752 12.66 -128.9 3.752 14.12 -131.5
3 16 3.752 12.75 -132.9 5.052 -2.501 -104 3.752 12.25 -134.8
3 16 4.801 1.779 -107.5 5.052 -2.501 -104 3.752 12.75 -132.9
3 16 5.052 -2.501 -104 4.801 1.779 -107.5 4.96 -0.002 -104.7
3 16 3.752 12.75 -136.6 3.752 12.25 -134.8 5.052 -2.501 -104
3 16 5.137 -4.33 -102.2 3.752 12.75 -136.6 5.052 -2.501 -104
3 16 4.954 4.327 -102.2 4.798 4.47 -106.3 3.751 14 -128.4
3 16 4.954 4.327 -102.2 5 5.676 -100.5 5.042 4.996 -99.7
3 16 3.752 17.87 -131.5 5 5.676 -100.5 4.954 4.327 -102.2
3 16 5 5.676 -100.5 3.752 17.87 -131.5 3.752 19.25 -132.9
3 16 3.752 17.87 -131.5 3.751 14 -128.4 3.752 16 -131
3 16 3.751 14 -128.4 3.752 17.87 -131.5 4.954 4.327 -102.2
4 16 5.44 14.13 -84.5 5.512 12.75 -83.1 5.484 10.81 -85.5 5.399 12.38 -86.9
3 16 5.395 16 -85 5.44 14.13 -84.5 5.399 12.38 -86.9
4 16 5.675 10.73 -80.6 5.484 10.81 -85.5 5.512 12.75 -83.1 5.597 12.25 -81.3
4 16 5.329 4.016 -92.9 5.484 10.81 -85.5 5.675 10.73 -80.6 5.314 -0.002 -94.7
3 16 5.314 -0.002 -94.7 5.675 10.73 -80.6 5.344 -2.501 -95.4
3 16 5.329 4.016 -92.9 5.314 -0.002 -94.7 5.22 2.497 -95.4
4 16 5.329 4.016 -92.9 5.22 2.497 -95.4 5.131 4.327 -97.2 5.227 5.984 -94.5
3 16 5.042 4.996 -99.7 5.227 5.984 -94.5 5.131 4.327 -97.2
3 16 5.042 4.996 -99.7 5.399 12.38 -86.9 5.227 5.984 -94.5
4 16 5.399 12.38 -86.9 5.042 4.996 -99.7 5 5.676 -100.5 5.395 16 -85
3 16 5.395 16 -85 5 5.676 -100.5 5.391 17.88 -84.5
3 16 5.675 10.73 -80.6 5.704 12.75 -79.4 5.832 12.62 -75.5
3 16 5.704 12.75 -79.4 5.675 10.73 -80.6 5.597 12.25 -81.3
3 16 5.84 14.83 -74.7 5.701 16 -77.5 5.708 17.88 -78
3 16 7.265 -4.448 -47.644 7.348 -6.364 -46.364 5.675 10.73 -80.6
3 16 7.388 -6.89 -45.577 5.675 10.73 -80.6 7.348 -6.364 -46.364
3 16 7.29 9 -40 7.17 8.315 -43.444 5.708 17.88 -78
3 16 7.157 8.01 -43.9 5.708 17.88 -78 7.17 8.315 -43.444
3 16 5.708 17.88 -78 7.319 9 -39.25 7.29 9 -40
3 16 5.84 14.83 -74.7 7.157 8.01 -43.9 6.993 7.894 -48.29
3 16 7.096 6.364 -46.364 6.993 7.894 -48.29 7.157 8.01 -43.9
3 16 6.993 7.894 -48.29 7.096 6.364 -46.364 7.088 4.896 -47.345
3 16 7.158 8.011 -43.88 7.107 6.646 -45.942 7.157 8.01 -43.9
4 16 6.98 4.136 -50.5 6.993 7.894 -48.29 7.088 4.896 -47.345 7.079 3.444 -48.315
3 16 6.98 4.136 -50.5 7.079 3.444 -48.315 7.111 0.733 -48.854
4 16 7.035 -0.17 -51.2 6.98 4.136 -50.5 7.111 0.733 -48.854 7.122 0 -49
3 16 7.035 -0.17 -51.2 7.122 0 -49 7.218 -3.444 -48.315
2 24 7.348 -6.364 -46.364 7.265 -4.448 -47.644
2 24 7.348 -6.364 -46.364 7.388 -6.89 -45.577
2 24 7.319 9 -39.25 7.29 9 -40
2 24 7.17 8.315 -43.444 7.29 9 -40
2 24 7.157 8.015 -43.893 7.17 8.315 -43.444
2 24 7.157 8.014 -43.895 7.157 8.015 -43.893
2 24 7.157 8.01 -43.9 7.157 8.014 -43.895
2 24 7.096 6.364 -46.364 7.157 8.01 -43.9
2 24 7.088 4.896 -47.345 7.096 6.364 -46.364
2 24 7.079 3.444 -48.315 7.088 4.896 -47.345
2 24 7.085 2.903 -48.423 7.079 3.444 -48.315
2 24 7.111 0.733 -48.854 7.085 2.903 -48.423
2 24 7.122 0.052 -48.99 7.111 0.733 -48.854
2 24 7.122 0 -49 7.122 0.052 -48.99
2 24 7.217 -3.428 -48.318 7.122 0 -49
2 24 7.218 -3.444 -48.315 7.217 -3.428 -48.318
2 24 7.265 -4.448 -47.644 7.218 -3.444 -48.315
5 24 5.675 10.73 -80.6 7.217 -3.428 -48.318 7.035 -0.17 -51.2 7.218 -3.444 -48.315
5 24 4.954 4.327 -102.2 5 5.676 -100.5 5.042 4.996 -99.7 3.752 17.87 -131.5
5 24 5.399 12.38 -86.9 5.44 14.13 -84.5 5.484 10.81 -85.5 5.395 16 -85
5 24 7.157 8.01 -43.9 5.84 14.83 -74.7 7.157 8.014 -43.894 6.993 7.894 -48.29
4 16 1.5 4.136 -50.5 1.5 -0.17 -51.2 1.5 12.62 -75.5 1.5 14.83 -74.7
3 16 1.5 14.83 -74.7 1.5 7.894 -48.29 1.5 4.136 -50.5
4 16 1.5 4.47 -106.3 1.5 1.78 -107.5 1.5 12.66 -128.9 1.5 14 -128.4
4 16 1.5 4.016 -92.9 1.5 5.985 -94.5 1.5 12.38 -86.9 1.5 10.81 -85.5
2 24 1.5 4.136 -50.5 1.5 -0.17 -51.2
2 24 1.5 -0.17 -51.2 1.5 12.62 -75.5
2 24 1.5 12.62 -75.5 1.5 14.83 -74.7
2 24 1.5 14.83 -74.7 1.5 7.894 -48.29
2 24 1.5 7.894 -48.29 1.5 4.136 -50.5
2 24 1.5 4.47 -106.3 1.5 1.78 -107.5
2 24 1.5 1.78 -107.5 1.5 12.66 -128.9
2 24 1.5 12.66 -128.9 1.5 14 -128.4
2 24 1.5 14 -128.4 1.5 4.47 -106.3
2 24 1.5 4.016 -92.9 1.5 5.985 -94.5
2 24 1.5 5.985 -94.5 1.5 12.38 -86.9
2 24 1.5 12.38 -86.9 1.5 10.81 -85.5
2 24 1.5 10.81 -85.5 1.5 4.016 -92.9
2 24 5.84 14.83 -74.7 6.993 7.894 -48.29
2 24 7.035 -0.17 -51.2 5.832 12.62 -75.5
2 24 6.98 4.136 -50.5 7.035 -0.17 -51.2
2 24 6.993 7.894 -48.29 6.98 4.136 -50.5
2 24 5.484 10.81 -85.5 5.329 4.016 -92.9
2 24 3.751 14 -128.4 4.798 4.47 -106.3
2 24 4.798 4.47 -106.3 4.801 1.779 -107.5
2 24 4.801 1.779 -107.5 3.752 12.66 -128.9
2 24 5.832 12.62 -75.5 5.84 14.83 -74.7
2 24 5.227 5.984 -94.5 5.399 12.38 -86.9
2 24 5.329 4.016 -92.9 5.227 5.984 -94.5
2 24 3.752 12.66 -128.9 3.751 14 -128.4
2 24 5.399 12.38 -86.9 5.484 10.81 -85.5
3 16 4.625 14.12 -131.5 4.625 14.12 -138 4.625 16 -138.5
3 16 4.625 16 -131 4.625 17.87 -138 4.625 17.87 -131.5
4 16 4.625 12.75 -132.9 4.625 12.75 -136.6 4.625 14.12 -138 4.625 14.12 -131.5
1 16 4.625 15.998 -134.75 0 -1.0021 0 0.935 0 -0.94 0.25 0 3.5 rect2p.dat
4 16 4.625 19.25 -136.6 4.625 19.25 -132.9 4.625 17.87 -131.5 4.625 17.87 -138
3 16 4.625 19.75 -134.8 4.625 19.25 -132.9 4.625 19.25 -136.6
3 16 4.625 12.25 -134.8 4.625 12.75 -136.6 4.625 12.75 -132.9
4 16 6.5 -4.33 -97.2 6.5 -5 -99.7 6.5 -4.33 -102.2 6.5 -2.501 -95.4
4 16 6.5 -2.501 -95.4 6.5 -4.33 -102.2 6.5 -2.501 -104 6.5 -0.002 -94.7
1 16 6.5 -0.002 -99.7 0 -1.0414 0 1.2496 0 1.2496 -0.35 0 4.65 rect2p.dat
4 16 6.5 2.497 -104 6.5 4.327 -97.2 6.5 2.497 -95.4 6.5 -0.002 -104.7
4 16 6.5 2.497 -104 6.5 4.327 -102.2 6.5 4.996 -99.7 6.5 4.327 -97.2
4 16 6.5 -0.002 -104.7 6.5 -2.501 -104 5.052 -2.501 -104 4.96 -0.002 -104.7
4 16 4.96 -0.002 -104.7 4.924 2.497 -104 6.5 2.497 -104 6.5 -0.002 -104.7
4 16 4.924 2.497 -104 4.954 4.327 -102.2 6.5 4.327 -102.2 6.5 2.497 -104
4 16 6.5 4.996 -99.7 6.5 4.327 -102.2 4.954 4.327 -102.2 5.042 4.996 -99.7
4 16 6.5 4.327 -97.2 6.5 4.996 -99.7 5.042 4.996 -99.7 5.131 4.327 -97.2
4 16 6.5 2.497 -95.4 6.5 4.327 -97.2 5.131 4.327 -97.2 5.22 2.497 -95.4
4 16 6.5 -0.002 -94.7 6.5 2.497 -95.4 5.22 2.497 -95.4 5.314 -0.002 -94.7
4 16 5.314 -0.002 -94.7 5.344 -2.501 -95.4 6.5 -2.501 -95.4 6.5 -0.002 -94.7
4 16 5.137 -4.33 -102.2 5.052 -2.501 -104 6.5 -2.501 -104 6.5 -4.33 -102.2
3 16 6.875 12.75 -83.1 6.875 12.75 -79.4 6.875 12.25 -81.3
4 16 6.875 12.75 -79.4 6.875 12.75 -83.1 6.875 14.13 -84.5 6.875 14.13 -78
3 16 6.875 17.88 -78 6.875 16 -77.5 6.875 17.88 -84.5
3 16 6.875 14.13 -78 6.875 14.13 -84.5 6.875 16 -85
1 16 6.875 16.003 -81.25 0 -1.0068 0 0.94 0 -0.935 0.25 0 3.5 rect2p.dat
4 16 6.875 19.25 -83.1 6.875 19.25 -79.4 6.875 17.88 -78 6.875 17.88 -84.5
3 16 6.875 19.25 -79.4 6.875 19.25 -83.1 6.875 19.75 -81.3
4 16 4.875 12.25 -27.25 4.875 12.75 -29.12 4.875 14.12 -30.5 4.875 12.75 -25.37
4 16 4.875 12.75 -25.37 4.875 14.12 -30.5 4.875 16 -31 4.875 14.12 -24
1 16 4.875 15.998 -27.25 0 -1.0068 0 -0.94 0 0.935 -0.25 0 -3.5 rect2p.dat
4 16 4.875 19.25 -29.12 4.875 17.87 -24 4.875 16 -23.5 4.875 17.87 -30.5
4 16 4.875 19.25 -29.12 4.875 19.75 -27.25 4.875 19.25 -25.37 4.875 17.87 -24
4 16 4.875 12.25 25.75 4.875 12.75 23.88 4.875 14.12 22.5 4.875 12.75 27.62
4 16 4.875 12.75 27.62 4.875 14.12 22.5 4.875 16 22 4.875 14.12 29
1 16 4.875 16 25.75 0 -1.0071 0 -0.94 0 0.94 -0.25 0 -3.5 rect2p.dat
4 16 4.875 19.25 23.88 4.875 17.88 29 4.875 16 29.5 4.875 17.88 22.5
4 16 4.875 19.25 23.88 4.875 19.75 25.75 4.875 19.25 27.62 4.875 17.88 29
4 16 5.597 12.25 -81.3 5.512 12.75 -83.1 6.875 12.75 -83.1 6.875 12.25 -81.3
4 16 5.44 14.13 -84.5 5.395 16 -85 6.875 16 -85 6.875 14.13 -84.5
4 16 5.512 12.75 -83.1 5.44 14.13 -84.5 6.875 14.13 -84.5 6.875 12.75 -83.1
1 16 6.134 16.94 -84.75 -0.74 0 0 0 -0.257 0.94 0 1 0.25 rect1.dat
1 16 6.29 16.94 -77.75 0 0 -0.587 0.94 -0.2935 0 -0.25 -1.1036 0 rect2p.dat
4 16 5.577 19.25 -79.4 5.708 17.88 -78 6.875 17.88 -78 6.875 19.25 -79.4
1 16 6.29 15.065 -77.75 -0.587 0 0 0 0.2583 -0.935 0 -1 -0.25 rect1.dat
1 16 6.291 13.44 -78.7 -0.0035 0 0.582 -0.69 0.7122 0 -0.7 -1 0 rect2p.dat
4 16 5.704 12.75 -79.4 5.597 12.25 -81.3 6.875 12.25 -81.3 6.875 12.75 -79.4
3 16 4.875 16 29.5 3.625 14.12 29 4.875 14.12 29
1 16 4.25 18.565 23.19 0 0 -0.625 -0.685 -0.7097 0 -0.69 1 0 rect2p.dat
1 16 4.25 12.5 26.685 0 0 0.625 -0.25 0.9661 0 -0.935 -0.9999 0 rect2p.dat
1 16 4.25 13.435 28.31 0 0 0.625 -0.685 0.7097 0 -0.69 -1 0 rect2p.dat
1 16 4.25 12.5 24.815 0 0 0.625 0.25 0.9661 0 -0.935 0.9999 0 rect2p.dat
1 16 4.25 15.06 22.25 0 0 0.625 0.94 0.257 0 -0.25 1 0 rect2p.dat
1 16 4.25 13.435 23.19 0 0 0.625 0.685 0.7097 0 -0.69 1 0 rect2p.dat
1 16 4.25 16.94 22.25 -0.625 0 0 0 -0.257 0.94 0 1 0.25 rect1.dat
1 16 4.25 12.5 -28.185 0 0 0.625 0.25 0.9661 0 -0.935 0.9999 0 rect2p.dat
1 16 4.25 15.06 -30.75 0 0 0.625 0.94 0.257 0 -0.25 1 0 rect2p.dat
1 16 4.25 13.435 -29.81 0 0 0.625 0.685 0.7097 0 -0.69 1 0 rect2p.dat
1 16 4.25 16.935 -30.75 -0.625 0 0 0 -0.2583 0.935 0 1 0.25 rect1.dat
1 16 4.25 16.935 -23.75 0 0 0.625 -0.935 -0.3125 0 0.25 -1.1687 0 rect2p.dat
1 16 4.25 18.56 -24.685 0 0 0.625 -0.69 -1.7125 0 0.685 -1.725 0 rect2p.dat
1 16 4.25 15.06 -23.75 -0.625 0 0 0 0.257 -0.94 0 -1 -0.25 rect1.dat
1 16 4.25 12.5 -26.31 0 0 0.625 -0.25 0.9664 0 -0.94 -0.9999 0 rect2p.dat
1 16 4.25 13.435 -24.685 0 0 0.625 -0.685 0.7071 0 -0.685 -1 0 rect2p.dat
3 16 3.625 19.25 23.88 4.875 19.75 25.75 4.875 19.25 23.88
4 16 4.875 19.75 25.75 3.625 19.25 23.88 2.25 19.25 23.88 2.25 19.75 25.75
4 16 4.875 16 29.5 2.25 16 29.5 2.25 14.12 29 3.625 14.12 29
1 16 3.562 16.94 29.25 0 0 1.3125 -0.94 -1.3125 0 0.25 -4.935 0 rect2p.dat
1 16 3.562 18.565 28.31 0 0 1.3125 -0.685 -1.2075 0 0.69 -1.1987 0 rect2p.dat
1 16 3.562 19.5 26.685 0 0 1.3125 -0.25 -4.9088 0 0.935 -1.3125 0 rect2p.dat
3 16 6.875 19.25 -83.1 5.515 19.75 -81.3 6.875 19.75 -81.3
3 16 5.391 17.88 -84.5 6.875 19.25 -83.1 6.875 17.88 -84.5
4 16 5.515 19.75 -81.3 5.577 19.25 -79.4 6.875 19.25 -79.4 6.875 19.75 -81.3
2 24 5.052 -2.501 -104 4.96 -0.002 -104.7
2 24 4.96 -0.002 -104.7 4.924 2.497 -104
2 24 4.924 2.497 -104 4.954 4.327 -102.2
2 24 4.954 4.327 -102.2 5.042 4.996 -99.7
2 24 5.042 4.996 -99.7 5.131 4.327 -97.2
2 24 5.131 4.327 -97.2 5.22 2.497 -95.4
2 24 5.22 2.497 -95.4 5.314 -0.002 -94.7
2 24 5.314 -0.002 -94.7 5.344 -2.501 -95.4
2 24 5.137 -4.33 -102.2 5.052 -2.501 -104
2 24 6.5 -4.33 -97.2 6.5 -5 -99.7
2 24 6.5 -5 -99.7 6.5 -4.33 -102.2
2 24 6.5 -2.501 -95.4 6.5 -4.33 -97.2
2 24 6.5 -4.33 -102.2 6.5 -2.501 -104
2 24 6.5 -0.002 -94.7 6.5 -2.501 -95.4
2 24 6.5 4.327 -97.2 6.5 2.497 -95.4
2 24 6.5 -0.002 -104.7 6.5 2.497 -104
2 24 6.5 2.497 -104 6.5 4.327 -102.2
2 24 6.5 4.327 -102.2 6.5 4.996 -99.7
2 24 6.5 4.996 -99.7 6.5 4.327 -97.2
5 24 6.5 -2.501 -104 5.052 -2.501 -104 6.5 -0.002 -104.7 5.137 -4.33 -102.2
5 24 4.96 -0.002 -104.7 6.5 -0.002 -104.7 6.5 -2.501 -104 4.924 2.497 -104
5 24 4.924 2.497 -104 6.5 2.497 -104 4.96 -0.002 -104.7 4.954 4.327 -102.2
5 24 4.954 4.327 -102.2 6.5 4.327 -102.2 4.924 2.497 -104 6.5 4.996 -99.7
5 24 5.042 4.996 -99.7 6.5 4.996 -99.7 6.5 4.327 -102.2 6.5 4.327 -97.2
5 24 5.131 4.327 -97.2 6.5 4.327 -97.2 6.5 4.996 -99.7 6.5 2.497 -95.4
5 24 5.22 2.497 -95.4 6.5 2.497 -95.4 6.5 4.327 -97.2 6.5 -0.002 -94.7
5 24 5.314 -0.002 -94.7 6.5 -0.002 -94.7 6.5 2.497 -95.4 5.344 -2.501 -95.4
5 24 5.344 -2.501 -95.4 6.5 -2.501 -95.4 5.314 -0.002 -94.7 6.5 -4.33 -97.2
5 24 6.5 -4.33 -102.2 5.137 -4.33 -102.2 5.052 -2.501 -104 6.5 -5 -99.7
4 16 3.625 9 7 3.625 9 -39.25 3.625 12.25 -27.25 3.625 12.75 -25.37
3 16 3.625 12.25 -27.25 3.625 9 -39.25 3.625 12.75 -29.12
3 16 3.625 9 7 3.625 12.75 -25.37 3.625 14.12 -24
3 16 3.625 9 7 3.625 14.12 -24 3.625 16 -23.5
3 16 3.625 12.75 -29.12 3.625 9 -39.25 3.625 14.12 -30.5
3 16 3.625 9 7 3.625 16 -23.5 3.625 17.87 -24
3 16 3.625 14.12 -30.5 3.625 9 -39.25 3.625 16 -31
3 16 3.625 9 7 3.625 17.87 -24 3.625 19.25 -25.37
3 16 3.625 16 -31 3.625 9 -39.25 3.625 17.87 -30.5
4 16 3.625 12.75 23.88 3.625 9 25.09 3.625 9 7 3.625 14.12 22.5
3 16 3.625 12.25 25.75 3.625 9 25.09 3.625 12.75 23.88
3 16 3.625 16 22 3.625 14.12 22.5 3.625 9 7
3 16 3.625 17.88 22.5 3.625 16 22 3.625 9 7
3 16 3.625 12.75 27.62 3.625 9 25.09 3.625 12.25 25.75
3 16 3.625 14.12 29 3.625 9 25.09 3.625 12.75 27.62
3 16 3.625 19.25 23.88 3.625 17.88 22.5 3.625 9 7
2 24 3.625 9 7 3.625 9 -39.25
2 24 3.625 9 25.09 3.625 9 7
2 24 7.319 9 -39.25 5.577 19.25 -79.4
2 24 5.391 17.88 -84.5 5 5.676 -100.5
2 24 5 5.676 -100.5 3.752 19.25 -132.9
2 24 4.625 14.12 -138 4.625 12.75 -136.6
2 24 4.625 19.25 -132.9 4.625 19.75 -134.8
2 24 4.625 16 -138.5 4.625 14.12 -138
2 24 4.625 19.25 -136.6 4.625 17.87 -138
2 24 3.752 17.87 -131.5 3.752 16 -131
2 24 4.625 16 -131 4.625 17.87 -131.5
2 24 4.625 17.87 -131.5 4.625 19.25 -132.9
2 24 3.752 19.25 -132.9 3.752 17.87 -131.5
2 24 3.752 12.75 -132.9 3.752 12.25 -134.8
2 24 4.625 12.25 -134.8 4.625 12.75 -132.9
2 24 3.752 14.12 -131.5 3.752 12.75 -132.9
2 24 4.625 12.75 -132.9 4.625 14.12 -131.5
2 24 3.752 16 -131 3.752 14.12 -131.5
2 24 4.625 12.75 -136.6 4.625 12.25 -134.8
2 24 3.752 12.25 -134.8 3.752 12.75 -136.6
2 24 4.625 19.75 -134.8 4.625 19.25 -136.6
2 24 6.875 12.75 -79.4 6.875 12.25 -81.3
2 24 6.875 12.25 -81.3 6.875 12.75 -83.1
2 24 6.875 12.75 -83.1 6.875 14.13 -84.5
2 24 6.875 14.13 -84.5 6.875 16 -85
2 24 6.875 19.25 -79.4 6.875 17.88 -78
2 24 6.875 17.88 -84.5 6.875 19.25 -83.1
2 24 6.875 19.25 -83.1 6.875 19.75 -81.3
2 24 6.875 19.75 -81.3 6.875 19.25 -79.4
2 24 5.597 12.25 -81.3 5.512 12.75 -83.1
2 24 5.512 12.75 -83.1 5.44 14.13 -84.5
2 24 5.704 12.75 -79.4 5.597 12.25 -81.3
2 24 5.44 14.13 -84.5 5.395 16 -85
2 24 5.577 19.25 -79.4 5.708 17.88 -78
5 24 4.625 12.75 -136.6 3.752 12.75 -136.6 -4.625 14.12 -138 4.625 12.25 -134.8
5 24 -4.625 14.12 -138 4.625 14.12 -138 4.625 12.75 -136.6 -4.625 16 -138.5
5 24 3.752 19.25 -132.9 4.625 19.25 -132.9 4.625 19.75 -134.8 4.625 17.87 -131.5
5 24 3.752 16 -131 4.625 16 -131 3.752 17.87 -131.5 3.752 14.12 -131.5
5 24 4.625 17.87 -131.5 3.752 17.87 -131.5 3.752 16 -131 4.625 19.25 -132.9
5 24 3.752 12.25 -134.8 4.625 12.25 -134.8 3.752 12.75 -132.9 4.625 12.75 -136.6
5 24 4.625 12.75 -132.9 3.752 12.75 -132.9 3.752 12.25 -134.8 3.752 14.12 -131.5
5 24 4.625 14.12 -131.5 3.752 14.12 -131.5 3.752 12.75 -132.9 3.752 16 -131
5 24 6.875 17.88 -84.5 5.391 17.88 -84.5 6.875 19.25 -83.1 5.395 16 -85
5 24 5.577 19.25 -79.4 6.875 19.25 -79.4 5.515 19.75 -81.3 5.708 17.88 -78
5 24 5.512 12.75 -83.1 6.875 12.75 -83.1 5.597 12.25 -81.3 5.44 14.13 -84.5
5 24 6.875 12.25 -81.3 5.597 12.25 -81.3 5.512 12.75 -83.1 5.704 12.75 -79.4
5 24 6.875 14.13 -84.5 5.44 14.13 -84.5 5.395 16 -85 5.512 12.75 -83.1
5 24 6.875 17.88 -78 5.708 17.88 -78 6.875 16 -77.5 5.577 19.25 -79.4
5 24 5.711 14.13 -78 6.875 14.13 -78 6.875 16 -77.5 5.704 12.75 -79.4
5 24 5.704 12.75 -79.4 6.875 12.75 -79.4 5.711 14.13 -78 5.597 12.25 -81.3
5 24 5.515 19.75 -81.3 6.875 19.75 -81.3 6.875 19.25 -83.1 5.577 19.25 -79.4
5 24 5.395 16 -85 6.875 16 -85 5.44 14.13 -84.5 5.391 17.88 -84.5
5 24 5.701 16 -77.5 6.875 16 -77.5 6.875 17.88 -78 6.875 14.13 -78
2 24 3.625 9 25.09 3.625 14.12 29
2 24 3.625 9 7 3.625 19.25 -25.37
2 24 3.625 17.87 -30.5 3.625 9 -39.25
2 24 3.625 19.25 23.88 3.625 9 7
2 24 4.875 19.75 25.75 4.875 19.25 23.88
2 24 4.875 17.87 -30.5 4.875 19.25 -29.12
2 24 4.875 19.25 -29.12 4.875 19.75 -27.25
2 24 4.875 19.75 -27.25 4.875 19.25 -25.37
5 24 4.875 19.25 23.88 3.625 19.25 23.88 4.875 19.75 25.75 4.875 17.88 22.5
5 24 3.625 19.25 23.88 2.25 19.25 23.88 4.875 19.75 25.75 2.25 16.8 19.64
5 24 2.25 19.75 25.75 4.875 19.75 25.75 3.625 19.25 23.88 2.25 19.25 27.62
5 24 3.625 14.12 29 4.875 14.12 29 4.875 16 29.5 3.625 12.75 27.62
5 24 4.875 16 29.5 2.25 16 29.5 2.25 14.12 29 2.25 17.88 29
5 24 2.25 14.12 29 3.625 14.12 29 4.875 16 29.5 -3.625 9 25.09
5 24 3.625 17.87 -30.5 2.25 17.87 -30.5 2.25 19.25 -29.12 2.25 15.73 -32.79
5 24 2.25 19.25 -29.12 4.875 19.25 -29.12 4.875 17.87 -30.5 2.25 19.75 -27.25
5 24 4.875 17.87 -30.5 3.625 17.87 -30.5 2.25 19.25 -29.12 4.875 16 -31
5 24 4.875 19.75 -27.25 2.25 19.75 -27.25 3.625 19.25 -25.37 4.875 19.25 -29.12
5 24 2.25 19.75 -27.25 3.625 19.25 -25.37 4.875 19.75 -27.25 2.25 17.88 -20.56
5 24 3.625 19.25 -25.37 4.875 19.25 -25.37 4.875 19.75 -27.25 3.625 17.87 -24
5 24 2.25 17.88 -20.56 3.625 19.25 -25.37 2.25 19.75 -27.25 3.625 9 7
5 24 2.25 17.88 -20.56 3.625 9 7 3.625 19.25 -25.37 -3.625 9 7
5 24 2.25 15.73 -32.79 3.625 9 -39.25 -3.625 9 -39.25 3.625 17.87 -30.5
5 24 3.625 17.87 -30.5 2.25 15.73 -32.79 2.25 17.87 -30.5 3.625 9 -39.25
5 24 2.25 16.8 19.64 3.625 9 7 -3.625 9 7 3.625 19.25 23.88
5 24 4.875 17.88 22.5 3.625 17.88 22.5 4.875 19.25 23.88 3.625 16 22
5 24 4.875 17.88 29 2.25 17.88 29 2.25 16 29.5 2.25 19.25 27.62
5 24 4.875 19.25 27.62 2.25 19.25 27.62 2.25 17.88 29 2.25 19.75 25.75
5 24 3.625 12.25 25.75 4.875 12.25 25.75 3.625 12.75 27.62 3.625 12.75 23.88
5 24 4.875 12.75 27.62 3.625 12.75 27.62 3.625 12.25 25.75 3.625 14.12 29
5 24 3.625 12.75 23.88 4.875 12.75 23.88 3.625 12.25 25.75 3.625 14.12 22.5
5 24 3.625 16 22 4.875 16 22 3.625 14.12 22.5 3.625 17.88 22.5
5 24 4.875 14.12 22.5 3.625 14.12 22.5 3.625 16 22 3.625 12.75 23.88
5 24 4.875 12.25 -27.25 3.625 12.25 -27.25 3.625 12.75 -29.12 4.875 12.75 -25.37
5 24 3.625 12.75 -29.12 4.875 12.75 -29.12 4.875 12.25 -27.25 3.625 14.12 -30.5
5 24 4.875 14.12 -30.5 3.625 14.12 -30.5 3.625 16 -31 4.875 12.75 -29.12
5 24 3.625 16 -31 4.875 16 -31 4.875 14.12 -30.5 3.625 17.87 -30.5
5 24 4.875 17.87 -24 3.625 17.87 -24 3.625 16 -23.5 4.875 19.25 -25.37
5 24 3.625 16 -23.5 4.875 16 -23.5 4.875 17.87 -24 3.625 14.12 -24
5 24 3.625 14.12 -24 4.875 14.12 -24 4.875 16 -23.5 3.625 12.75 -25.37
5 24 4.875 12.75 -25.37 3.625 12.75 -25.37 3.625 12.25 -27.25 4.875 14.12 -24
5 24 3.625 19.25 23.88 2.25 16.8 19.64 2.25 19.25 23.88 3.625 9 7
1 16 5.875 16 -134.8 0 -1.25 0 2.5 0 0 0 0 2.5 4-4cylc.dat
1 16 7.75 0 -99.75 0 -1.25 0 3.75 0 0 0 0 3.75 4-4cylc.dat
1 16 8.125 16 -81.3 0 -1.25 0 2.5 0 0 0 0 2.5 4-4cylc.dat
1 16 6.125 16 -27.25 0 -1.25 0 2.5 0 0 0 0 2.5 4-4cylc.dat
1 16 6.125 16 25.75 0 -1.25 0 2.5 0 0 0 0 2.5 4-4cylc.dat
3 16 10 -9 10 9.25 0 10 8.011 -4.625 10
4 16 10 -9 10 10 9 10 9.25 9 10 9.25 0 10
3 16 10 -9 10 8.011 -4.625 10 4.625 -8.011 10
3 16 10 -9 10 4.625 -8.011 10 0 -9 10
