0 ~Figure Duplo Arm Child Hand and Connector
0 Name: s\47198s01.dat
0 Author: Philippe Hurbain [Philo]
0 !LDRAW_ORG Unofficial_Subpart
0 !LICENSE Redistributable under CCAL version 2.0 : see CAreadme.txt

0 BFC CERTIFY CCW

1 16 5 0 0 0 1 0 7.33333 0 0 0 0 -7.33333 5-8edge.dat
1 16 5 0 0 0 1 0 7.33333 0 0 0 0 -7.33333 5-8disc.dat
1 16 22 0 0 0 1 0 7.33333 0 0 0 0 7.33333 4-4edge.dat
1 16 5 0 0 0 -10 0 7.33333 0 0 0 0 7.33333 3-8cyli.dat
1 16 -5 0 0 0 -1 0 7.33333 0 0 0 0 7.33333 3-8edge.dat
1 16 -5 0 0 0 1 0 7.33333 0 0 0 0 7.33333 3-8disc.dat
1 16 42.211774919971730959727033856039 13.211774919971731306109456350262 0 -3.5355355670817398439080148047486 -2.404163522938309003273729857393 0 3.5355355670817399175143141682193 -2.4041635229383085702956176525071 0 0 0 -5 4-4cyli.dat
1 16 39.807611905082967531992658856042 10.807611905082967878375081350264 0 -3.5355355670817398439080148047486 0 0 3.5355355670817399175143141682193 -1 0 0 0 -5 4-4edge.dat
2 24 -5 -5.185397643 5.185397643 5 -5.185397643 5.185397643
2 24 -5 0 0 5 0 0
2 24 -5 7.33333 0 5 7.33333 0
2 24 -5 0 0 -5 7.33333 0
2 24 -5 -5.185397643 5.185397643 -5 0 0
2 24 5 -5.185397643 5.185397643 5 0 0
2 24 5 0 0 5 7.33333 0
4 16 5 0 0 -5 0 0 -5 7.33333 0 5 7.33333 0
4 16 -5 0 0 5 0 0 5 -5.185397643 5.185397643 -5 -5.185397643 5.185397643
1 16 49 20 9 10.96875 0 0 0 0 -10.96875 0 -18 0 5-16cylo.dat
1 16 49 20 7 -10.96875 0 0 0 0 10.96875 0 -14 0 1-8cylo.dat
0 BFC INVERTNEXT
1 16 49 20 9 6.5 0 0 0 0 -6.5 0 -18 0 5-16cylo.dat
0 BFC INVERTNEXT
1 16 49 20 7 -6.5 0 0 0 0 6.5 0 -14 0 1-8cylo.dat
1 16 16 0 0 0 6 0 7.33333 0 0 0 0 7.33333 4-4cylc.dat
1 16 16 0 0 0 -4 0 5 0 0 0 0 5 4-4cylo.dat
1 16 12 0 0 0 -7 0 7.33333 0 0 0 0 7.33333 4-4cyli.dat
1 16 12 0 0 0 -1 0 7.33333 0 0 0 0 7.33333 4-4disc.dat
1 16 12 0 0 0 -1 0 7.33333 0 0 0 0 7.33333 4-4edge.dat
1 16 49 20 9 3.25 0 0 0 0 -3.25 0 -1 0 5-16rin2.dat
1 16 49 20 9 1.21875 0 0 0 0 -1.21875 0 -1 0 5-16ring8.dat
1 16 49 20 7 -3.25 0 0 0 0 3.25 0 -1 0 1-8ring2.dat
1 16 49 20 7 -1.21875 0 0 0 0 1.21875 0 -1 0 1-8ring8.dat
2 24 38.865971875 15.802259375 7.68 41.243996875 12.243996875 8.34
2 24 42.99465 17.51245 7.68 44.40385 15.40385 8.34
2 24 44.802259375 9.865971875 9 41.243996875 12.243996875 8.34
2 24 44.40385 15.40385 8.34 46.51245 13.99465 9
2 24 42.5 20 7 42.99465 17.51245 7.68
2 24 38.865971875 15.802259375 7.68 38.03125 20 7
3 16 44.802259375 9.865971875 9 45.268675 10.991975 9 41.243996875 12.243996875 8.34
3 16 41.243996875 12.243996875 8.34 45.268675 10.991975 9 44.40385 15.40385 8.34
3 16 44.40385 15.40385 8.34 45.268675 10.991975 9 46.51245 13.99465 9
3 16 38.865971875 15.802259375 7.68 41.243996875 12.243996875 8.34 44.40385 15.40385 8.34
3 16 38.865971875 15.802259375 7.68 44.40385 15.40385 8.34 42.99465 17.51245 7.68
3 16 42.99465 17.51245 7.68 42.5 20 7 39.25 20 7
3 16 39.25 20 7 38.865971875 15.802259375 7.68 42.99465 17.51245 7.68
3 16 38.865971875 15.802259375 7.68 39.25 20 7 38.03125 20 7
2 24 44.40385 24.59615 7 41.243996875 27.756003125 7
5 24 44.40385 15.40385 8.34 45.268675 10.991975 9 46.51245 13.99465 9 41.243996875 12.243996875 8.34
5 24 42.99465 17.51245 7.68 38.865971875 15.802259375 7.68 44.40385 15.40385 8.34 39.25 20 7
5 24 39.25 20 7 38.03125 20 7 38.865971875 24.197740625 7 38.865971875 15.802259375 7.68
5 24 45.268675 10.991975 9 46.51245 13.99465 9 44.40385 15.40385 8.34 49 13.5 9
5 24 44.40385 15.40385 8.34 41.243996875 12.243996875 8.34 38.865971875 15.802259375 7.68 45.268675 10.991975 9
5 24 38.865971875 15.802259375 7.68 44.40385 15.40385 8.34 42.99465 17.51245 7.68 41.243996875 12.243996875 8.34
5 24 39.25 20 7 42.99465 17.51245 7.68 38.865971875 15.802259375 7.68 42.5 20 7
5 24 39.25 20 7 38.865971875 15.802259375 7.68 42.99465 17.51245 7.68 38.03125 20 7
5 24 42.5 20 7 39.25 20 7 39.991975 23.731325 7 42.99465 17.51245 7.68
5 24 44.802259375 9.865971875 9 45.268675 10.991975 9 41.243996875 12.243996875 8.34 49 10.25 9
5 24 45.268675 10.991975 9 41.243996875 12.243996875 8.34 44.40385 15.40385 8.34 44.802259375 9.865971875 9
1 16 49 20 -9 3.25 0 0 0 0 -3.25 0 1 0 5-16rin2.dat
1 16 49 20 -9 1.21875 0 0 0 0 -1.21875 0 1 0 5-16ring8.dat
1 16 49 20 -7 -3.25 0 0 0 0 3.25 0 1 0 1-8ring2.dat
1 16 49 20 -7 -1.21875 0 0 0 0 1.21875 0 1 0 1-8ring8.dat
2 24 38.865971875 15.802259375 -7.68 41.243996875 12.243996875 -8.34
2 24 42.99465 17.51245 -7.68 44.40385 15.40385 -8.34
2 24 44.802259375 9.865971875 -9 41.243996875 12.243996875 -8.34
2 24 44.40385 15.40385 -8.34 46.51245 13.99465 -9
2 24 42.5 20 -7 42.99465 17.51245 -7.68
2 24 38.865971875 15.802259375 -7.68 38.03125 20 -7
3 16 45.268675 10.991975 -9 44.802259375 9.865971875 -9 41.243996875 12.243996875 -8.34
3 16 45.268675 10.991975 -9 41.243996875 12.243996875 -8.34 44.40385 15.40385 -8.34
3 16 45.268675 10.991975 -9 44.40385 15.40385 -8.34 46.51245 13.99465 -9
3 16 41.243996875 12.243996875 -8.34 38.865971875 15.802259375 -7.68 44.40385 15.40385 -8.34
3 16 44.40385 15.40385 -8.34 38.865971875 15.802259375 -7.68 42.99465 17.51245 -7.68
3 16 42.5 20 -7 42.99465 17.51245 -7.68 39.25 20 -7
3 16 38.865971875 15.802259375 -7.68 39.25 20 -7 42.99465 17.51245 -7.68
3 16 39.25 20 -7 38.865971875 15.802259375 -7.68 38.03125 20 -7
2 24 44.40385 24.59615 -7 41.243996875 27.756003125 -7
5 24 44.40385 15.40385 -8.34 45.268675 10.991975 -9 46.51245 13.99465 -9 41.243996875 12.243996875 -8.34
5 24 42.99465 17.51245 -7.68 38.865971875 15.802259375 -7.68 44.40385 15.40385 -8.34 39.25 20 -7
5 24 39.25 20 -7 38.03125 20 -7 38.865971875 24.197740625 -7 38.865971875 15.802259375 -7.68
5 24 45.268675 10.991975 -9 46.51245 13.99465 -9 44.40385 15.40385 -8.34 49 13.5 -9
5 24 44.40385 15.40385 -8.34 41.243996875 12.243996875 -8.34 38.865971875 15.802259375 -7.68 45.268675 10.991975 -9
5 24 38.865971875 15.802259375 -7.68 44.40385 15.40385 -8.34 42.99465 17.51245 -7.68 41.243996875 12.243996875 -8.34
5 24 39.25 20 -7 42.99465 17.51245 -7.68 38.865971875 15.802259375 -7.68 42.5 20 -7
5 24 39.25 20 -7 38.865971875 15.802259375 -7.68 42.99465 17.51245 -7.68 38.03125 20 -7
5 24 42.5 20 -7 39.25 20 -7 39.991975 23.731325 -7 42.99465 17.51245 -7.68
5 24 44.802259375 9.865971875 -9 45.268675 10.991975 -9 41.243996875 12.243996875 -8.34 49 10.25 -9
5 24 45.268675 10.991975 -9 41.243996875 12.243996875 -8.34 44.40385 15.40385 -8.34 44.802259375 9.865971875 -9
2 24 41.243996875 27.756003125 7 41.243996875 27.756003125 -7
2 24 44.40385 24.59615 7 44.40385 24.59615 -7
4 16 41.243996875 27.756003125 -7 41.243996875 27.756003125 7 44.40385 24.59615 7 44.40385 24.59615 -7
4 16 44.40385 15.40385 -8.34 44.40385 15.40385 8.34 46.51245 13.99465 9 46.51245 13.99465 -9
4 16 44.40385 15.40385 -8.34 42.99465 17.51245 -7.68 42.99465 17.51245 7.68 44.40385 15.40385 8.34
4 16 42.5 20 7 42.99465 17.51245 7.68 42.99465 17.51245 -7.68 42.5 20 -7
4 16 41.243996875 12.243996875 -8.34 44.802259375 9.865971875 -9 44.802259375 9.865971875 9 41.243996875 12.243996875 8.34
4 16 41.243996875 12.243996875 -8.34 41.243996875 12.243996875 8.34 38.865971875 15.802259375 7.68 38.865971875 15.802259375 -7.68
4 16 38.865971875 15.802259375 -7.68 38.865971875 15.802259375 7.68 38.03125 20 7 38.03125 20 -7
2 24 38.767003 16.299965 -1.9135 38.678497 16.745053 -.016057
2 24 39.241059 15.241013 -3.5355 40.159957 13.866056 -4.6195
2 24 39.241059 15.241013 -3.5355 38.865972 15.802259 -2.544812
2 24 38.767003 16.299965 -1.9135 38.865972 15.802259 -2.544812
2 24 42.866056 11.159957 -4.6195 41.243997 12.243997 -5
2 24 40.159957 13.866056 -4.6195 41.243997 12.243997 -5
2 24 44.802259 9.865972 -2.544812 45.299965 9.767003 -1.9135
2 24 44.802259 9.865972 -2.544812 44.241013 10.241059 -3.5355
2 24 42.866056 11.159957 -4.6195 44.241013 10.241059 -3.5355
2 24 45.745053 9.678497 .016057 45.299965 9.767003 1.9135
2 24 45.745053 9.678497 -.016057 45.299965 9.767003 -1.9135
2 24 42.866056 11.159957 4.6195 44.241013 10.241059 3.5355
2 24 44.802259 9.865972 2.544812 45.299965 9.767003 1.9135
2 24 44.802259 9.865972 2.544812 44.241013 10.241059 3.5355
2 24 41.243997 12.243997 5 40.159957 13.866056 4.6195
2 24 41.243997 12.243997 5 42.866056 11.159957 4.6195
2 24 38.865972 15.802259 2.544812 39.241059 15.241013 3.5355
2 24 38.865972 15.802259 2.544812 38.767003 16.299965 1.9135
2 24 40.159957 13.866056 4.6195 39.241059 15.241013 3.5355
2 24 38.767003 16.299965 1.9135 38.678497 16.745053 .016057
2 24 59.34270859375 23.14830546875 7.35 59.134028125 24.197740625 5.3
2 24 59.5513890625 22.0988703125 8.4 59.34270859375 23.14830546875 7.35
2 24 55.1290125 21.8656625 7.35 55.00535 22.48755 5.3
2 24 55.252675 21.243775 8.4 55.1290125 21.8656625 7.35
2 24 59.5513890625 22.0988703125 8.4 59.96875 20 9
2 24 55.5 20 9 55.252675 21.243775 8.4
3 16 58.75 20 9 59.96875 20 9 59.5513890625 22.0988703125 8.4
3 16 59.5513890625 22.0988703125 8.4 55.252675 21.243775 8.4 55.5 20 9
3 16 55.5 20 9 58.75 20 9 59.5513890625 22.0988703125 8.4
3 16 55.252675 21.243775 8.4 59.5513890625 22.0988703125 8.4 59.34270859375 23.14830546875 7.35
3 16 55.252675 21.243775 8.4 59.34270859375 23.14830546875 7.35 55.1290125 21.8656625 7.35
3 16 55.1290125 21.8656625 7.35 59.34270859375 23.14830546875 7.35 59.134028125 24.197740625 5.3
3 16 55.1290125 21.8656625 7.35 59.134028125 24.197740625 5.3 55.00535 22.48755 5.3
2 24 59.34270859375 23.14830546875 -7.35 59.134028125 24.197740625 -5.3
2 24 59.5513890625 22.0988703125 -8.4 59.34270859375 23.14830546875 -7.35
2 24 55.1290125 21.8656625 -7.35 55.00535 22.48755 -5.3
2 24 55.252675 21.243775 -8.4 55.1290125 21.8656625 -7.35
2 24 59.5513890625 22.0988703125 -8.4 59.96875 20 -9
2 24 55.5 20 -9 55.252675 21.243775 -8.4
3 16 59.96875 20 -9 58.75 20 -9 59.5513890625 22.0988703125 -8.4
3 16 55.252675 21.243775 -8.4 59.5513890625 22.0988703125 -8.4 55.5 20 -9
3 16 58.75 20 -9 55.5 20 -9 59.5513890625 22.0988703125 -8.4
3 16 59.5513890625 22.0988703125 -8.4 55.252675 21.243775 -8.4 59.34270859375 23.14830546875 -7.35
3 16 59.34270859375 23.14830546875 -7.35 55.252675 21.243775 -8.4 55.1290125 21.8656625 -7.35
3 16 59.34270859375 23.14830546875 -7.35 55.1290125 21.8656625 -7.35 59.134028125 24.197740625 -5.3
3 16 59.134028125 24.197740625 -5.3 55.1290125 21.8656625 -7.35 55.00535 22.48755 -5.3
2 24 59.134028125 24.197740625 -5.3 59.134028125 24.197740625 5.3
2 24 55.00535 22.48755 -5.3 55.00535 22.48755 5.3
4 16 59.134028125 24.197740625 5.3 59.134028125 24.197740625 -5.3 55.00535 22.48755 -5.3 55.00535 22.48755 5.3
4 16 59.134028125 24.197740625 -5.3 59.134028125 24.197740625 5.3 59.34270859375 23.14830546875 7.35 59.34270859375 23.14830546875 -7.35
4 16 59.5513890625 22.0988703125 -8.4 59.34270859375 23.14830546875 -7.35 59.34270859375 23.14830546875 7.35 59.5513890625 22.0988703125 8.4
4 16 59.5513890625 22.0988703125 -8.4 59.5513890625 22.0988703125 8.4 59.96875 20 9 59.96875 20 -9
4 16 55.5 20 9 55.252675 21.243775 8.4 55.252675 21.243775 -8.4 55.5 20 -9
4 16 55.1290125 21.8656625 7.35 55.1290125 21.8656625 -7.35 55.252675 21.243775 -8.4 55.252675 21.243775 8.4
4 16 55.1290125 21.8656625 7.35 55.00535 22.48755 5.3 55.00535 22.48755 -5.3 55.1290125 21.8656625 -7.35
5 24 55.00535 22.48755 -5.3 59.134028125 24.197740625 -5.3 55.00535 22.48755 5.3 55.1290125 21.8656625 -7.35
5 24 59.134028125 24.197740625 5.3 55.00535 22.48755 5.3 55.1290125 21.8656625 7.35 59.134028125 24.197740625 -5.3
5 24 55.252675 21.243775 8.4 59.5513890625 22.0988703125 8.4 59.34270859375 23.14830546875 7.35 55.5 20 9
5 24 41.243996875 12.243996875 8.34 41.243996875 12.243996875 -8.34 38.865971875 15.802259375 7.68 44.802259375 9.865971875 -9
5 24 55.1290125 21.8656625 -7.35 59.34270859375 23.14830546875 -7.35 59.134028125 24.197740625 -5.3 55.252675 21.243775 -8.4
5 24 55.252675 21.243775 -8.4 59.34270859375 23.14830546875 -7.35 59.5513890625 22.0988703125 -8.4 55.1290125 21.8656625 -7.35
5 24 55.5 20 9 59.5513890625 22.0988703125 8.4 58.75 20 9 55.252675 21.243775 8.4
5 24 59.5513890625 22.0988703125 -8.4 55.5 20 -9 55.252675 21.243775 -8.4 58.75 20 -9
5 24 58.75 20 -9 55.5 20 -9 58.008025 16.268675 -9 59.5513890625 22.0988703125 -8.4
5 24 59.134028125 24.197740625 5.3 55.1290125 21.8656625 7.35 55.00535 22.48755 5.3 59.34270859375 23.14830546875 7.35
5 24 59.34270859375 23.14830546875 7.35 55.252675 21.243775 8.4 55.1290125 21.8656625 7.35 59.5513890625 22.0988703125 8.4
5 24 55.5 20 9 58.75 20 9 59.5513890625 22.0988703125 8.4 58.008025 16.268675 9
5 24 59.134028125 24.197740625 -5.3 55.1290125 21.8656625 -7.35 55.00535 22.48755 -5.3 59.34270859375 23.14830546875 -7.35
5 24 59.34270859375 23.14830546875 7.35 55.1290125 21.8656625 7.35 55.252675 21.243775 8.4 59.134028125 24.197740625 5.3
5 24 55.252675 21.243775 -8.4 59.5513890625 22.0988703125 -8.4 59.34270859375 23.14830546875 -7.35 55.5 20 -9
5 24 42.99465 17.51245 -7.68 42.99465 17.51245 7.68 44.40385 15.40385 8.34 42.5 20 -7
5 24 44.40385 15.40385 -8.34 44.40385 15.40385 8.34 46.51245 13.99465 9 42.99465 17.51245 -7.68
5 24 59.96875 20 -9 58.75 20 -9 59.5513890625 22.0988703125 -8.4 59.134028125 15.802259375 -9
5 24 38.865971875 15.802259375 7.68 38.865971875 15.802259375 -7.68 38.03125 20 7 41.243996875 12.243996875 -8.34
5 24 58.75 20 9 59.96875 20 9 59.134028125 15.802259375 9 59.5513890625 22.0988703125 8.4
