0 ~Figure Duplo Arm Child Sleeve
0 Name: s\47198s02.dat
0 Author: Philippe Hurbain [Philo]
0 !LDRAW_ORG Unofficial_Subpart
0 !LICENSE Redistributable under CCAL version 2.0 : see CAreadme.txt

0 BFC CERTIFY CCW

2 24 34.5043 16.1109 0 34.9079 15.7073 -3.0616
2 24 36.0576 14.5576 -5.6568 37.778 12.8372 -7.3912
2 24 34.9079 15.7073 -3.0616 36.0576 14.5576 -5.6568
2 24 37.778 12.8372 -7.3912 39.8076 10.8076 -8
2 24 45.1109 5.5043 0 44.7073 5.9079 3.0616
2 24 44.7073 5.9079 -3.0616 45.1109 5.5043 0
2 24 39.8076 10.8076 8 37.778 12.8372 7.3912
2 24 36.0576 14.5576 5.6568 34.9079 15.7073 3.0616
2 24 37.778 12.8372 7.3912 36.0576 14.5576 5.6568
2 24 34.9079 15.7073 3.0616 34.5043 16.1109 0
4 16 25 -9.5 0 25 -8.7771 -3.6357 30.1835 -8.139 -3.5206 30.3667 -8.7819 0
4 16 35.4563 -6.6799 0 30.3667 -8.7819 0 30.1835 -8.139 -3.5206 35.0987 -6.1091 -3.5489
3 16 29.655 -6.1965 -6.633 30.1835 -8.139 -3.5206 25 -8.7771 -3.6357
3 16 25 -8.7771 -3.6357 25 -6.7175 -6.7175 29.655 -6.1965 -6.633
5 24 29.655 -6.1965 -6.633 25 -8.7771 -3.6357 30.1835 -8.139 -3.5206 25 -6.7175 -6.7175
4 16 30.1835 -8.139 -3.5206 29.655 -6.1965 -6.633 34.0733 -4.3718 -6.6586 35.0987 -6.1091 -3.5489
4 16 35.4563 -6.6799 0 35.0987 -6.1091 -3.5489 44.7073 5.9079 -3.0616 45.1109 5.5043 0
4 16 34.0733 -4.3718 -6.6586 43.5576 7.0576 -5.6568 44.7073 5.9079 -3.0616 35.0987 -6.1091 -3.5489
3 16 41.8372 8.778 -7.3912 43.5576 7.0576 -5.6568 34.0733 -4.3718 -6.6586
3 16 34.0733 -4.3718 -6.6586 32.5367 -1.7334 -8.7602 41.8372 8.778 -7.3912
5 24 34.0733 -4.3718 -6.6586 41.8372 8.778 -7.3912 32.5367 -1.7334 -8.7602 43.5576 7.0576 -5.6568
4 16 32.5367 -1.7334 -8.7602 34.0733 -4.3718 -6.6586 29.655 -6.1965 -6.633 28.8619 -3.2508 -8.7386
3 16 25 -6.7175 -6.7175 25 -3.6357 -8.7771 28.8619 -3.2508 -8.7386
3 16 28.8619 -3.2508 -8.7386 29.655 -6.1965 -6.633 25 -6.7175 -6.7175
5 24 28.8619 -3.2508 -8.7386 25 -6.7175 -6.7175 29.655 -6.1965 -6.633 25 -3.6357 -8.7771
3 16 25 -3.6357 -8.7771 25 0 -9.5 27.9248 0.2503 -9.516
3 16 27.9248 0.2503 -9.516 28.8619 -3.2508 -8.7386 25 -3.6357 -8.7771
5 24 27.9248 0.2503 -9.516 25 -3.6357 -8.7771 28.8619 -3.2508 -8.7386 25 0 -9.5
4 16 32.5367 -1.7334 -8.7602 28.8619 -3.2508 -8.7386 27.9248 0.2503 -9.516 30.7224 1.4054 -9.5328
3 16 30.7224 1.4054 -9.5328 39.8076 10.8076 -8 41.8372 8.778 -7.3912
3 16 41.8372 8.778 -7.3912 32.5367 -1.7334 -8.7602 30.7224 1.4054 -9.5328
5 24 41.8372 8.778 -7.3912 30.7224 1.4054 -9.5328 32.5367 -1.7334 -8.7602 39.8076 10.8076 -8
3 16 25 0 -9.5 25 3.6357 -8.7771 26.9863 3.7736 -8.8477
3 16 26.9863 3.7736 -8.8477 27.9248 0.2503 -9.516 25 0 -9.5
5 24 26.9863 3.7736 -8.8477 25 0 -9.5 27.9248 0.2503 -9.516 25 3.6357 -8.7771
4 16 30.7224 1.4054 -9.5328 27.9248 0.2503 -9.516 26.9863 3.7736 -8.8477 28.9068 4.5663 -8.8598
3 16 28.9068 4.5663 -8.8598 37.778 12.8372 -7.3912 39.8076 10.8076 -8
3 16 39.8076 10.8076 -8 30.7224 1.4054 -9.5328 28.9068 4.5663 -8.8598
5 24 39.8076 10.8076 -8 28.9068 4.5663 -8.8598 30.7224 1.4054 -9.5328 37.778 12.8372 -7.3912
4 16 28.9068 4.5663 -8.8598 26.9863 3.7736 -8.8477 26.1895 6.7822 -6.8346 27.3664 7.2677 -6.8426
3 16 25 3.6357 -8.7771 25 6.7175 -6.7175 26.1895 6.7822 -6.8346
3 16 26.1895 6.7822 -6.8346 26.9863 3.7736 -8.8477 25 3.6357 -8.7771
5 24 26.1895 6.7822 -6.8346 25 3.6357 -8.7771 26.9863 3.7736 -8.8477 25 6.7175 -6.7175
3 16 27.3664 7.2677 -6.8426 36.0576 14.5576 -5.6568 37.778 12.8372 -7.3912
3 16 37.778 12.8372 -7.3912 28.9068 4.5663 -8.8598 27.3664 7.2677 -6.8426
5 24 27.3664 7.2677 -6.8426 37.778 12.8372 -7.3912 36.0576 14.5576 -5.6568 28.9068 4.5663 -8.8598
3 16 26.1895 6.7822 -6.8346 25 6.7175 -6.7175 25 8.7771 -3.6357
3 16 25 8.7771 -3.6357 25.6555 8.819 -3.784 26.1895 6.7822 -6.8346
5 24 25 8.7771 -3.6357 26.1895 6.7822 -6.8346 25 6.7175 -6.7175 25.6555 8.819 -3.784
4 16 27.3664 7.2677 -6.8426 26.1895 6.7822 -6.8346 25.6555 8.819 -3.784 26.3354 9.0992 -3.7894
3 16 26.3354 9.0992 -3.7894 34.9079 15.7073 -3.0616 36.0576 14.5576 -5.6568
3 16 36.0576 14.5576 -5.6568 27.3664 7.2677 -6.8426 26.3354 9.0992 -3.7894
5 24 36.0576 14.5576 -5.6568 26.3354 9.0992 -3.7894 27.3664 7.2677 -6.8426 34.9079 15.7073 -3.0616
4 16 26.3354 9.0992 -3.7894 25.6555 8.819 -3.784 25.4657 9.573 0 25.9712 9.7812 0
3 16 25.4657 9.573 0 25.6555 8.819 -3.784 25 8.7771 -3.6357
3 16 25 8.7771 -3.6357 25 9.5 0 25.4657 9.573 0
5 24 25 8.7771 -3.6357 25.4657 9.573 0 25 9.5 0 25.6555 8.819 -3.784
3 16 26.3354 9.0992 -3.7894 25.9712 9.7812 0 34.5043 16.1109 0
3 16 34.5043 16.1109 0 34.9079 15.7073 -3.0616 26.3354 9.0992 -3.7894
5 24 34.5043 16.1109 0 26.3354 9.0992 -3.7894 34.9079 15.7073 -3.0616 25.9712 9.7812 0
4 16 25 -9.5 0 30.3667 -8.7819 0 30.1835 -8.139 3.5206 25 -8.7771 3.6357
4 16 30.1835 -8.139 3.5206 30.3667 -8.7819 0 35.4563 -6.6799 0 35.0987 -6.1091 3.5489
3 16 25 -8.7771 3.6357 30.1835 -8.139 3.5206 29.655 -6.1965 6.633
3 16 29.655 -6.1965 6.633 25 -6.7175 6.7175 25 -8.7771 3.6357
5 24 25 -8.7771 3.6357 29.655 -6.1965 6.633 30.1835 -8.139 3.5206 25 -6.7175 6.7175
4 16 34.0733 -4.3718 6.6586 29.655 -6.1965 6.633 30.1835 -8.139 3.5206 35.0987 -6.1091 3.5489
4 16 44.7073 5.9079 3.0616 35.0987 -6.1091 3.5489 35.4563 -6.6799 0 45.1109 5.5043 0
4 16 34.0733 -4.3718 6.6586 35.0987 -6.1091 3.5489 44.7073 5.9079 3.0616 43.5576 7.0576 5.6568
3 16 41.8372 8.778 7.3912 32.5367 -1.7334 8.7602 34.0733 -4.3718 6.6586
3 16 34.0733 -4.3718 6.6586 43.5576 7.0576 5.6568 41.8372 8.778 7.3912
5 24 34.0733 -4.3718 6.6586 41.8372 8.778 7.3912 43.5576 7.0576 5.6568 32.5367 -1.7334 8.7602
4 16 29.655 -6.1965 6.633 34.0733 -4.3718 6.6586 32.5367 -1.7334 8.7602 28.8619 -3.2508 8.7386
3 16 28.8619 -3.2508 8.7386 25 -3.6357 8.7771 25 -6.7175 6.7175
3 16 25 -6.7175 6.7175 29.655 -6.1965 6.633 28.8619 -3.2508 8.7386
5 24 28.8619 -3.2508 8.7386 25 -6.7175 6.7175 25 -3.6357 8.7771 29.655 -6.1965 6.633
3 16 25 -3.6357 8.7771 28.8619 -3.2508 8.7386 27.9248 0.2503 9.516
3 16 27.9248 0.2503 9.516 25 0 9.5 25 -3.6357 8.7771
5 24 27.9248 0.2503 9.516 25 -3.6357 8.7771 25 0 9.5 28.8619 -3.2508 8.7386
4 16 27.9248 0.2503 9.516 28.8619 -3.2508 8.7386 32.5367 -1.7334 8.7602 30.7224 1.4054 9.5328
3 16 30.7224 1.4054 9.5328 32.5367 -1.7334 8.7602 41.8372 8.778 7.3912
3 16 41.8372 8.778 7.3912 39.8076 10.8076 8 30.7224 1.4054 9.5328
5 24 41.8372 8.778 7.3912 30.7224 1.4054 9.5328 39.8076 10.8076 8 32.5367 -1.7334 8.7602
3 16 25 0 9.5 27.9248 0.2503 9.516 26.9863 3.7736 8.8477
3 16 26.9863 3.7736 8.8477 25 3.6357 8.7771 25 0 9.5
5 24 26.9863 3.7736 8.8477 25 0 9.5 25 3.6357 8.7771 27.9248 0.2503 9.516
4 16 26.9863 3.7736 8.8477 27.9248 0.2503 9.516 30.7224 1.4054 9.5328 28.9068 4.5663 8.8598
3 16 39.8076 10.8076 8 37.778 12.8372 7.3912 28.9068 4.5663 8.8598
3 16 28.9068 4.5663 8.8598 30.7224 1.4054 9.5328 39.8076 10.8076 8
5 24 39.8076 10.8076 8 28.9068 4.5663 8.8598 37.778 12.8372 7.3912 30.7224 1.4054 9.5328
4 16 26.1895 6.7822 6.8346 26.9863 3.7736 8.8477 28.9068 4.5663 8.8598 27.3664 7.2677 6.8426
3 16 25 3.6357 8.7771 26.9863 3.7736 8.8477 26.1895 6.7822 6.8346
3 16 26.1895 6.7822 6.8346 25 6.7175 6.7175 25 3.6357 8.7771
5 24 26.1895 6.7822 6.8346 25 3.6357 8.7771 25 6.7175 6.7175 26.9863 3.7736 8.8477
3 16 27.3664 7.2677 6.8426 28.9068 4.5663 8.8598 37.778 12.8372 7.3912
3 16 37.778 12.8372 7.3912 36.0576 14.5576 5.6568 27.3664 7.2677 6.8426
5 24 37.778 12.8372 7.3912 27.3664 7.2677 6.8426 36.0576 14.5576 5.6568 28.9068 4.5663 8.8598
3 16 25 8.7771 3.6357 25 6.7175 6.7175 26.1895 6.7822 6.8346
3 16 26.1895 6.7822 6.8346 25.6555 8.819 3.784 25 8.7771 3.6357
5 24 26.1895 6.7822 6.8346 25 8.7771 3.6357 25 6.7175 6.7175 25.6555 8.819 3.784
4 16 25.6555 8.819 3.784 26.1895 6.7822 6.8346 27.3664 7.2677 6.8426 26.3354 9.0992 3.7894
3 16 26.3354 9.0992 3.7894 27.3664 7.2677 6.8426 36.0576 14.5576 5.6568
3 16 36.0576 14.5576 5.6568 34.9079 15.7073 3.0616 26.3354 9.0992 3.7894
5 24 36.0576 14.5576 5.6568 26.3354 9.0992 3.7894 34.9079 15.7073 3.0616 27.3664 7.2677 6.8426
4 16 25.4657 9.573 0 25.6555 8.819 3.784 26.3354 9.0992 3.7894 25.9712 9.7812 0
3 16 25.4657 9.573 0 25 9.5 0 25 8.7771 3.6357
3 16 25 8.7771 3.6357 25.6555 8.819 3.784 25.4657 9.573 0
5 24 25 8.7771 3.6357 25.4657 9.573 0 25.6555 8.819 3.784 25 9.5 0
3 16 26.3354 9.0992 3.7894 34.9079 15.7073 3.0616 34.5043 16.1109 0
3 16 34.5043 16.1109 0 25.9712 9.7812 0 26.3354 9.0992 3.7894
5 24 34.5043 16.1109 0 26.3354 9.0992 3.7894 25.9712 9.7812 0 34.9079 15.7073 3.0616

1 16 22 0 0 0 3 0 9.5 0 0 0 0 9.5 4-4cyli.dat
1 16 22 0 0 0 1 0 9.5 0 0 0 0 9.5 4-4edge.dat
1 16 22 0 0 0 1 0 9.5 0 0 0 0 9.5 4-4disc.dat
1 16 39.8076 10.8076 0 -5.3033 -0.70711 0 5.3033 -0.70711 0 0 0 -8 4-4edge.dat
1 16 39.8076 10.8076 0 -5.3033 -0.70711 0 5.3033 -0.70711 0 0 0 -8 4-4disc.dat
5 24 25 -9.5 0 25 -8.7771 -3.6357 30.1835 -8.139 -3.5206 22 -8.7771 -3.6357
5 24 25 -6.7175 -6.7175 25 -3.6357 -8.7771 22 -3.6357 -8.7771 28.8619 -3.2508 -8.7386
5 24 27.9248 0.2503 9.516 26.9863 3.7736 8.8477 30.7224 1.4054 9.5328 25 3.6357 8.7771
5 24 27.9248 0.2503 9.516 25 0 9.5 25 -3.6357 8.7771 26.9863 3.7736 8.8477
5 24 30.3667 -8.7819 0 30.1835 -8.139 3.5206 25 -8.7771 3.6357 35.4563 -6.6799 0
5 24 37.778 12.8372 7.3912 28.9068 4.5663 8.8598 27.3664 7.2677 6.8426 39.8076 10.8076 8
5 24 28.9068 4.5663 8.8598 27.3664 7.2677 6.8426 26.1895 6.7822 6.8346 37.778 12.8372 7.3912
5 24 25 -3.6357 8.7771 25 -6.7175 6.7175 22 -6.7175 6.7175 28.8619 -3.2508 8.7386
5 24 35.0987 -6.1091 -3.5489 35.4563 -6.6799 0 30.3667 -8.7819 0 44.7073 5.9079 -3.0616
5 24 30.7224 1.4054 -9.5328 28.9068 4.5663 -8.8598 27.9248 0.2503 -9.516 39.8076 10.8076 -8
5 24 29.655 -6.1965 6.633 34.0733 -4.3718 6.6586 30.1835 -8.139 3.5206 32.5367 -1.7334 8.7602
5 24 36.0576 14.5576 5.6568 27.3664 7.2677 6.8426 34.9079 15.7073 3.0616 37.778 12.8372 7.3912
5 24 25 6.7175 -6.7175 26.1895 6.7822 -6.8346 26.9863 3.7736 -8.8477 25 8.7771 -3.6357
5 24 29.655 -6.1965 -6.633 30.1835 -8.139 -3.5206 34.0733 -4.3718 -6.6586 25 -6.7175 -6.7175
5 24 28.9068 4.5663 -8.8598 26.9863 3.7736 -8.8477 30.7224 1.4054 -9.5328 26.1895 6.7822 -6.8346
5 24 27.3664 7.2677 -6.8426 36.0576 14.5576 -5.6568 26.3354 9.0992 -3.7894 28.9068 4.5663 -8.8598
5 24 28.8619 -3.2508 -8.7386 32.5367 -1.7334 -8.7602 34.0733 -4.3718 -6.6586 27.9248 0.2503 -9.516
5 24 25 6.7175 -6.7175 25 8.7771 -3.6357 22 8.7771 -3.6357 25.6555 8.819 -3.784
5 24 25.6555 8.819 -3.784 25 8.7771 -3.6357 25 9.5 0 26.1895 6.7822 -6.8346
5 24 26.3354 9.0992 -3.7894 27.3664 7.2677 -6.8426 34.9079 15.7073 -3.0616 26.1895 6.7822 -6.8346
5 24 28.8619 -3.2508 8.7386 25 -3.6357 8.7771 27.9248 0.2503 9.516 25 -6.7175 6.7175
5 24 26.9863 3.7736 -8.8477 25 3.6357 -8.7771 27.9248 0.2503 -9.516 25 6.7175 -6.7175
5 24 34.9079 15.7073 -3.0616 26.3354 9.0992 -3.7894 25.9712 9.7812 0 36.0576 14.5576 -5.6568
5 24 35.4563 -6.6799 0 35.0987 -6.1091 3.5489 30.1835 -8.139 3.5206 45.1109 5.5043 0
5 24 25 -6.7175 6.7175 25 -8.7771 3.6357 22 -8.7771 3.6357 29.655 -6.1965 6.633
5 24 35.0987 -6.1091 3.5489 34.0733 -4.3718 6.6586 44.7073 5.9079 3.0616 29.655 -6.1965 6.633
5 24 26.1895 6.7822 6.8346 26.9863 3.7736 8.8477 28.9068 4.5663 8.8598 25 6.7175 6.7175
5 24 25.4657 9.573 0 25.9712 9.7812 0 25.6555 8.819 3.784 26.3354 9.0992 -3.7894
5 24 44.7073 5.9079 3.0616 35.0987 -6.1091 3.5489 43.5576 7.0576 5.6568 35.4563 -6.6799 0
5 24 45.1109 5.5043 0 35.4563 -6.6799 0 44.7073 5.9079 3.0616 35.0987 -6.1091 -3.5489
5 24 27.3664 7.2677 -6.8426 28.9068 4.5663 -8.8598 26.9863 3.7736 -8.8477 37.778 12.8372 -7.3912
5 24 27.3664 7.2677 6.8426 26.1895 6.7822 6.8346 26.9863 3.7736 8.8477 26.3354 9.0992 3.7894
5 24 25 6.7175 6.7175 25 3.6357 8.7771 22 3.6357 8.7771 26.9863 3.7736 8.8477
5 24 25.9712 9.7812 0 26.3354 9.0992 3.7894 25.4657 9.573 0 34.9079 15.7073 3.0616
5 24 25 -8.7771 -3.6357 25 -6.7175 -6.7175 22 -6.7175 -6.7175 30.1835 -8.139 -3.5206
5 24 35.0987 -6.1091 -3.5489 44.7073 5.9079 -3.0616 34.0733 -4.3718 -6.6586 45.1109 5.5043 0
5 24 26.9863 3.7736 -8.8477 27.9248 0.2503 -9.516 28.9068 4.5663 -8.8598 25 0 -9.5
5 24 27.3664 7.2677 6.8426 26.3354 9.0992 3.7894 36.0576 14.5576 5.6568 25.6555 8.819 3.784
5 24 29.655 -6.1965 -6.633 25 -6.7175 -6.7175 25 -8.7771 -3.6357 28.8619 -3.2508 -8.7386
5 24 26.3354 9.0992 3.7894 34.9079 15.7073 3.0616 27.3664 7.2677 6.8426 34.5043 16.1109 0
5 24 25 0 -9.5 27.9248 0.2503 -9.516 28.8619 -3.2508 -8.7386 25 3.6357 -8.7771
5 24 26.3354 9.0992 -3.7894 25.9712 9.7812 0 34.5043 16.1109 0 25.6555 8.819 -3.784
5 24 26.1895 6.7822 -6.8346 27.3664 7.2677 -6.8426 28.9068 4.5663 -8.8598 25.6555 8.819 -3.784
5 24 30.1835 -8.139 -3.5206 35.0987 -6.1091 -3.5489 35.4563 -6.6799 0 29.655 -6.1965 -6.633
5 24 25 -6.7175 6.7175 29.655 -6.1965 6.633 25 -3.6357 8.7771 30.1835 -8.139 3.5206
5 24 28.9068 4.5663 8.8598 30.7224 1.4054 9.5328 26.9863 3.7736 8.8477 37.778 12.8372 7.3912
5 24 25 9.5 0 25.4657 9.573 0 25.6555 8.819 -3.784 25 8.7771 3.6357
5 24 25 8.7771 3.6357 25.6555 8.819 3.784 25.4657 9.573 0 25 6.7175 6.7175
5 24 25 0 9.5 25 -3.6357 8.7771 22 -3.6357 8.7771 28.8619 -3.2508 8.7386
5 24 28.8619 -3.2508 8.7386 27.9248 0.2503 9.516 25 0 9.5 32.5367 -1.7334 8.7602
5 24 25 8.7771 -3.6357 25 9.5 0 25.4657 9.573 0 22 9.5 0
5 24 34.0733 -4.3718 6.6586 43.5576 7.0576 5.6568 41.8372 8.778 7.3912 35.0987 -6.1091 3.5489
5 24 25 9.5 0 25 8.7771 3.6357 25.6555 8.819 3.784 22 8.7771 3.6357
5 24 30.3667 -8.7819 0 25 -9.5 0 30.1835 -8.139 3.5206 25 -8.7771 -3.6357
5 24 25 8.7771 3.6357 25 6.7175 6.7175 22 6.7175 6.7175 26.1895 6.7822 6.8346
5 24 25 3.6357 -8.7771 25 6.7175 -6.7175 26.1895 6.7822 -6.8346 22 6.7175 -6.7175
5 24 25.9712 9.7812 0 34.5043 16.1109 0 34.9079 15.7073 -3.0616 26.3354 9.0992 3.7894
5 24 34.0733 -4.3718 -6.6586 32.5367 -1.7334 -8.7602 29.655 -6.1965 -6.633 41.8372 8.778 -7.3912
5 24 26.9863 3.7736 8.8477 28.9068 4.5663 8.8598 27.3664 7.2677 6.8426 27.9248 0.2503 9.516
5 24 25 0 -9.5 25 3.6357 -8.7771 26.9863 3.7736 -8.8477 22 3.6357 -8.7771
5 24 32.5367 -1.7334 8.7602 30.7224 1.4054 9.5328 41.8372 8.778 7.3912 27.9248 0.2503 9.516
5 24 30.1835 -8.139 3.5206 25 -8.7771 3.6357 25 -9.5 0 29.655 -6.1965 6.633
5 24 25 -3.6357 -8.7771 25 0 -9.5 22 0 -9.5 27.9248 0.2503 -9.516
5 24 25 -8.7771 3.6357 25 -9.5 0 30.3667 -8.7819 0 22 -9.5 0
5 24 30.1835 -8.139 -3.5206 30.3667 -8.7819 0 35.0987 -6.1091 -3.5489 25 -9.5 0
5 24 27.9248 0.2503 -9.516 30.7224 1.4054 -9.5328 32.5367 -1.7334 -8.7602 26.9863 3.7736 -8.8477
5 24 39.8076 10.8076 -8 30.7224 1.4054 -9.5328 41.8372 8.778 -7.3912 37.778 12.8372 -7.3912
5 24 26.1895 6.7822 6.8346 25 6.7175 6.7175 25 3.6357 8.7771 25.6555 8.819 3.784
5 24 32.5367 -1.7334 8.7602 28.8619 -3.2508 8.7386 29.655 -6.1965 6.633 30.7224 1.4054 9.5328
5 24 30.1835 -8.139 3.5206 29.655 -6.1965 6.633 35.0987 -6.1091 3.5489 25 -8.7771 3.6357
5 24 26.9863 3.7736 -8.8477 26.1895 6.7822 -6.8346 27.3664 7.2677 -6.8426 25 3.6357 -8.7771
5 24 25.4657 9.573 0 25.6555 8.819 -3.784 25 8.7771 -3.6357 25.9712 9.7812 0
5 24 26.3354 9.0992 3.7894 25.6555 8.819 3.784 25.9712 9.7812 0 26.1895 6.7822 6.8346
5 24 32.5367 -1.7334 8.7602 34.0733 -4.3718 6.6586 28.8619 -3.2508 8.7386 43.5576 7.0576 5.6568
5 24 25 3.6357 8.7771 26.9863 3.7736 8.8477 26.1895 6.7822 6.8346 25 0 9.5
5 24 25 3.6357 8.7771 25 0 9.5 27.9248 0.2503 9.516 22 0 9.5
5 24 29.655 -6.1965 -6.633 28.8619 -3.2508 -8.7386 32.5367 -1.7334 -8.7602 25 -3.6357 -8.7771
5 24 25.6555 8.819 -3.784 26.3354 9.0992 -3.7894 25.4657 9.573 0 27.3664 7.2677 -6.8426
5 24 30.7224 1.4054 9.5328 39.8076 10.8076 8 32.5367 -1.7334 8.7602 28.9068 4.5663 8.8598
5 24 25.6555 8.819 3.784 25.4657 9.573 0 25 9.5 0 26.3354 9.0992 3.7894
5 24 26.1895 6.7822 6.8346 25.6555 8.819 3.784 27.3664 7.2677 6.8426 25 8.7771 3.6357
5 24 35.0987 -6.1091 3.5489 30.1835 -8.139 3.5206 30.3667 -8.7819 0 34.0733 -4.3718 6.6586
5 24 30.7224 1.4054 9.5328 27.9248 0.2503 9.516 28.8619 -3.2508 8.7386 28.9068 4.5663 8.8598
5 24 34.0733 -4.3718 -6.6586 35.0987 -6.1091 -3.5489 43.5576 7.0576 -5.6568 30.1835 -8.139 -3.5206
5 24 28.9068 4.5663 -8.8598 37.778 12.8372 -7.3912 36.0576 14.5576 -5.6568 30.7224 1.4054 -9.5328
5 24 25 -8.7771 -3.6357 30.1835 -8.139 -3.5206 30.3667 -8.7819 0 29.655 -6.1965 -6.633
5 24 25.6555 8.819 -3.784 26.1895 6.7822 -6.8346 25 6.7175 -6.7175 26.3354 9.0992 -3.7894
5 24 28.8619 -3.2508 8.7386 29.655 -6.1965 6.633 34.0733 -4.3718 6.6586 25 -6.7175 6.7175
5 24 32.5367 -1.7334 -8.7602 41.8372 8.778 -7.3912 43.5576 7.0576 -5.6568 30.7224 1.4054 -9.5328
5 24 30.7224 1.4054 -9.5328 32.5367 -1.7334 -8.7602 28.8619 -3.2508 -8.7386 39.8076 10.8076 -8
5 24 43.5576 7.0576 -5.6568 34.0733 -4.3718 -6.6586 32.5367 -1.7334 -8.7602 44.7073 5.9079 -3.0616
5 24 25 -3.6357 -8.7771 28.8619 -3.2508 -8.7386 25 0 -9.5 25 -6.7175 -6.7175
5 24 34.0733 -4.3718 -6.6586 29.655 -6.1965 -6.633 28.8619 -3.2508 -8.7386 35.0987 -6.1091 -3.5489
5 24 27.9248 0.2503 -9.516 28.8619 -3.2508 -8.7386 25 -3.6357 -8.7771 30.7224 1.4054 -9.5328
5 24 41.8372 8.778 7.3912 32.5367 -1.7334 8.7602 34.0733 -4.3718 6.6586 39.8076 10.8076 8
5 24 35.4563 -6.6799 0 30.3667 -8.7819 0 35.0987 -6.1091 3.5489 30.1835 -8.139 -3.5206
