0 ~Boat Base 10 x 12 - Half
0 Name: s\47404s01.dat
0 Author: Massimo Maso [Sirio]
0 !LDRAW_ORG Unofficial_Subpart
0 !LICENSE Redistributable under CCAL version 2.0 : see CAreadme.txt

0 BFC CERTIFY CCW

0 // Horizontal face quote 24
0 // Faces
3 16 -84 24 96 -80 24 96 -80 24 91
3 16 -80 24 89 -84 24 96 -80 24 91
4 16 -84 24 96 -80 24 89 -80 24 71 -84 24 64
3 16 -84 24 64 -80 24 71 -80 24 69
3 16 -84 24 64 -80 24 69 -80 24 60
4 16 -89 24 60 -96 24 64 -84 24 64 -80 24 60
3 16 -91 24 60 -96 24 64 -89 24 60
3 16 -91 24 60 -100 24 60 -96 24 64
4 16 -96 24 64 -100 24 60 -100 24 80 -96 24 82.5858
3 16 -96 24 82.5858 -100 24 80 -97.4142 24 84
4 16 -100 24 80 -115.784 24 80 -116 24 84 -97.4142 24 84
3 16 -117.897 24 73.6921 -115.784 24 80 -114.103 24 74.957
4 16 -115.784 24 80 -117.897 24 73.6921 -120 24 80 -116 24 84
4 16 -120 24 100 -116 24 96 -116 24 84 -120 24 80
4 16 -80 24 100 -84 24 96 -116 24 96 -120 24 100
4 16 -60 24 100 -80 24 96 -84 24 96 -80 24 100
3 16 -60 24 100 -64 24 96 -80 24 96
4 16 -64 24 96 -60 24 100 -60 24 20 -64 24 16
3 16 -59 24 16 -64 24 16 -60 24 20
4 16 -64 24 16 -59 24 16 -59 24 7.8011 -61 24 7.8011
3 16 -44 24 16 -59 24 16 -60 24 20
3 16 -44 24 16 -60 24 20 -40 24 16
4 16 -40 24 11 -36 24 11 -36 24 9 -40 24 9
4 16 -44 24 -40 -40 24 -40 -36 24 -44 -40 24 -44
3 16 -44 24 -40 -40 24 -44 -49 24 -40
3 16 -49 24 -40 -40 24 -44 -51 24 -40
4 16 -51 24 -40 -40 24 -44 -50 24 -44 -54.3431 24 -40
3 16 -54.3431 24 -40 -50 24 -44 -52.2961 24 -44.4567
4 16 -54.3431 24 -40 -52.2961 24 -44.4567 -54.2426 24 -45.7574 -60 24 -40
3 16 -56.8915 24 -37.4516 -54.3431 24 -40 -60 24 -40
4 16 -64.3641 24 -33.4538 -61.0359 24 -31.235 -56.8915 24 -37.4516 -60 24 -40
4 16 -36 24 -44 -36 24 -56 -40 24 -54.3431 -40 24 -44
3 16 -42.9289 24 -51.4142 -40 24 -54.3431 -45.7574 24 -54.2426
4 16 -34.3431 24 -60 -45.7574 24 -54.2426 -40 24 -54.3431 -36 24 -56
4 16 -17.4142 24 -56 -20 24 -60 -34.3431 24 -60 -36 24 -56
3 16 -17.4142 24 -56 -16 24 -57.4142 -20 24 -60
4 16 -34.3431 24 -60 -31.4142 24 -62.9289 -34.2426 24 -65.7574 -45.7574 24 -54.2426
4 16 -16 24 -76 -20 24 -74.3431 -20 24 -60 -16 24 -57.4142
3 16 -20 24 -80 -20 24 -74.3431 -16 24 -76
3 16 -85.6513 24 5.68803 -85.6362 24 5.66541 -88.9795 24 3.46924
4 16 -25.7574 24 -74.2426 -22.9289 24 -71.4142 -20 24 -74.3431 -20 24 -80
4 16 -110.308 24 63.5728 -108.103 24 56.957 -111.897 24 55.6921 -114.103 24 62.3079
3 16 -108.103 24 44.3079 -104.308 24 45.5728 -103.933 24 44.4493
3 16 -104.576 24 46.3787 -103.062 24 47.391 -104.308 24 45.5728
4 16 -103.933 24 44.4493 -104.308 24 45.5728 -103.062 24 47.391 -102.296 24 45.5433
4 16 -97.7039 24 34.4567 -96.9385 24 32.609 -99.7971 24 32.0404 -100 24 34
3 16 -99.7971 24 32.0404 -100.482 24 34.0959 -100 24 34
3 16 -108.103 24 44.3079 -103.933 24 44.4493 -100.482 24 34.0959
4 16 -99.7971 24 32.0404 -100 24 20 -108.103 24 44.3079 -100.482 24 34.0959
3 16 -100 24 20 -99.7971 24 32.0404 -96.3747 24 21.7731
4 16 -92.3077 24 15.6726 -95.6359 24 13.4538 -100 24 20 -96.3747 24 21.7731
4 16 -84.2426 24 4.2426 -85.6513 24 5.688 -83.0615 24 7.391 -82.2961 24 5.5433
4 16 -84.4654 24 3.9092 -88.9795 24 3.46924 -85.6513 24 5.688 -84.2426 24 4.2426
3 16 -84.4654 24 3.9092 -78.1099 24 -5.624 -88.9795 24 3.46924
4 16 -88.9795 24 3.46924 -78.1099 24 -5.624 -76.9339 24 -7.388 -76 24 -10
3 16 -76.9339 24 -7.388 -78.1099 24 -5.624 -77.7039 24 -5.5433
4 16 -75.7574 24 -4.2426 -74.3432 24 -5.6569 -76.9339 24 -7.388 -77.7039 24 -5.5433
3 16 -76 24 -10 -76.9339 24 -7.388 -75.8145 24 -9.0672
3 16 -75.5433 24 -12.2961 -88.9795 24 3.46924 -76 24 -10
4 16 -88.9795 24 3.46924 -75.5433 24 -12.2961 -74.2426 24 -14.2426 -71.0205 24 -23.4692
3 16 -72.2961 24 -15.5433 -71.0205 24 -23.4692 -74.2426 24 -14.2426
4 16 -71.3749 24 -15.7265 -67.7763 24 -21.1244 -71.0205 24 -23.4692 -72.2961 24 -15.5433
4 16 -71.0205 24 -23.4692 -67.7763 24 -21.1244 -66 24 -20 -67.6923 24 -21.2504
3 16 -68 24 -20 -66 24 -20 -67.7763 24 -21.1244
0 // Edges
2 24 -60 24 100 -120 24 100
2 24 -60 24 100 -60 24 20
2 24 -20 24 -80 -25.7574 24 -74.2426
2 24 -25.7574 24 -74.2426 -22.9289 24 -71.4142
2 24 -22.9289 24 -71.4142 -20 24 -74.3431
2 24 -34.3431 24 -60 -31.4142 24 -62.9289
2 24 -31.4142 24 -62.9289 -34.2426 24 -65.7574
2 24 -34.2426 24 -65.7574 -45.7574 24 -54.2426
2 24 -45.7574 24 -54.2426 -42.9289 24 -51.4142
2 24 -42.9289 24 -51.4142 -40 24 -54.3431
2 24 -50 24 -44 -52.2961 24 -44.4567
2 24 -52.2961 24 -44.4567 -54.2426 24 -45.7574
2 24 -54.2426 24 -45.7574 -60 24 -40
2 24 -60 24 -40 -64.3641 24 -33.4538
2 24 -64.3641 24 -33.4538 -61.0359 24 -31.235
2 24 -61.0359 24 -31.235 -56.8915 24 -37.4516
2 24 -56.8915 24 -37.4516 -54.3431 24 -40
2 24 -54.3431 24 -40 -51 24 -40
2 24 -49 24 -40 -44 24 -40
2 24 -44 24 16 -54.3431 24 16
2 24 -61 24 7.8011 -64 24 16
2 24 -64 24 16 -64 24 60
2 24 -80 24 89 -80 24 71
2 24 -80 24 69 -80 24 60
2 24 -80 24 60 -89 24 60
2 24 -91 24 60 -100 24 60
2 24 -100 24 60 -100 24 80
2 24 -100 24 80 -115.784 24 80
2 24 -115.784 24 80 -114.103 24 74.957
2 24 -114.103 24 74.957 -117.897 24 73.6921
2 24 -117.897 24 73.6921 -120 24 80
2 24 -120 24 80 -120 24 100
2 24 -111.897 24 55.6921 -114.103 24 62.3079
2 24 -114.103 24 62.3079 -110.308 24 63.5728
2 24 -110.308 24 63.5728 -108.103 24 56.957
2 24 -108.103 24 56.957 -111.897 24 55.6921
2 24 -104.576 24 46.3787 -103.062 24 47.391
2 24 -102.296 24 45.5433 -103.933 24 44.4493
2 24 -103.933 24 44.4493 -100.482 24 34.0959
2 24 -100.482 24 34.0959 -100 24 34
2 24 -100 24 34 -97.7039 24 34.4567
2 24 -96.9385 24 32.609 -99.7971 24 32.0404
2 24 -99.7971 24 32.0404 -96.3747 24 21.7731
2 24 -96.3747 24 21.7731 -92.3077 24 15.6726
2 24 -92.3077 24 15.6726 -95.6359 24 13.4538
2 24 -95.6359 24 13.4538 -100 24 20
2 24 -100 24 20 -108.103 24 44.3079
2 24 -108.103 24 44.3079 -104.308 24 45.5728
2 24 -104.308 24 45.5728 -104.576 24 46.3787
2 24 -85.6513 24 5.688 -83.0615 24 7.391
2 24 -82.2961 24 5.5433 -84.2426 24 4.24265
2 24 -84.2426 24 4.24265 -84.4654 24 3.9092
2 24 -84.4654 24 3.9092 -78.1099 24 -5.624
2 24 -78.1099 24 -5.624 -77.7039 24 -5.5433
2 24 -77.7039 24 -5.5433 -75.7574 24 -4.2426
2 24 -74.3432 24 -5.6569 -76.9339 24 -7.388
2 24 -76.9339 24 -7.388 -75.8145 24 -9.0672
2 24 -75.8145 24 -9.0672 -76 24 -10
2 24 -76 24 -10 -75.5433 24 -12.2961
2 24 -75.5433 24 -12.2961 -74.2426 24 -14.2426
2 24 -72.2961 24 -15.5433 -74.2426 24 -14.2426
2 24 -72.2961 24 -15.5433 -71.3749 24 -15.7265
2 24 -71.3749 24 -15.7265 -67.7763 24 -21.1244
2 24 -67.7763 24 -21.1244 -68 24 -20
2 24 -67.6923 24 -21.2504 -71.0205 24 -23.4692
2 24 -71.0205 24 -23.4692 -88.9795 24 3.46924
2 24 -88.9795 24 3.46924 -85.6513 24 5.688
0 // Vertical intermediate surface
0 // Faces
4 16 -61 20 7.8011 -64 20 16 -64 24 16 -61 24 7.8011
4 16 -100 20 60 -100 20 80 -100 24 80 -100 24 60
4 16 -100 20 80 -115.784 20 80 -115.784 24 80 -100 24 80
4 16 -114.103 24 74.957 -115.784 24 80 -115.784 20 80 -114.103 20 74.957
4 16 -114.103 20 74.957 -119.055 20 73.3061 -117.897 24 73.6921 -114.103 24 74.957
4 16 -110.308 24 63.5728 -114.103 24 62.3079 -115.261 20 61.9219 -110.308 20 63.5728
4 16 -110.308 20 63.5728 -108.103 20 56.957 -108.103 24 56.957 -110.308 24 63.5728
4 16 -108.103 20 56.957 -113.055 20 55.3061 -111.897 24 55.6921 -108.103 24 56.957
4 16 -104.308 24 45.5728 -108.103 24 44.3079 -109.261 20 43.9219 -104.308 20 45.5728
4 16 -104.308 24 45.5728 -104.308 20 45.5728 -104.576 20 46.3787 -104.576 24 46.3787
4 16 -104.576 24 46.3787 -104.576 20 46.3787 -103.062 20 47.391 -103.062 24 47.391
4 16 -102.296 24 45.5433 -102.296 20 45.5433 -103.933 20 44.4493 -103.933 24 44.4493
4 16 -103.933 20 44.4493 -100.482 20 34.0959 -100.482 24 34.0959 -103.933 24 44.4493
4 16 -100.482 24 34.0959 -100.482 20 34.0959 -100 20 34 -100 24 34
4 16 -100 24 34 -100 20 34 -97.7039 20 34.4567 -97.7039 24 34.4567
4 16 -96.9385 24 32.609 -96.9385 20 32.609 -99.7971 20 32.0404 -99.7971 24 32.0404
4 16 -99.8099 20 32.0787 -96.3747 20 21.7731 -96.3747 24 21.7731 -99.8099 24 32.0787
4 16 -92.3077 24 15.6726 -96.3747 24 21.7731 -96.3747 20 21.7731 -92.3077 20 15.6726
4 16 -92.3077 20 15.6726 -97.4175 20 12.2661 -95.6359 24 13.4538 -92.3077 24 15.6726
4 16 -85.6513 24 5.68803 -88.9795 24 3.46924 -90.7611 20 2.2815 -85.6513 20 5.68803
4 16 -85.6513 20 5.68803 -83.0615 20 7.391 -83.0615 24 7.391 -85.6513 24 5.68803
4 16 -84.2426 24 4.2426 -82.2961 24 5.5433 -82.2961 20 5.5433 -84.2426 20 4.2426
4 16 -84.4654 24 3.9092 -84.2426 24 4.2426 -84.2426 20 4.2426 -84.4654 20 3.9092
4 16 -84.4654 20 3.9092 -78.1099 20 -5.624 -78.1099 24 -5.624 -84.4654 24 3.9092
4 16 -78.1099 20 -5.624 -77.7039 20 -5.5433 -77.7039 24 -5.5433 -78.1099 24 -5.624
4 16 -77.7039 20 -5.5433 -75.7574 20 -4.2426 -75.7574 24 -4.2426 -77.7039 24 -5.5433
4 16 -74.3432 20 -5.6569 -76.9339 20 -7.388 -76.9339 24 -7.388 -74.3432 24 -5.6569
4 16 -76.9339 20 -7.388 -75.8145 20 -9.0672 -75.8145 24 -9.0672 -76.9339 24 -7.388
4 16 -75.8145 20 -9.0672 -76 20 -10 -76 24 -10 -75.8145 24 -9.0672
4 16 -76 20 -10 -75.5433 20 -12.2961 -75.5433 24 -12.2961 -76 24 -10
4 16 -75.5433 20 -12.2961 -74.2426 20 -14.2426 -74.2426 24 -14.2426 -75.5433 24 -12.2961
4 16 -74.2426 20 -14.2426 -72.2961 20 -15.5433 -72.2961 24 -15.5433 -74.2426 24 -14.2426
4 16 -72.2961 20 -15.5433 -71.3749 20 -15.7265 -71.3749 24 -15.7265 -72.2961 24 -15.5433
4 16 -67.7763 24 -21.1244 -71.3749 24 -15.7265 -71.3749 20 -15.7265 -67.7763 20 -21.1244
4 16 -68 24 -20 -67.7763 24 -21.1244 -67.7763 20 -21.1244 -68 20 -20
4 16 -67.6923 20 -21.2504 -72.8021 20 -24.657 -71.0205 24 -23.4692 -67.6923 24 -21.2504
4 16 -61.0359 24 -31.235 -64.3641 24 -33.4538 -66.1457 20 -34.6416 -61.0359 20 -31.235
4 16 -61.0359 20 -31.235 -56.8915 20 -37.4516 -56.8915 24 -37.4516 -61.0359 24 -31.235
4 16 -56.8915 20 -37.4516 -54.3431 20 -40 -54.3431 24 -40 -56.8915 24 -37.4516
3 16 -54.2426 20 -45.7574 -56.1727 20 -47.6874 -54.2426 24 -45.7574
4 16 -54.2426 24 -45.7574 -52.2961 24 -44.4567 -52.2961 20 -44.4567 -54.2426 20 -45.7574
4 16 -52.2961 24 -44.4567 -50 24 -44 -50 20 -44 -52.2961 20 -44.4567
4 16 -42.9289 20 -51.4142 -40 20 -54.3431 -40 24 -54.3431 -42.9289 24 -51.4142
4 16 -42.9289 24 -51.4142 -45.7574 24 -54.2426 -47.6874 20 -56.1727 -42.9289 20 -51.4142
4 16 -31.4142 20 -62.9289 -36.1727 20 -67.6874 -34.2426 24 -65.7574 -31.4142 24 -62.9289
4 16 -31.4142 24 -62.9289 -34.3431 24 -60 -34.3431 20 -60 -31.4142 20 -62.9289
4 16 -22.9289 20 -71.4142 -20 20 -74.3431 -20 24 -74.3431 -22.9289 24 -71.4142
4 16 -22.9289 24 -71.4142 -25.7574 24 -74.2426 -27.6874 20 -76.1727 -22.9289 20 -71.4142
0 // Edges
2 24 -59 24 7.8011 -59 20 7.8011
2 24 -61 24 7.8011 -61 20 7.8011
2 24 -64 24 16 -64 20 16
2 24 -80 24 60 -80 20 60
2 24 -100 24 60 -100 20 60
2 24 -115.784 24 80 -115.784 20 80
2 24 -114.103 24 74.957 -114.103 20 74.957
2 24 -110.308 24 63.5728 -110.308 20 63.5728
2 24 -108.103 24 56.957 -108.103 20 56.957
2 24 -104.308 24 45.5728 -104.308 20 45.5728
2 24 -104.576 24 46.3787 -104.576 20 46.3787
5 24 -103.062 24 47.391 -103.062 20 47.391 -104.576 20 46.3787 -100 20 48
5 24 -102.296 24 45.5433 -102.296 20 45.5433 -100 20 46 -103.933 20 44.4493
2 24 -103.933 24 44.4493 -103.933 20 44.4493
2 24 -100.482 24 34.0959 -100.482 20 34.0959
5 24 -100 24 34 -100 20 34 -100.482 20 34.0959 -97.7039 20 34.4567
2 24 -99.7971 24 32.0404 -99.7971 20 32.0404
2 24 -96.3747 24 21.7731 -96.3747 20 21.7731
2 24 -92.3077 24 15.6726 -92.3077 20 15.6726
2 24 -78.1099 24 -5.624 -78.1099 20 -5.624
5 24 -77.7039 24 -5.5433 -77.7039 20 -5.5433 -78.1099 20 -5.624 -75.7574 20 -4.2426
2 24 -76.9339 24 -7.388 -76.9339 20 -7.388
2 24 -75.8145 24 -9.0672 -75.8145 20 -9.0672
5 24 -76 24 -10 -76 20 -10 -75.8145 20 -9.0672 -75.5433 20 -12.2961
5 24 -75.5433 24 -12.2961 -75.5433 20 -12.2961 -76 20 -10 -74.2426 20 -14.2426
5 24 -74.2426 24 -14.2426 -74.2426 20 -14.2426 -75.5433 20 -12.2961 -72.2961 20 -15.5433
5 24 -72.2961 24 -15.5433 -72.2961 20 -15.5433 -74.2426 20 -14.2426 -71.3749 20 -15.7265
2 24 -71.3749 24 -15.7265 -71.3749 20 -15.7265
2 24 -67.7763 24 -21.1244 -67.7763 20 -21.1244
5 24 -68 24 -20 -68 20 -20 -67.7763 20 -21.1244 -67.391 20 -16.9385
2 24 -67.6923 24 -21.2504 -67.6923 20 -21.2504
2 24 -61.0359 24 -31.235 -61.0359 20 -31.235
2 24 -56.8915 24 -37.4516 -56.8915 20 -37.4516
2 24 -54.3431 24 -40 -54.3431 20 -40
2 24 -51 24 -40 -51 20 -40
2 24 -40 24 -40 -40 20 -40
2 24 -40 24 -54.3431 -40 20 -54.3431
2 24 -42.9289 24 -51.4142 -42.9289 20 -51.4142
2 24 -31.4142 24 -62.9289 -31.4142 20 -62.9289
2 24 -22.9289 24 -71.4142 -22.9289 20 -71.4142
0 // Horizontal face quote 20
0 // Faces
4 16 -76 20 16 -80 20 56 -80 20 60 -76 20 60
4 16 -76 20 16 -90 20 40 -89 20 56 -80 20 56
3 16 -91 20 56 -89 20 56 -90 20 40
3 16 -91 20 56 -90 20 40 -100 20 56
4 16 -110.308 20 63.5728 -100 20 80 -100 20 60 -108.103 20 56.957
3 16 -110.308 20 63.5728 -114.103 20 74.957 -100 20 80
3 16 -114.103 20 74.957 -115.784 20 80 -100 20 80
4 16 -110.308 20 63.5728 -115.261 20 61.9219 -119.055 20 73.3061 -114.103 20 74.957
4 16 -100 20 60 -100 20 56 -104.308 20 45.5728 -108.103 20 56.957
4 16 -104.308 20 45.5728 -109.261 20 43.9219 -113.055 20 55.3061 -108.103 20 56.957
4 16 -90 20 40 -103.91 20 44.3803 -104.308 20 45.5728 -100 20 56
3 16 -100.522 20 34.2164 -103.91 20 44.3803 -90 20 40
4 16 -76 20 16 -96.3747 20 21.7731 -100.522 20 34.2164 -90 20 40
3 16 -92.3077 20 15.6726 -96.3747 20 21.7731 -76 20 16
4 16 -76 20 16 -83.0615 20 7.391 -85.6513 20 5.688 -92.3077 20 15.6726
3 16 -76 20 16 -64 20 16 -83.0615 20 7.391
4 16 -90.7611 20 2.2815 -97.4175 20 12.2661 -92.3077 20 15.6726 -85.6513 20 5.68803
4 16 -64 20 16 -61 20 7.8011 -82.2961 20 5.5433 -83.0615 20 7.391
4 16 -82.2961 20 5.5433 -61 20 7.8011 -59 20 7.8011 -75.7574 20 -4.2426
4 16 -82.2961 20 5.5433 -75.7574 20 -4.2426 -77.7039 20 -5.5433 -84.2426 20 4.2426
4 16 -78.1099 20 -5.624 -84.4654 20 3.9092 -84.2426 20 4.2426 -77.7039 20 -5.5433
3 16 -75.7574 20 -4.2426 -59 20 7.8011 -74.3432 20 -5.6569
3 16 -76.9339 20 -7.388 -74.3432 20 -5.6569 -75.8145 20 -9.0672
4 16 -71.3749 20 -15.7265 -75.8145 20 -9.0672 -74.3432 20 -5.6569 -59 20 7.8011
4 16 -72.2961 20 -15.5433 -76 20 -10 -75.8145 20 -9.0672 -71.3749 20 -15.7265
4 16 -76 20 -10 -72.2961 20 -15.5433 -74.2426 20 -14.2426 -75.5433 20 -12.2961
3 16 -67.6923 20 -21.2504 -71.3749 20 -15.7265 -59 20 7.8011
3 16 -61.0359 20 -31.235 -67.6923 20 -21.2504 -59 20 7.8011
4 16 -66.1457 20 -34.6416 -72.8021 20 -24.657 -67.6923 20 -21.2504 -61.0359 20 -31.235
4 16 -54.3431 20 -40 -56.8915 20 -37.4516 -61.0359 20 -31.235 -59 20 7.8011
4 16 -54.3431 20 -40 -59 20 7.8011 -59 20 16 -54.3131 20 16
4 16 -56.1727 20 -47.6874 -54.2426 20 -45.7574 -45.7574 20 -54.2426 -47.6874 20 -56.1727
4 16 -45.7574 20 -54.2426 -54.2426 20 -45.7574 -52.2961 20 -44.4567 -50 20 -44
4 16 -45.7574 20 -54.2426 -50 20 -44 -40 20 -44 -42.9289 20 -51.4142
3 16 -40 20 -44 -40 20 -54.3431 -42.9289 20 -51.4142
3 16 -34.3431 20 -60 -20 20 -60 -31.4142 20 -62.9289
3 16 -22.9289 20 -71.4142 -31.4142 20 -62.9289 -20 20 -60
4 16 -36.1727 20 -67.6874 -31.4142 20 -62.9289 -22.9289 20 -71.4142 -27.6874 20 -76.1727
3 16 -20 20 -74.3431 -22.9289 20 -71.4142 -20 20 -60
0 // Edges
2 24 -100 20 80 -100 20 60
2 24 -115.784 20 80 -100 20 80
2 24 -114.103 20 74.957 -115.784 20 80
2 24 -114.103 20 74.957 -119.055 20 73.3061
2 24 -119.055 20 73.3061 -115.261 20 61.9219
2 24 -115.261 20 61.9219 -110.308 20 63.5728
2 24 -110.308 20 63.5728 -108.103 20 56.957
2 24 -108.103 20 56.957 -113.055 20 55.3061
2 24 -113.055 20 55.3061 -109.261 20 43.9219
2 24 -109.261 20 43.9219 -104.308 20 45.5728
2 24 -104.308 20 45.5728 -104.576 20 46.3787
2 24 -104.576 20 46.3787 -103.062 20 47.391
2 24 -102.296 20 45.5433 -103.933 20 44.4493
2 24 -103.933 20 44.4493 -100.482 20 34.0959
2 24 -100.482 20 34.0959 -100 20 34
2 24 -100 20 34 -97.7039 20 34.4567
2 24 -96.9385 20 32.609 -99.7971 20 32.0404
2 24 -99.7971 20 32.0404 -96.3747 20 21.7731
2 24 -96.3747 20 21.7731 -92.3077 20 15.6726
2 24 -92.3077 20 15.6726 -97.4175 20 12.2661
2 24 -97.4175 20 12.2661 -90.7611 20 2.2815
2 24 -90.7611 20 2.2815 -85.6513 20 5.688
2 24 -85.6513 20 5.688 -83.0615 20 7.391
2 24 -82.2961 20 5.5433 -84.2426 20 4.2426
2 24 -84.2426 20 4.2426 -84.4654 20 3.9092
2 24 -84.4654 20 3.9092 -78.1099 20 -5.624
2 24 -78.1099 20 -5.624 -77.7039 20 -5.5433
2 24 -77.7039 20 -5.5433 -75.7574 20 -4.2426
2 24 -74.3431 20 -5.6569 -76.9339 20 -7.388
2 24 -76.9339 20 -7.388 -75.8145 20 -9.0672
2 24 -75.8145 20 -9.0672 -76 20 -10
2 24 -76 20 -10 -75.5433 20 -12.2961
2 24 -75.5433 20 -12.2961 -74.2426 20 -14.2426
2 24 -74.2426 20 -14.2426 -72.2961 20 -15.5433
2 24 -72.2961 20 -15.5433 -71.3749 20 -15.7265
2 24 -71.3749 20 -15.7265 -67.7763 20 -21.1244
2 24 -67.7763 20 -21.1244 -68 20 -20
2 24 -67.6923 20 -21.2504 -72.8021 20 -24.657
2 24 -72.8021 20 -24.657 -66.1457 20 -34.6416
2 24 -66.1457 20 -34.6416 -61.0359 20 -31.235
2 24 -61.0359 20 -31.235 -56.8915 20 -37.4516
2 24 -56.8915 20 -37.4516 -54.3431 20 -40
2 24 -54.3431 20 -40 -51 20 -40
2 24 -61 20 7.8011 -64 20 16
2 24 -54.2426 20 -45.7574 -52.2961 20 -44.4567
2 24 -52.2961 20 -44.4567 -50 20 -44
2 24 -40 20 -54.3431 -42.9289 20 -51.4142
2 24 -42.9289 20 -51.4142 -47.6874 20 -56.1727
2 24 -47.6874 20 -56.1727 -56.1727 20 -47.6874
2 24 -56.1727 20 -47.6874 -54.2426 20 -45.7574
2 24 -20 20 -74.3431 -22.9289 20 -71.4142
2 24 -22.9289 20 -71.4142 -27.6874 20 -76.1727
2 24 -27.6874 20 -76.1727 -36.1727 20 -67.6874
2 24 -36.1727 20 -67.6874 -31.4142 20 -62.9289
2 24 -31.4142 20 -62.9289 -34.3431 20 -60
0 // Horizontal face quote 16
0 // Faces
4 16 -100 16 80 -116.25 16 80 -115.62 16 71.9083 -108.5 16 64.2984
3 16 -116.25 16 71.5 -115.62 16 71.9083 -116.25 16 80
4 16 -100 16 80 -108.5 16 64.2984 -108.5 16 62 -100 16 62
3 16 -100 16 25.0471 -80 16 60 -111.651 16 60
4 16 -80 16 60 -100 16 25.0471 -100 16 20 -98.3176 16 20
4 16 -80 16 60 -98.3176 16 20 -60 16 20 -60 16 60
4 16 -60 16 20 -98.3176 16 20 -96.6012 16 14.8508 -60.0341 16 -40
4 16 -40 16 -42 -58.7007 16 -42 -57.0858 16 -44.4224 -40 16 -60
4 16 -40 16 -60 -57.0858 16 -44.4224 -18.4467 16 -83.0615 -20 16 -80
3 16 -20 16 -80 -20 16 -60 -40 16 -60
0 // Edges
2 24 -116.25 16 80 -116.25 16 73.7971
2 24 -116.25 16 73.7971 -115.62 16 71.9083
2 24 -108.5 16 64.2984 -108.5 16 62
2 24 -108.5 16 62 -100 16 62
2 24 -80 16 60 -111.651 16 60
2 24 -111.651 16 60 -100 16 25.0471
2 24 -100 16 25.0471 -100 16 20
2 24 -100 16 20 -98.3176 16 20
2 24 -98.3176 16 20 -96.6012 16 14.8508
2 24 -96.6012 16 14.8508 -60.0341 16 -40
2 24 -60.0341 16 -40 -20 16 -40
2 24 -60 16 20 -60 16 100
2 24 -48.5 16 -42 -48.5 16 -44.2984
2 24 -51.5 16 -44.2984 -51.5 16 -42
2 24 -51.5 16 -42 -58.7007 16 -42
2 24 -58.7007 16 -42 -57.0858 16 -44.4224
2 24 -57.0858 16 -44.4224 -54.8467 16 -46.6614
2 24 -53.079 16 -48.4292 -48.4292 16 -53.079
2 24 -46.6614 16 -54.8467 -34.8467 16 -66.6614
2 24 -33.079 16 -68.4292 -28.4292 16 -73.079
2 24 -26.6614 16 -74.8467 -18.4467 16 -83.0615
2 24 -29 16 -60 -29 16 -64.1989
2 24 -31 16 -64.1989 -31 16 -60
2 24 -31 16 -60 -40 16 -60
0 // Vertical internal surface
0 // Faces
4 16 -116.25 13.6197 71.5 -116.25 16 80 -116.25 0 80 -116.25 3.275 71.5
4 16 -116.25 0 80 -116.25 0 62 -116.25 3.275 62 -116.25 3.275 71.5
3 16 -116.25 16 80 -116.25 13.6197 71.5 -116.25 16 73.7971
4 16 -116.25 16 73.7971 -116.25 13.6197 71.5 -115.702 15.3244 71.5 -115.62 16 71.9083
4 16 -116.25 13.6197 71.5 -116.25 3.275 71.5 -115.702 3.275 71.5 -115.702 15.3244 71.5
4 16 -108.5 16 64.2984 -108.5 3.275 64.2984 -108.5 3.275 62 -108.5 16 62
4 16 -116.25 0 62 -100 0 62 -100 3.275 62 -116.25 3.275 62
4 16 -100 0 62 -100 16 62 -108.5 16 62 -108.5 3.275 62
3 16 -80 16 60 -116.047 2.3334 60 -111.651 16 60
4 16 -116.047 2.3334 60 -80 16 60 -80 0 60 -116.047 0 60
4 16 -96.6012 0 1.6623 -96.6012 2.3334 1.6623 -116.047 2.3334 60 -116.047 0 60
4 16 -96.6012 2.3334 1.6623 -96.6012 0 1.6623 -68.8264 0 -40 -68.8264 2.3334 -40
4 16 -60.0341 0 -40 -60.0341 16 -40 -68.8264 2.3334 -40 -68.8264 0 -40
4 16 -96.6012 16 14.8508 -96.6012 2.3334 1.6623 -68.8264 2.3334 -40 -60.0341 16 -40
4 16 -96.6012 16 14.8508 -98.3176 16 20 -100 10.77 20 -96.6012 2.3334 1.6623
4 16 -96.6012 2.3334 1.6623 -100 10.77 20 -111.651 16 60 -116.047 2.3334 60
3 16 -100 16 20 -100 10.77 20 -98.3176 16 20
3 16 -100 16 20 -100 16 25.0471 -100 10.77 20
3 16 -100 16 25.0471 -111.651 16 60 -100 10.77 20
4 16 -29 3.275 -60 -29 3.275 -64.1989 -29 16 -64.1989 -29 16 -60
4 16 -31 3.275 -64.1989 -31 3.275 -60 -31 16 -60 -31 16 -64.1989
4 16 -31 3.275 -60 -40 0 -60 -40 16 -60 -31 16 -60
4 16 -29 0 -60 -40 0 -60 -31 3.275 -60 -29 3.275 -60
4 16 -48.5 3.275 -42 -48.5 3.275 -44.2984 -48.5 16 -44.2984 -48.5 16 -42
4 16 -51.5 3.275 -44.2984 -51.5 3.275 -42 -51.5 16 -42 -51.5 16 -44.2984
3 16 -51.5 16 -42 -67.4931 2.3334 -42 -58.7007 16 -42
4 16 -67.4931 2.3334 -42 -51.5 16 -42 -51.5 3.275 -42 -67.4931 0 -42
4 16 -67.4931 0 -42 -51.5 3.275 -42 -48.5 3.275 -42 -48.5 0 -42
4 16 -57.0858 0 -57.6109 -57.0858 2.3334 -57.6109 -67.4931 2.334 -42 -67.4931 0 -42
4 16 -57.0858 0 -57.6109 -18.4467 0 -96.25 -18.4467 2.3334 -96.25 -57.0858 2.3334 -57.6109
4 16 -4 8.81 -90 -18.4467 16 -83.0615 -18.4467 2.3334 -96.25 -4 7.7737 -91
3 16 -18.4467 16 -83.0615 -4 8.81 -90 -4 9.8462 -89
4 16 -57.0858 2.3334 -57.6109 -18.4467 2.3334 -96.25 -18.4467 16 -83.0615 -57.0858 16 -44.4224
4 16 -57.0858 2.3334 -57.6109 -57.0858 16 -44.4224 -58.7007 16 -42 -67.4931 2.3334 -42
0 // Edges
2 24 -116.25 16 80 -116.25 0 80
2 24 -116.25 16 73.7971 -116.25 13.6197 71.5
2 24 -116.25 13.6197 71.5 -115.702 15.3244 71.5
2 24 -116.25 13.6197 71.5 -116.25 3.275 71.5
2 24 -115.702 15.3224 71.5 -115.702 3.275 71.5
2 24 -108.5 16 64.2984 -108.5 3.275 64.2984
2 24 -108.5 16 62 -108.5 3.275 62
2 24 -100 16 25.0471 -100 10.77 20
2 24 -100 16 20 -100 10.77 20
2 24 -98.3176 16 20 -100 10.77 20
2 24 -80 16 60 -80 0 60
2 24 -111.651 16 60 -116.047 2.3334 60
2 24 -116.047 2.3334 60 -116.047 0 60
2 24 -116.047 2.3334 60 -96.6012 2.3334 1.6623
2 24 -96.6012 16 14.8508 -96.6012 2.3334 1.6623
2 24 -96.6012 2.3334 1.6623 -96.6012 0 1.6623
2 24 -96.6012 2.3334 1.6623 -68.8264 2.3334 -40
2 24 -60.0341 16 -40 -68.8264 2.3334 -40
2 24 -68.8264 2.3334 -40 -68.8264 0 -40
2 24 -29 16 -60 -29 3.275 -60
2 24 -29 16 -64.1989 -29 3.275 -64.1989
2 24 -31 16 -64.1989 -31 3.275 -64.1989
2 24 -31 16 -60 -31 3.275 -60
2 24 -40 16 -60 -40 0 -60
2 24 -48.5 16 -42 -48.5 3.275 -42
2 24 -48.5 16 -44.2984 -48.5 3.275 -44.2984
2 24 -51.5 16 -44.2984 -51.5 3.275 -44.2984
2 24 -51.5 16 -42 -51.5 3.275 -42
2 24 -58.7007 16 -42 -67.4931 2.3334 -42
2 24 -67.4931 2.3334 -42 -67.4931 0 -42
2 24 -67.4931 2.3334 -42 -57.0858 2.3334 -57.6109
2 24 -57.0858 16 -44.4224 -57.0858 2.3334 -57.6109
2 24 -57.0858 2.3334 -57.6109 -57.0858 0 -57.6109
2 24 -57.0858 2.3334 -57.6109 -18.4467 2.3334 -96.25
2 24 -18.4467 16 -83.0615 -18.4467 2.3334 -96.25
2 24 -18.4467 2.3334 -96.25 -18.4467 0 -96.25
2 24 -4 7.7737 -91 -4.1989 7.7737 -91
2 24 -4.1989 7.7737 -91 -4.1989 3.275 -91
2 24 -4.1989 9.8462 -89 -4.1989 3.275 -89
2 24 -4.1989 9.8462 -89 -4 9.8462 -89
2 24 -20 16 -80 -20 0 -80
0 // Horizontal face quote 3.275
0 // Faces
4 16 -116.25 3.275 71.5 -116.25 3.275 70 -116 3.275 70 -115.702 3.275 71.5
4 16 -116.25 3.275 70 -116.25 3.275 62 -116 3.275 64 -116 3.275 70
1 16 -110 3.275 70 -6 0 0 0 1 0 0 0 -6 1-4ndis.dat
4 16 -116.25 3.275 62 -111.5 3.275 62 -110 3.275 64 -116 3.275 64
4 16 -108.5 3.275 64.2984 -110 3.275 64 -111.5 3.275 62 -108.5 3.275 62
4 16 -51.5 3.275 -42 -51.5 3.275 -44.2984 -50 3.275 -44 -48.5 3.275 -42
3 16 -50 3.275 -44 -48.5 3.275 -44.2984 -48.5 3.275 -42
4 16 -31 3.275 -64.1989 -30 3.275 -64 -29 3.275 -60 -31 3.275 -60
3 16 -4 3.275 -90 -4 3.275 -89 -4.1989 3.275 -89
4 16 -4.1989 9.8462 -89 -4.1989 3.275 -89 -4 3.275 -89 -4 9.8462 -89
4 16 -4 7.7737 -91 -4 3.275 -91 -4.1989 3.275 -91 -4.1989 7.7737 -91
3 16 -4.1989 3.275 -91 -4 3.275 -91 -4 3.275 -90
3 16 -29 3.275 -60 -30 3.275 -64 -29 3.275 -64.1989
0 // Edges
2 24 -116.25 3.275 71.5 -115.702 3.275 71.5
2 24 -115.702 3.275 71.5 -116 3.275 70
1 16 -110 3.275 70 -6 0 0 0 1 0 0 0 -6 1-4edge.dat
2 24 -110 3.275 64 -108.5 3.275 64.2984
2 24 -108.5 3.275 64.2984 -108.5 3.275 62
2 24 -108.5 3.275 62 -116.25 3.275 62
2 24 -116.25 3.275 62 -116.25 3.275 71.5
2 24 -48.5 3.275 -42 -48.5 3.275 -44.2984
2 24 -48.5 3.275 -44.2984 -50 3.275 -44
2 24 -50 3.275 -44 -51.5 3.275 -44.2984
2 24 -51.5 3.275 -44.2984 -51.5 3.275 -42
2 24 -51.5 3.275 -42 -48.5 3.275 -42
2 24 -29 3.275 -60 -29 3.275 -64.1989
2 24 -29 3.275 -64.1989 -30 3.275 -64
2 24 -30 3.275 -64 -31 3.275 -64.1989
2 24 -31 3.275 -64.1989 -31 3.275 -60
2 24 -31 3.275 -60 -29 3.275 -60
2 24 -4 3.275 -91 -4.1989 3.275 -91
2 24 -4.1989 3.275 -91 -4 3.275 -90
2 24 -4 3.275 -90 -4.1989 3.275 -89
2 24 -4.1989 3.275 -89 -4 3.275 -89
0 // Horizontal face quote 0
0 // Faces
4 16 -111.5 0 62 -116.25 0 62 -120 0 60 -116.047 0 60
3 16 -111.5 0 62 -116.047 0 60 -108.5 0 62
4 16 -100 0 62 -108.5 0 62 -116.047 0 60 -80 0 60
4 16 -100 0 62 -80 0 60 -80 0 80 -100 0 80
4 16 -116.25 0 80 -120 0 80 -120 0 60 -116.25 0 62
4 16 -116.047 0 60 -120 0 60 -100 0 0 -96.6012 0 1.6623
4 16 -100 0 0 -60 0 -60 -67.4931 0 -42 -68.8264 0 -40
3 16 -68.8264 0 -40 -96.6012 0 1.6623 -100 0 0
4 16 -68.8264 0 -40 -67.4931 0 -42 -60.0341 0 -42 -60.0341 0 -40
3 16 -67.4931 0 -42 -60 0 -60 -57.0858 0 -57.6109
4 16 -20 0 -100 -18.4467 0 -96.25 -57.0858 0 -57.6109 -60 0 -60
0 // Edges
2 24 -116.25 0 62 -116.25 0 80
2 24 -116.25 0 62 -100 0 62
2 24 -80 0 60 -80 0 100
2 24 -116.047 0 60 -80 0 60
2 24 -120 0 80 -120 0 60
2 24 -120 0 60 -100 0 0
2 24 -96.6012 0 1.6623 -116.047 0 60
2 24 -100 0 0 -60 0 -60
2 24 -68.8264 0 -40 -96.6012 0 1.6623
2 24 -60.0341 0 -40 -68.8264 0 -40
2 24 -40 0 -60 -29 0 -60
2 24 -48.5 0 -42 -67.4931 0 -42
2 24 -67.4931 0 -42 -57.0858 0 -57.6109
2 24 -57.0858 0 -57.6109 -18.4467 0 -96.25
2 24 -20 0 -100 -60 0 -60
0 // Vertical external surface
0 // Faces
4 16 -60 16 100 -60 24 100 -80 24 100 -80 16 100
4 16 -120 24 80 -120 3.275 60 -120 0 60 -120 0 80
4 16 -100 0 0 -120 0 60 -120 3.275 60 -100 3.275 0
4 16 -60 0 -60 -100 0 0 -100 3.275 0 -60 3.275 -60
4 16 -20 0 -100 -60 0 -60 -60 3.275 -60 -20 3.275 -100
4 16 -25.7574 24 -74.2426 -20 24 -80 -20 3.275 -100 -27.6874 20 -76.1727
4 16 -27.6874 20 -76.1727 -20 3.275 -100 -60 3.275 -60 -36.1727 20 -67.6874
4 16 -34.2426 24 -65.7574 -36.1727 20 -67.6874 -60 3.275 -60 -47.6874 20 -56.1727
3 16 -45.7574 24 -54.2426 -34.2426 24 -65.7574 -47.6874 20 -56.1727
3 16 -60 3.275 -60 -56.1727 20 -47.6874 -47.6874 20 -56.1727
3 16 -60 3.275 -60 -60 24 -40 -56.1727 20 -47.6874
3 16 -60 24 -40 -54.2426 24 -45.7574 -56.1727 20 -47.6874
4 16 -64.3641 24 -33.4538 -60 24 -40 -60 3.275 -60 -66.1457 20 -34.6416
3 16 -60 3.275 -60 -72.8021 20 -24.657 -66.1457 20 -34.6416
4 16 -100 3.275 0 -90.7611 20 2.2815 -72.8021 20 -24.657 -60 3.275 -60
4 16 -72.8021 20 -24.657 -90.7611 20 2.2815 -88.9795 24 3.46924 -71.0205 24 -23.4692
3 16 -97.4175 20 12.2661 -90.7611 20 2.2815 -100 3.275 0
3 16 -97.4175 20 12.2661 -100 3.275 0 -100 24 20
3 16 -95.6359 24 13.4538 -97.4175 20 12.2661 -100 24 20
4 16 -108.103 24 44.3079 -100 24 20 -100 3.275 0 -109.261 20 43.9219
3 16 -113.055 20 55.3061 -109.261 20 43.9219 -100 3.275 0
4 16 -120 3.275 60 -115.261 20 61.9219 -113.055 20 55.3061 -100 3.275 0
4 16 -114.103 24 62.3079 -111.897 24 55.6921 -113.055 20 55.3061 -115.261 20 61.9219
3 16 -119.055 20 73.3061 -115.261 20 61.9219 -120 3.275 60
3 16 -119.055 20 73.3061 -120 3.275 60 -120 24 80
3 16 -117.897 24 73.6921 -119.055 20 73.3061 -120 24 80
0 // Edges
2 24 -25.7574 24 -74.2426 -27.6874 20 -76.1727
2 24 -34.2426 24 -65.7574 -36.1727 20 -67.6874
2 24 -45.7574 24 -54.2426 -47.6874 20 -56.1727
2 24 -56.1727 20 -47.6874 -54.2426 24 -45.7574
5 24 -54.2426 24 -45.7574 -54.2426 20 -45.7574 -56.1727 20 -47.6874 -52.2961 20 -44.4567
5 24 -52.2961 24 -44.4567 -52.2961 20 -44.4567 -54.2426 20 -45.7574 -50 20 -44
5 24 -50 24 -44 -50 20 -44 -52.2961 20 -44.4567 -40 20 -44
2 24 -64.3641 24 -33.4538 -66.1457 20 -34.6416
2 24 -71.0205 24 -23.4692 -72.8021 20 -24.657
2 24 -88.9795 24 3.46924 -90.7611 20 2.2815
5 24 -85.6513 24 5.688 -85.6513 20 5.688 -90.7611 20 2.2815 -83.0615 20 7.391
5 24 -84.2426 24 4.2426 -84.2426 20 4.2426 -82.2961 20 5.5433 -84.4654 20 3.9092
2 24 -84.4654 24 3.9092 -84.4654 20 3.9092
2 24 -95.6359 24 13.4538 -97.4175 20 12.2661
2 24 -108.103 24 44.3079 -109.261 20 43.9219
2 24 -111.897 24 55.6921 -113.055 20 55.3061
2 24 -114.103 24 62.3079 -115.261 20 61.9219
2 24 -117.897 24 73.6921 -119.055 20 73.3061
2 24 -60 24 100 -60 16 100
2 24 -120 24 80 -120 3.275 60
2 24 -120 3.275 60 -120 0 60
2 24 -100 24 20 -100 3.275 0
2 24 -100 3.275 0 -100 0 0
2 24 -60 24 -40 -60 3.275 -60
2 24 -60 3.275 -60 -60 0 -60
2 24 -20 24 -80 -20 3.275 -100
2 24 -20 3.275 -100 -20 0 -100
2 24 -120 3.275 60 -100 3.275 0
2 24 -100 3.275 0 -60 3.275 -60
2 24 -60 3.275 -60 -20 3.275 -100
0 // Boxes
1 16 -80 22 90 0 4 0 0 0 2 1 0 0 box4-2p.dat
1 16 -80 22 70 0 4 0 0 0 2 1 0 0 box4-2p.dat
1 16 -90 22 60 1 0 0 0 0 2 0 -4 0 box4-2p.dat
1 16 -50 22 -40 -1 0 0 0 0 2 0 4 0 box4-2p.dat
0 BFC INVERTNEXT
1 16 -78 22 93.5 -2 0 0 0 -2 0 0 0 2.5 box3-7a.dat
0 BFC INVERTNEXT
1 16 -78 22 80 0 0 -2 0 -2 0 -9 0 0 box2-11.dat
0 BFC INVERTNEXT
1 16 -70 22 78 0 0 6 0 -2 0 18 0 0 box3-7a.dat
0 BFC INVERTNEXT
1 16 -78 22 64.5 0 0 -2 0 -2 0 -4.5 0 0 box2-11.dat
0 BFC INVERTNEXT
1 16 -95.5 22 58 -4.5 0 0 0 -2 0 0 0 2 box2-11.dat
0 BFC INVERTNEXT
1 16 -84.5 22 58 -4.5 0 0 0 -2 0 0 0 2 box2-11.dat
0 BFC INVERTNEXT
1 16 -70 22 38 0 0 6 0 -2 0 22 0 0 box2-11.dat
0 BFC INVERTNEXT
1 16 -38 24 13.5 0 0 -2 0 -4 0 -2.5 0 0 box4-4a.dat
0 BFC INVERTNEXT
1 16 -38 24 6.5 0 0 -2 0 -4 0 -2.5 0 0 box4-4a.dat
1 16 -42 22 -20 0 0 -2 0 2 0 20 0 0 box2-11.dat
1 16 -42 22 2 0 0 -2 0 2 0 2 0 0 box2-11.dat
1 16 -42 22 10 0 0 -2 0 2 0 1 0 0 box2-11.dat
1 16 -42 22 6.5 0 0 -2 0 2 0 2.5 0 0 box2-11.dat
1 16 -42 22 13.5 0 0 -2 0 2 0 2.5 0 0 box2-11.dat
0 BFC INVERTNEXT
1 16 -46.5 24 -12 -2.5 0 0 0 -4 0 0 0 28 box3u7a.dat
0 BFC INVERTNEXT
1 16 -50 22 -10 -1 0 0 0 -2 0 0 0 26 box2-11.dat
0 BFC INVERTNEXT
1 16 -52.6715 24 -12 1.67155 0 0 0 -4 0 0 0 -28 box3u10p.dat
0 BFC INVERTNEXT
1 16 -56.6715 22 11.901 0 -2.32845 0 2 0 0 0 0 4.09945 box2-7.dat
0 BFC INVERTNEXT
1 16 -27.1716 22 -67.1715 0 7.17155 0 -2 0 0 0 0 7.17155 box2-5.dat
0 BFC INVERTNEXT
1 16 -45 22 -49.1715 0 5 0 -2 0 0 0 0 5.17155 box2-7.dat
1 16 -96.707 14 83.293 -0.707107 2.46448 0 0 0 10 0.707107 2.46448 0 box4-2p.dat
1 16 -16.707 14 -56.707 -0.707107 2.46448 0 0 0 10 0.707107 2.46448 0 box4-2p.dat
0 BFC INVERTNEXT
1 16 -106.707 24 90 0 0 -9.2929 0 -20 0 -6 0 0 box4-4a.dat
0 BFC INVERTNEXT
1 16 -90.707 14 89.293 6.7071 0 0 0 -10 0 0 0 6.7071 box3-7a.dat
0 BFC INVERTNEXT
1 16 -90 24 73.2929 6 0 0 0 -20 0 0 0 -9.2929 box4-4a.dat
0 BFC INVERTNEXT
1 16 -26.7071 24 -50 0 0 -9.2929 0 -20 0 -6 0 0 box4-4a.dat
1 16 -100 12 90 0 -20 0 0 0 -12 10 0 0 box3-9a.dat
0 BFC INVERTNEXT
1 16 -70 8 80 0 0 -10 0 8 0 20 0 0 box2-9.dat
0 BFC INVERTNEXT
1 16 -108.125 8 71 0 8.125 0 -8 0 0 0 0 9 box2-5.dat
0 BFC INVERTNEXT
1 16 -44.25 8 -51 0 4.25 0 -8 0 0 0 0 9 box2-7.dat
0 BFC INVERTNEXT
1 16 -24.5 8 -70 0 4.5 0 -8 0 0 0 0 10 box2-7.dat
1 16 -50.017 8 -41 10.017 0 0 0 -8 0 0 0 1 box2-11.dat
1 16 -30 8 -50 10 0 0 0 -8 0 0 0 10 box2-11.dat
0 // Studs and cylinder
0 // Upper studs
0 // Faces
1 16 -110 0 70 6 0 0 0 3.275 0 0 0 6 4-4cyli.dat
0 BFC INVERTNEXT
1 16 -110 0 70 4 0 0 0 3.275 0 0 0 4 4-4cyli.dat
3 16 -115.702 3.275 71.5 -115.62 16 71.9083 -115.702 15.3244 71.5
4 16 -115.543 3.275 72.2961 -115.543 16 72.2961 -115.62 16 71.9083 -115.702 3.275 71.5
1 16 -110 3.275 70 4.24264 0 -4.24264 0 12.725 0 4.24264 0 4.24264 5-16cyli.dat
1 16 -110 3.275 70 2.2961 0 5.54328 0 12.725 0 -5.54328 0 2.2961 5-16cyli.dat
4 16 -108.5 3.275 64.2984 -108.5 16 64.2984 -107.704 16 64.4567 -107.704 3.275 64.4567
0 BFC INVERTNEXT
1 16 -110 3.275 70 3.5 0 0 0 12.725 0 0 0 3.5 4-4cyli.dat
1 16 -110 3.275 70 0.5 0 0 0 1 0 0 0 0.5 4-4ring7.dat
1 16 -50 0 -50 6 0 0 0 3.275 0 0 0 6 4-4cyli.dat
0 BFC INVERTNEXT
1 16 -50 0 -50 4 0 0 0 3.275 0 0 0 4 4-4cyli.dat
1 16 -50 3.275 -50 -2.2961 0 -5.54328 0 5.495 0 5.54328 0 -2.2961 7-8cyli.dat
4 16 -51.5 3.275 -44.2984 -51.5 8.77 -44.2984 -52.2961 8.77 -44.4567 -52.2961 3.275 -44.4567
4 16 -47.7039 3.275 -44.4567 -47.7039 8.77 -44.4567 -48.5 8.77 -44.2984 -48.5 3.275 -44.2984
4 16 -51.5 8.77 -44.2984 -51.5 16 -44.2984 -52.2961 16 -44.4567 -52.2961 8.77 -44.4567
4 16 -52.2961 8.77 -44.4567 -52.2961 16 -44.4567 -54.2426 16 -45.7574 -54.2426 8.77 -45.7574
4 16 -54.2426 8.77 -45.7574 -54.2426 16 -45.7574 -54.8467 16 -46.6614 -55.5433 8.77 -47.7039
3 16 -54.8467 16 -46.6614 -55.5433 14.198 -47.7039 -55.5433 8.77 -47.7039
4 16 -55.5433 8.77 -47.7039 -55.5433 14.198 -47.7039 -56 11.3454 -50 -56 8.77 -50
4 16 -56 8.77 -50 -56 11.3454 -50 -55.5433 9.4393 -52.2961 -55.5433 8.77 -52.2961
3 16 -55.5433 8.77 -52.2961 -55.5433 9.4393 -52.2961 -54.2426 8.77 -54.2426
3 16 -54.2426 8.77 -54.2426 -52.2961 9.4393 -55.5433 -52.2961 8.77 -55.5433
4 16 -52.2961 8.77 -55.5433 -52.2961 9.4393 -55.5433 -50 11.3454 -56 -50 8.77 -56
4 16 -50 8.77 -56 -50 11.3454 -56 -47.7039 14.198 -55.5433 -47.7039 8.77 -55.5433
3 16 -47.7039 8.77 -55.5433 -47.7039 14.198 -55.5433 -46.6614 16 -54.8467
4 16 -47.7039 8.77 -55.5433 -46.6614 16 -54.8467 -45.7574 16 -54.2426 -45.7574 8.77 -54.2426
1 16 -50 8.77 -50 4.24264 0 4.24264 0 7.23 0 -4.24264 0 4.24264 5-16cyli.dat
4 16 -47.7039 8.77 -44.4567 -47.7039 16 -44.4567 -48.5 16 -44.2984 -48.5 8.77 -44.2984
0 BFC INVERTNEXT
1 16 -50 3.275 -50 3.5 0 0 0 9.1587 0 0 0 3.5 4-4cyli.dat
1 16 -50 3.275 -50 0.5 0 0 0 1 0 0 0 0.5 4-4ring7.dat
0 BFC INVERTNEXT
1 16 -50 12.434 -50 2.47487 0 2.47487 0 3.5663 0 -2.47487 0 2.47487 2-4cyli.dat
4 16 -53.2336 12.4337 -48.6606 -53.079 16 -48.4693 -52.4749 16 -47.5251 -52.4749 12.4337 -47.5251
3 16 -53.2336 12.4337 -48.6606 -53.2336 15.6 -48.6606 -53.079 16 -48.4292
4 16 -53.5 12.4337 -50 -53.5 13.936 -50 -53.2336 15.6 -48.6606 -53.2336 12.4337 -48.6606
4 16 -53.2336 12.4337 -51.3394 -53.2336 12.8241 -51.3394 -53.5 13.936 -50 -53.5 12.4337 -50
3 16 -52.4749 12.4337 -52.4749 -53.2336 12.8241 -51.3394 -53.2336 12.4337 -51.3394
3 16 -51.3394 12.4337 -53.2336 -51.3394 12.8241 -53.2336 -52.4749 12.4337 -52.4749
4 16 -50 12.4337 -53.5 -50 13.936 -53.5 -51.3394 12.8241 -53.2336 -51.3394 12.4337 -53.2336
4 16 -48.6606 12.4337 -53.2336 -48.6606 15.6 -53.2336 -50 13.936 -53.5 -50 12.4337 -53.5
3 16 -48.4292 16 -53.079 -48.6606 15.6 -53.2336 -48.6606 12.4337 -53.2336
4 16 -47.5251 12.4337 -52.4749 -47.5251 16 -52.4749 -48.4292 16 -53.079 -48.6606 12.4337 -53.2336
1 16 -30 0 -70 6 0 0 0 3.275 0 0 0 6 4-4cyli.dat
0 BFC INVERTNEXT
1 16 -30 0 -70 4 0 0 0 3.275 0 0 0 4 4-4cyli.dat
1 16 -30 3.275 -70 -2.2961 0 -5.54328 0 5.495 0 5.54328 0 -2.2961 7-8cyli.dat
4 16 -31 3.275 -64.1989 -31 8.77 -64.1989 -32.2961 8.77 -64.4567 -32.2961 3.275 -64.4567
4 16 -27.7039 3.275 -64.4567 -27.7039 8.77 -64.4567 -29 8.77 -64.1989 -29 3.275 -64.1989
4 16 -31 8.77 -64.1989 -31 16 -64.1989 -32.2961 16 -64.4567 -32.2961 8.77 -64.4567
4 16 -32.2961 8.77 -64.4567 -32.2961 16 -64.4567 -34.2426 16 -65.7574 -34.2426 8.77 -65.7574
4 16 -34.2426 8.77 -65.7574 -34.2426 16 -65.7574 -34.8467 16 -66.6614 -35.5433 8.77 -67.7039
3 16 -34.8467 16 -66.6614 -35.5433 14.198 -67.7039 -35.5433 8.77 -67.7039
4 16 -35.5433 8.77 -67.7039 -35.5433 14.198 -67.7039 -36 11.3454 -70 -36 8.77 -70
4 16 -36 8.77 -70 -36 11.3454 -70 -35.5433 9.4393 -72.2961 -35.5433 8.77 -72.2961
3 16 -35.5433 8.77 -72.2961 -35.5433 9.4393 -72.2961 -34.2426 8.77 -74.2426
3 16 -34.2426 8.77 -74.2426 -32.2961 9.4393 -75.5433 -32.2961 8.77 -75.5433
4 16 -32.2961 8.77 -75.5433 -32.2961 9.4393 -75.5433 -30 11.3454 -76 -30 8.77 -76
4 16 -30 8.77 -76 -30 11.3454 -76 -27.7039 14.198 -75.5433 -27.7039 8.77 -75.5433
3 16 -27.7039 8.77 -75.5433 -27.7039 14.198 -75.5433 -26.6614 16 -74.8467
4 16 -27.7039 8.77 -75.5433 -26.6614 16 -74.8467 -25.7574 16 -74.2426 -25.7574 8.77 -74.2426
1 16 -30 8.77 -70 4.24264 0 4.24264 0 7.23 0 -4.24264 0 4.24264 5-16cyli.dat
4 16 -27.7039 8.77 -64.4567 -27.7039 16 -64.4567 -29 16 -64.1989 -29 8.77 -64.1989
0 BFC INVERTNEXT
1 16 -30 3.275 -70 3.5 0 0 0 9.1587 0 0 0 3.5 4-4cyli.dat
1 16 -30 3.275 -70 0.5 0 0 0 1 0 0 0 0.5 4-4ring7.dat
0 BFC INVERTNEXT
1 16 -30 12.434 -70 2.47487 0 2.47487 0 3.5663 0 -2.47487 0 2.47487 2-4cyli.dat
4 16 -33.2336 12.4337 -68.6606 -33.079 16 -68.4693 -32.4749 16 -67.5251 -32.4749 12.4337 -67.5251
3 16 -33.2336 12.4337 -68.6606 -33.2336 15.6 -68.6606 -33.079 16 -68.4292
4 16 -33.5 12.4337 -70 -33.5 13.936 -70 -33.2336 15.6 -68.6606 -33.2336 12.4337 -68.6606
4 16 -33.2336 12.4337 -71.3394 -33.2336 12.8241 -71.3394 -33.5 13.936 -70 -33.5 12.4337 -70
3 16 -32.4749 12.4337 -72.4749 -33.2336 12.8241 -71.3394 -33.2336 12.4337 -71.3394
3 16 -31.3394 12.4337 -73.2336 -31.3394 12.8241 -73.2336 -32.4749 12.4337 -72.4749
4 16 -30 12.4337 -73.5 -30 13.936 -73.5 -31.3394 12.8241 -73.2336 -31.3394 12.4337 -73.2336
4 16 -28.6606 12.4337 -73.2336 -28.6606 15.6 -73.2336 -30 13.936 -73.5 -30 12.4337 -73.5
3 16 -28.4292 16 -73.079 -28.6606 15.6 -73.2336 -28.6606 12.4337 -73.2336
4 16 -27.5251 12.4337 -72.4749 -27.5251 16 -72.4749 -28.4292 16 -73.079 -28.6606 12.4337 -73.2336
1 16 -10 0 -90 6 0 0 0 2.5925 0 0 0 6 4-4cyli.dat
0 BFC INVERTNEXT
1 16 -10 0 -90 4 0 0 0 3.275 0 0 0 4 4-4cyli.dat
4 16 -4 2.5925 -90 -4 3.275 -90 -4.1989 3.275 -89 -4.1989 2.5925 -89
4 16 -4.1989 2.5925 -89 -4.1989 3.275 -89 -4.4567 11.1893 -87.7039 -4.4567 2.5925 -87.7039
3 16 -4.1989 3.275 -89 -4.1989 9.8462 -89 -4.4567 11.1893 -87.7039
4 16 -4.4567 2.5925 -87.7039 -4.4567 11.1893 -87.7039 -5.7574 13.2064 -85.7574 -5.7574 2.5925 -85.7574
4 16 -5.7574 2.5925 -85.7574 -5.7574 13.2064 -85.7574 -7.7039 14.5542 -84.4567 -7.7039 2.5925 -84.4567
4 16 -7.7039 2.5925 -84.4567 -7.7039 14.5542 -84.4567 -10 15.0275 -84 -10 2.5925 -84
4 16 -10 2.5925 -84 -10 15.0275 -84 -12.2961 14.5542 -84.4567 -12.2961 2.5925 -84.4567
4 16 -12.2961 2.5925 -84.4567 -12.2961 14.5542 -84.4567 -14.2426 13.2064 -85.7574 -14.2426 2.5925 -85.7574
4 16 -14.2426 2.5925 -85.7574 -14.2426 13.2064 -85.7574 -15.5433 11.1893 -87.7039 -15.5433 2.5925 -87.7039
4 16 -15.5433 2.5925 -87.7039 -15.5433 11.1893 -87.7039 -16 8.81 -90 -16 2.5925 -90
4 16 -16 2.5925 -90 -16 8.81 -90 -15.5433 6.4306 -92.2961 -15.5433 2.5925 -92.2961
4 16 -15.5433 2.5925 -92.2961 -15.5433 6.4306 -92.2961 -14.2426 4.4135 -94.2426 -14.2426 2.5925 -94.2426
4 16 -14.2426 2.5925 -94.2426 -14.2426 4.4135 -94.2426 -12.2961 3.0657 -95.5433 -12.2961 2.5925 -95.5433
3 16 -12.2961 2.5925 -95.5433 -12.2961 3.0657 -95.5433 -10 2.5925 -96
3 16 -10 2.5925 -96 -7.7039 3.0657 -95.5433 -7.7039 2.5925 -95.5433
4 16 -7.7039 2.5925 -95.5433 -7.7039 3.0657 -95.5433 -5.7574 4.4135 -94.2426 -5.7574 2.5925 -94.2426
4 16 -5.7574 2.5925 -94.2426 -5.7574 4.4135 -94.2426 -4.4567 6.4036 -92.2961 -4.4567 2.5925 -92.2961
4 16 -4.4567 2.5925 -92.2961 -4.4567 6.4036 -92.2961 -4.1989 3.275 -91 -4.1989 2.5925 -91
3 16 -4.1989 3.275 -91 -4.4567 6.4036 -92.2961 -4.1989 7.7737 -91
4 16 -4.1989 2.5925 -91 -4.1989 3.275 -91 -4 3.275 -90 -4 2.5925 -90
0 BFC INVERTNEXT
1 16 -10 3.275 -90 3.5 0 0 0 1.9081 0 0 0 3.5 4-4cyli.dat
1 16 -10 3.275 -90 0.5 0 0 0 1 0 0 0 0.5 4-4ring7.dat
4 16 -6.7664 5.1831 -88.6606 -6.7664 10.1979 -88.6606 -6.5 8.81 -90 -6.5 5.1831 -90
4 16 -7.5251 5.1831 -87.5251 -7.5251 11.3746 -87.5251 -6.7664 10.1979 -88.6606 -6.7664 5.1831 -88.6606
4 16 -8.6606 5.1831 -86.7664 -8.6606 12.1608 -86.7664 -7.5251 11.3746 -87.5251 -7.5251 5.1831 -87.5251
4 16 -10 5.1831 -86.5 -10 12.4368 -86.5 -8.6606 12.1608 -86.7664 -8.6606 5.1831 -86.7664
4 16 -11.3394 5.1831 -86.7664 -11.3394 12.1608 -86.7664 -10 12.4368 -86.5 -10 5.1831 -86.5
4 16 -12.4749 5.1831 -87.5251 -12.4749 11.3746 -87.5251 -11.3394 12.1608 -86.7664 -11.3394 5.1831 -86.7664
4 16 -13.2336 5.1831 -88.6606 -13.2336 10.1979 -88.6606 -12.4749 11.3746 -87.5251 -12.4749 5.1831 -87.5251
4 16 -13.5 5.1831 -90 -13.5 8.81 -90 -13.2336 10.1979 -88.6606 -13.2336 5.1831 -88.6606
4 16 -13.2336 5.1831 -91.3394 -13.2336 7.422 -91.3394 -13.5 8.81 -90 -13.5 5.1831 -90
4 16 -12.4749 5.1831 -92.4749 -12.4749 6.2454 -92.4749 -13.2336 7.422 -91.3394 -13.2336 5.1831 -91.3394
4 16 -11.3394 5.1831 -93.2336 -11.3394 5.4592 -93.2336 -12.4749 6.2454 -92.4749 -12.4749 5.1831 -92.4749
3 16 -10 5.1831 -93.5 -11.3394 5.4592 -93.2336 -11.3394 5.1831 -93.2336
3 16 -8.6606 5.1831 -93.2336 -8.6606 5.4592 -93.2336 -10 5.1831 -93.5
4 16 -7.5251 5.1831 -92.4749 -7.5251 6.2454 -92.4749 -8.6606 5.4592 -93.2336 -8.6606 5.1831 -93.2336
4 16 -6.7664 5.1831 -91.3394 -6.7664 7.422 -91.3394 -7.5251 6.2454 -92.4749 -7.5251 5.1831 -92.4749
4 16 -6.5 5.1831 -90 -6.5 8.81 -90 -6.7664 7.422 -91.3394 -6.7664 5.1831 -91.3394
0 // Edges
1 16 -110 3.275 70 3.5 0 0 0 1 0 0 0 3.5 4-4edge.dat
1 16 -110 3.275 70 4 0 0 0 1 0 0 0 4 4-4edge.dat
2 24 -115.702 15.3244 71.5 -115.702 3.275 71.5
2 24 -108.5 16 64.2486 -108.5 3.275 64.2486
2 24 -115.702 15.3244 71.5 -115.62 16 71.9083
2 24 -115.62 16 71.9083 -115.543 16 72.2961
1 16 -110 16 70 4.24264 0 -4.24264 0 1 0 4.24264 0 4.24264 5-16edge.dat
1 16 -110 16 70 2.2961 0 5.54328 0 1 0 -5.54328 0 2.2961 5-16edge.dat
2 24 -107.704 16 64.4567 -108.5 16 64.2984
1 16 -110 16 70 3.5 0 0 0 1 0 0 0 3.5 4-4edge.dat
1 16 -50 3.275 -50 3.5 0 0 0 1 0 0 0 3.5 4-4edge.dat
1 16 -50 3.275 -50 4 0 0 0 1 0 0 0 4 4-4edge.dat
5 24 -52.2961 16 -44.4567 -52.2961 8.77 -44.4567 -51.5 8.77 -44.2984 -54.2426 8.77 -45.7574
5 24 -54.2426 16 -45.7574 -54.2426 8.77 -45.7574 -52.2961 8.77 -44.4567 -55.5433 8.77 -47.7039
5 24 -55.5433 14.198 -47.7039 -55.5433 8.77 -47.7039 -54.2426 8.77 -45.7574 -56 8.77 -50
5 24 -56 11.3454 -50 -56 8.77 -50 -55.5433 8.77 -47.7039 -55.5433 8.77 -52.2961
5 24 -55.5433 9.4393 -52.2961 -55.5433 8.77 -52.2961 -56 8.77 -50 -54.2426 8.77 -54.2426
5 24 -52.2961 9.4393 -55.5433 -52.2961 8.77 -55.5433 -54.2426 8.77 -54.2426 -50 8.77 -56
5 24 -50 11.3454 -56 -50 8.77 -56 -52.2961 8.77 -55.5433 -47.7039 8.77 -55.5433
5 24 -47.7039 14.198 -55.5433 -47.7039 8.77 -55.5433 -50 8.77 -56 -45.7574 8.77 -54.2426
5 24 -53.2336 15.6 -48.6606 -53.2336 12.4337 -48.6606 -52.4749 12.4337 -47.5251 -53.5 12.4337 -50
5 24 -53.5 13.936 -50 -53.5 12.4337 -50 -53.2336 12.4337 -48.6606 -53.2336 12.4337 -51.3394
5 24 -53.2336 12.8241 -51.3394 -53.2336 12.4337 -51.3394 -53.5 12.4337 -50 -52.4749 12.4337 -52.4749
5 24 -51.3394 12.8241 -53.2336 -51.3394 12.4337 -53.2336 -52.4749 12.4337 -52.4749 -50 12.4337 -53.5
5 24 -50 13.936 -53.5 -50 12.4337 -53.5 -52.4749 12.4337 -52.4749 -48.6606 12.4337 -53.2336
5 24 -48.6606 15.6 -53.2336 -48.6606 12.4337 -53.2336 -50 12.4337 -53.5 -47.5251 12.4337 -52.4749
2 24 -51.5 16 -44.2984 -52.2961 16 -44.4567
2 24 -52.2961 16 -44.4567 -54.2426 16 -45.7574
2 24 -54.2426 16 -45.7574 -54.8467 16 -46.6614
2 24 -54.8467 16 -46.6614 -55.5433 14.198 -47.7039
2 24 -55.5433 14.198 -47.7039 -56 11.3454 -50
2 24 -56 11.3454 -50 -55.5433 9.4393 -52.2961
2 24 -55.5433 9.4393 -52.2961 -54.2426 8.77 -54.2426
2 24 -54.2426 8.77 -54.2426 -52.2961 9.4393 -55.5433
2 24 -52.2961 9.4393 -55.5433 -50 11.3454 -56
2 24 -50 11.3454 -56 -47.7039 14.198 -55.5433
2 24 -47.7039 14.198 -55.5433 -46.6614 16 -54.8467
2 24 -46.6614 16 -54.8467 -45.7574 16 -54.2426
1 16 -50 16 -50 4.24264 0 4.24264 0 1 0 -4.24264 0 4.24264 5-16edge.dat
2 24 -47.7039 16 -44.4567 -48.5 16 -44.2984
2 24 -52.4749 16 -47.5251 -53.079 16 -48.4292
2 24 -53.079 16 -48.4292 -53.2336 15.6 -48.6606
2 24 -53.2336 15.6 -48.6606 -53.5 13.936 -50
2 24 -53.5 13.936 -50 -53.2336 12.8241 -51.3394
2 24 -53.2336 12.8241 -51.3394 -52.4749 12.4337 -52.4749
2 24 -52.4749 12.4337 -52.4749 -51.3394 12.8241 -53.2336
2 24 -51.3394 12.8241 -53.2336 -50 13.936 -53.5
2 24 -50 13.936 -53.5 -48.6606 15.6 -53.2336
2 24 -48.6606 15.6 -53.2336 -48.4292 16 -53.079
2 24 -48.4292 16 -53.079 -47.5251 16 -52.4749
1 16 -50 16 -50 2.47487 0 2.47487 0 1 0 -2.47487 0 2.47487 2-4edge.dat
1 16 -30 3.275 -70 3.5 0 0 0 1 0 0 0 3.5 4-4edge.dat
1 16 -30 3.275 -70 4 0 0 0 1 0 0 0 4 4-4edge.dat
5 24 -32.2961 16 -64.4567 -32.2961 8.77 -64.4567 -31.5 8.77 -64.2984 -34.2426 8.77 -65.7574
5 24 -34.2426 16 -65.7574 -34.2426 8.77 -65.7574 -32.2961 8.77 -64.4567 -35.5433 8.77 -67.7039
5 24 -35.5433 14.198 -67.7039 -35.5433 8.77 -67.7039 -34.2426 8.77 -65.7574 -36 8.77 -70
5 24 -36 11.3454 -70 -36 8.77 -70 -35.5433 8.77 -67.7039 -35.5433 8.77 -72.2961
5 24 -35.5433 9.4393 -72.2961 -35.5433 8.77 -72.2961 -36 8.77 -70 -34.2426 8.77 -74.2426
5 24 -32.2961 9.4393 -75.5433 -32.2961 8.77 -75.5433 -34.2426 8.77 -74.2426 -30 8.77 -76
5 24 -30 11.3454 -76 -30 8.77 -76 -32.2961 8.77 -75.5433 -27.7039 8.77 -75.5433
5 24 -27.7039 14.198 -75.5433 -27.7039 8.77 -75.5433 -30 8.77 -76 -25.7574 8.77 -74.2426
5 24 -33.2336 15.6 -68.6606 -33.2336 12.4337 -68.6606 -32.4749 12.4337 -67.5251 -33.5 12.4337 -70
5 24 -33.5 13.936 -70 -33.5 12.4337 -70 -33.2336 12.4337 -68.6606 -33.2336 12.4337 -71.3394
5 24 -33.2336 12.8241 -71.3394 -33.2336 12.4337 -71.3394 -33.5 12.4337 -70 -32.4749 12.4337 -72.4749
5 24 -31.3394 12.8241 -73.2336 -31.3394 12.4337 -73.2336 -32.4749 12.4337 -72.4749 -30 12.4337 -73.5
5 24 -30 13.936 -73.5 -30 12.4337 -73.5 -32.4749 12.4337 -72.4749 -28.6606 12.4337 -73.2336
5 24 -28.6606 15.6 -73.2336 -28.6606 12.4337 -73.2336 -30 12.4337 -73.5 -27.5251 12.4337 -72.4749
2 24 -31 16 -64.1989 -32.2961 16 -64.4567
2 24 -32.2961 16 -64.4567 -34.2426 16 -65.7574
2 24 -34.2426 16 -65.7574 -34.8467 16 -66.6614
2 24 -34.8467 16 -66.6614 -35.5433 14.198 -67.7039
2 24 -35.5433 14.198 -67.7039 -36 11.3454 -70
2 24 -36 11.3454 -70 -35.5433 9.4393 -72.2961
2 24 -35.5433 9.4393 -72.2961 -34.2426 8.77 -74.2426
2 24 -34.2426 8.77 -74.2426 -32.2961 9.4393 -75.5433
2 24 -32.2961 9.4393 -75.5433 -30 11.3454 -76
2 24 -30 11.3454 -76 -27.7039 14.198 -75.5433
2 24 -27.7039 14.198 -75.5433 -26.6614 16 -74.8467
2 24 -26.6614 16 -74.8467 -25.7574 16 -74.2426
1 16 -30 16 -70 4.24264 0 4.24264 0 1 0 -4.24264 0 4.24264 5-16edge.dat
2 24 -27.7039 16 -64.4567 -29 16 -64.1989
2 24 -32.4749 16 -67.5251 -33.079 16 -68.4292
2 24 -33.079 16 -68.4292 -33.2336 15.6 -68.6606
2 24 -33.2336 15.6 -68.6606 -33.5 13.936 -70
2 24 -33.5 13.936 -70 -33.2336 12.8241 -71.3394
2 24 -33.2336 12.8241 -71.3394 -32.4749 12.4337 -72.4749
2 24 -32.4749 12.4337 -72.4749 -31.3394 12.8241 -73.2336
2 24 -31.3394 12.8241 -73.2336 -30 13.936 -73.5
2 24 -30 13.936 -73.5 -28.6606 15.6 -73.2336
2 24 -28.6606 15.6 -73.2336 -28.4292 16 -73.079
2 24 -28.4292 16 -73.079 -27.5251 16 -72.4749
1 16 -30 16 -70 2.47487 0 2.47487 0 1 0 -2.47487 0 2.47487 2-4edge.dat
5 24 -4 3.275 -90 -4 2.5925 -90 -4.1989 2.5925 -91 -4.1989 2.5925 -89
5 24 -4.4567 11.1893 -87.7039 -4.4567 2.5925 -87.7039 -4.1989 2.5925 -89 -5.7574 2.5925 -85.7574
5 24 -5.7574 13.2064 -85.7574 -5.7574 2.5925 -85.7574 -4.4567 2.5925 -87.7039 -7.7039 2.5925 -84.4567
5 24 -7.7039 14.5542 -84.4567 -7.7039 2.5925 -84.4567 -5.7574 2.5925 -85.7574 -10 2.5925 -84
5 24 -10 15.0275 -84 -10 2.5925 -84 -7.7039 2.5925 -84.4567 -12.2961 2.5925 -84.4567
5 24 -12.2961 14.5542 -84.4567 -12.2961 2.5925 -84.4567 -10 2.5925 -84 -14.2426 2.5925 -85.7574
5 24 -14.2426 13.2064 -85.7574 -14.2426 2.5925 -85.7574 -12.2961 2.5925 -84.4567 -15.5433 2.5925 -87.7039
5 24 -15.5433 11.1893 -87.7039 -15.5433 2.5925 -87.7039 -14.2426 2.5925 -85.7574 -16 2.5925 -90
5 24 -16 8.81 -90 -16 2.5925 -90 -15.5433 2.5925 -87.7039 -15.5433 2.5925 -92.2961
5 24 -15.5433 6.4306 -92.2961 -15.5433 2.5925 -92.2961 -16 2.5925 -90 -14.2426 2.5925 -94.2426
5 24 -14.2426 4.4135 -94.2426 -14.2426 2.5925 -94.2426 -15.5433 2.5925 -92.2961 -12.2961 2.5925 -95.5433
5 24 -12.2961 3.0657 -95.5433 -12.2961 2.5925 -95.5433 -14.2426 2.5925 -94.2426 -10 2.5925 -96
5 24 -7.7039 3.0657 -95.5433 -7.7039 2.5925 -95.5433 -10 2.5925 -96 -5.7574 2.5925 -94.2426
5 24 -5.7574 4.4135 -94.2426 -5.7574 2.5925 -94.2426 -7.7039 2.5925 -95.5433 -4.4567 2.5925 -92.2961
5 24 -4.4567 6.4306 -92.2961 -4.4567 2.5925 -92.2961 -5.7574 2.5925 -94.2426 -4.1989 2.5925 -91
5 24 -6.5 8.81 -90 -6.5 5.1831 -90 -6.7664 5.1831 -91.3394 -6.7664 5.1831 -88.6606
5 24 -6.7664 10.1979 -88.6606 -6.7664 5.1831 -88.6606 -6.5 5.1831 -90 -7.5251 5.1831 -87.5251
5 24 -7.5251 11.3476 -87.5251 -7.5251 5.1831 -87.5251 -6.7664 5.1831 -88.6606 -8.6606 5.1831 -86.7664
5 24 -8.6606 12.1608 -86.7664 -8.6606 5.1831 -86.7664 -7.5251 5.1831 -87.5251 -10 5.1831 -86.5
5 24 -10 12.4368 -86.5 -10 5.1831 -86.5 -8.6606 5.1831 -86.7664 -11.3394 5.1831 -86.7664
5 24 -11.3394 12.1608 -86.7664 -11.3394 5.1831 -86.7664 -10 5.1831 -86.5 -12.4749 5.1831 -87.5251
5 24 -12.4749 11.3476 -87.5251 -12.4749 5.1831 -87.5251 -11.3394 5.1831 -86.7664 -13.2336 5.1831 -88.6606
5 24 -13.2336 10.1979 -88.6606 -13.2336 5.1831 -88.6606 -12.4749 5.1831 -87.5251 -13.5 5.1831 -90
5 24 -13.5 8.81 -90 -13.5 5.1831 -90 -13.2336 5.1831 -88.6606 -13.2336 5.1831 -91.3394
5 24 -13.2336 7.422 -91.3394 -13.2336 5.1831 -91.3394 -13.5 5.1831 -90 -12.4749 5.1831 -92.4749
5 24 -12.4749 6.2454 -92.4749 -12.4749 5.1831 -92.4749 -13.2336 5.1831 -91.3394 -11.3394 5.1831 -93.2336
5 24 -11.3394 5.4592 -93.2336 -11.3394 5.1831 -93.2336 -12.4749 5.1831 -92.4749 -10 5.1831 -93.5
5 24 -8.6606 5.4592 -93.2336 -8.6606 5.1831 -93.2336 -10 5.1831 -93.5 -7.5251 5.1831 -92.4749
5 24 -7.5251 6.2454 -92.4749 -7.5251 5.1831 -92.4749 -8.6606 5.1831 -93.2336 -6.7664 5.1831 -91.3394
5 24 -6.7664 7.422 -91.3394 -6.7664 5.1831 -91.3394 -7.5251 5.1831 -92.4749 -6.5 8.81 -90
2 24 -4.1989 9.8462 -89 -4.4567 11.1893 -87.7039
2 24 -4.4567 11.1893 -87.7039 -5.7574 13.2064 -85.7574
2 24 -5.7574 13.2064 -85.7574 -7.7039 14.5542 -84.4567
2 24 -7.7039 14.5542 -84.4567 -10 15.0275 -84
2 24 -10 15.0275 -84 -12.2961 14.5542 -84.4567
2 24 -12.2961 14.5542 -84.4567 -14.2426 13.2064 -85.7574
2 24 -14.2426 13.2064 -85.7574 -15.5433 11.1893 -87.7039
2 24 -15.5433 11.1893 -87.7039 -16 8.81 -90
2 24 -16 8.81 -90 -15.5433 6.4306 -92.2961
2 24 -15.5433 6.4306 -92.2961 -14.2426 4.4135 -94.2426
2 24 -14.2426 4.4135 -94.2426 -12.2961 3.0657 -95.5433
2 24 -12.2961 3.0657 -95.5433 -10 2.5925 -96
2 24 -10 2.5925 -96 -7.7039 3.0657 -95.5433
2 24 -7.7039 3.0657 -95.5433 -5.7574 4.4135 -94.2426
2 24 -5.7574 4.4135 -94.2426 -4.4567 6.4306 -92.2961
2 24 -4.4567 6.4306 -92.2961 -4.1989 7.7737 -91
2 24 -6.5 8.81 -90 -6.7664 10.1979 -88.6606
2 24 -6.7664 10.1979 -88.6606 -7.5251 11.3746 -87.5251
2 24 -7.5251 11.3746 -87.5251 -8.6606 12.1608 -86.7664
2 24 -8.6606 12.1608 -86.7664 -10 12.4368 -86.5
2 24 -10 12.4368 -86.5 -11.3394 12.1608 -86.7664
2 24 -11.3394 12.1608 -86.7664 -12.4749 11.3746 -87.5251
2 24 -12.4749 11.3746 -87.5251 -13.2336 10.1979 -88.6606
2 24 -13.2336 10.1979 -88.6606 -13.5 8.81 -90
2 24 -13.5 8.81 -90 -13.2336 7.422 -91.3394
2 24 -13.2336 7.422 -91.3394 -12.4749 6.2454 -92.4749
2 24 -12.4749 6.2454 -92.4749 -11.3394 5.4592 -93.2336
2 24 -11.3394 5.4592 -93.2336 -10 5.1831 -93.5
2 24 -10 5.1831 -93.5 -8.6606 5.4592 -93.2336
2 24 -8.6606 5.4592 -93.2336 -7.5251 6.2454 -92.4749
2 24 -7.5251 6.2454 -92.4749 -6.7664 7.422 -91.3394
2 24 -6.7664 7.422 -91.3394 -6.5 8.81 -90
1 16 -10 3.275 -90 3.5 0 0 0 1 0 0 0 3.5 4-4edge.dat
1 16 -10 3.275 -90 4 0 0 0 1 0 0 0 4 4-4edge.dat
0 // Lower studs
0 // Faces
1 16 -100 4 90 1 0 0 0 -5 0 0 0 1 stud3.dat
1 16 -90 4 80 1 0 0 0 -5 0 0 0 1 stud3.dat
1 16 -70 20 80 1 0 0 0 -1 0 0 0 1 stud3.dat
1 16 -70 20 60 1 0 0 0 -1 0 0 0 1 stud3.dat
1 16 -20 4 -50 1 0 0 0 -5 0 0 0 1 stud3.dat
1 16 -100 20 40 0.382683 0 0.92388 0 -1 0 -0.92388 0 0.382683 2-4stud4.dat
1 16 -80 20 40 0 0 1 0 -1 0 -1 0 0 stud4f1s.dat
1 16 -80 20 40 6 0 0 0 1 0 0 0 6 4-4edge.dat
1 16 -80 20 30 0 0 1.5 0 4 0 -2 0 0 box3u8p.dat
1 16 -80 20 20 0 0 -1 0 -1 0 1 0 0 stud4f2s.dat
1 16 -80 20 20 6 0 0 0 1 0 0 0 6 4-4edge.dat
1 16 -80 20 10 0 0 1.5 0 4 0 -2 0 0 box3u8p.dat
1 16 -80 20 0 0 0 -1 0 -1 0 1 0 0 st4jfil3.dat
0 BFC INVERTNEXT
1 16 -80 20 0 2.2961 0 -5.54328 0 4 0 5.54328 0 2.2961 1-8cyli.dat
1 16 -80 24 0 2.2961 0 -5.54328 0 1 0 5.54328 0 2.2961 1-8edge.dat
1 16 -80 20 0 0.707107 0 0.707107 0 -1 0 -0.707107 0 0.707107 5-16stud4.dat
4 16 -62.2961 24 5.5433 -63.0615 24 7.391 -61 24 7.8011 -60 24 6
3 16 -59 24 7.8011 -60 24 6 -61 24 7.8011
4 16 -60 24 6 -59 24 7.8011 -56.9385 24 7.391 -57.7039 24 5.5433
4 16 -63.0615 20 7.391 -61 20 7.8011 -61 24 7.8011 -63.0615 24 7.391
4 16 -56.9385 24 7.391 -59 24 7.8011 -59 20 7.8011 -56.9385 20 7.391
1 16 -60 20 0 -0.382683 0 -0.92388 0 -1 0 0.92388 0 -0.382683 3-8stud4.dat
0 BFC INVERTNEXT
1 16 -60 20 0 2.2961 0 -5.54328 0 4 0 5.54328 0 2.2961 1-8cyli.dat
1 16 -60 24 0 2.2961 0 -5.54328 0 1 0 5.54328 0 2.2961 1-8edge.dat
1 16 -60 20 0 0.382683 0 0.92388 0 -1 0 -0.92388 0 0.382683 3-8stud4.dat
0 BFC INVERTNEXT
1 16 -60 20 0 -2.2961 0 5.54328 0 4 0 -5.54328 0 -2.2961 1-8cyli.dat
1 16 -60 20 0 0 0 1 0 -1 0 -1 0 0 st4jfil3.dat
1 16 -60 24 0 -2.2961 0 5.54328 0 1 0 -5.54328 0 -2.2961 1-8edge.dat
1 16 -60 20 -10 0 0 1.5 0 4 0 -2 0 0 box3u8p.dat
1 16 -60 20 -20 -0.382683 0 -0.92388 0 -1 0 0.92388 0 -0.382683 1-8stud4.dat
1 16 -60 20 -20 0 0 -1 0 -1 0 1 0 0 st4jfil3.dat
0 BFC INVERTNEXT
1 16 -60 20 -20 2.2961 0 -5.54328 0 4 0 5.54328 0 2.2961 1-8cylo.dat
1 16 -60 20 -20 0.382683 0 0.92388 0 -1 0 -0.92388 0 0.382683 3-8stud4.dat
1 16 -60 20 -20 -0.382683 0 0.92388 0 -1 0 -0.92388 0 -0.382683 1-8stud4.dat
0 BFC INVERTNEXT
1 16 -60 20 -20 -5.54328 0 -2.2961 0 4 0 2.2961 0 -5.54328 1-4cylo.dat
1 16 -80 20 0 2.2961 0 -5.54328 0 1 0 5.54328 0 2.2961 1-8edge.dat
1 16 -60 20 0 2.2961 0 -5.54328 0 1 0 5.54328 0 2.2961 1-8edge.dat
1 16 -60 20 0 -2.2961 0 5.54328 0 1 0 -5.54328 0 -2.2961 1-8edge.dat
4 16 -63.0615 24 -27.391 -64.03 24 -26.7439 -64.2426 24 -24.2426 -62.2961 24 -25.5433
4 16 -65.5433 24 -22.2961 -64.2426 24 -24.2426 -64.03 24 -26.7439 -67.6923 24 -21.2504
3 16 -66 24 -20 -65.5433 24 -22.2961 -67.6923 24 -21.2504
4 16 -66 24 -20 -68 24 -20 -67.391 24 -16.9385 -65.5433 24 -17.7039
4 16 -64.03 24 -26.7439 -63.0615 24 -27.391 -63.0615 20 -27.391 -64.03 20 -26.7439
4 16 -67.6923 24 -21.2504 -64.03 24 -26.7439 -64.03 20 -26.7439 -67.6923 20 -21.2504
4 16 -67.391 24 -16.9385 -68 24 -20 -68 20 -20 -67.391 20 -16.9385
0 // Edges
2 24 -63.0615 24 7.391 -61 24 7.8011
2 24 -59 24 7.8011 -56.9385 24 7.391
2 24 -63.0615 20 7.391 -61 20 7.8011
2 24 -59 20 7.8011 -56.9385 20 7.391
2 24 -64.2426 24 -24.2426 -62.2961 24 -25.5433
2 24 -65.5433 24 -22.2961 -64.2426 24 -24.2426
2 24 -66 24 -20 -65.5433 24 -22.2961
2 24 -65.5433 24 -17.7039 -66 24 -20
2 24 -63.0615 24 -27.391 -64.03 24 -26.7439
2 24 -64.03 24 -26.7439 -67.6923 24 -21.2504
2 24 -64.2426 20 -24.2426 -62.2961 20 -25.5433
2 24 -65.5433 20 -22.2961 -64.2426 20 -24.2426
2 24 -66 20 -20 -65.5433 20 -22.2961
2 24 -65.5433 20 -17.7039 -66 20 -20
2 24 -63.0615 20 -27.391 -64.03 20 -26.7439
2 24 -64.03 20 -26.7439 -67.6923 20 -21.2504
2 24 -68 20 -20 -67.391 20 -16.9385
2 24 -68 24 -20 -67.391 24 -16.9385
2 24 -64.03 24 -26.7439 -64.03 20 -26.7439
