0 ~Hook Holder Half for Plate  2 x  4
0 Name: s\509s01.dat
0 Author: Gerald Lasser [GeraldLasser]
0 !LDRAW_ORG Unofficial_Subpart
0 !LICENSE Redistributable under CCAL version 2.0 : see CAreadme.txt

0 BFC CERTIFY CCW

0 !HISTORY 2017-08-21 [GeraldLasser] Subfiled for increased accuracy

0 // top surface
1 16 0 0 -30 0 0 -6 0 1 0 6 0 0 48\1-4ndis.dat
1 16 0 0 -30 -6 0 0 0 1 0 0 0 -6 48\1-6ndis.dat
1 16 0 0 -30 0 0 -6 0 1 0 6 0 0 48\5-12edge.dat
1 16 0 0 -20 -20 0 0 0 1 0 0 0 -20 48\5-24chrd.dat
4 16 -3 0 -35.196 -6 0 -36 -5.176 0 -39.318 -3.9018 0 -39.6157
3 16 -20 0 -20 -5.176 0 -39.318 -6 0 -36
3 16 -20 0 -20 -6 0 -36 -6 0 -24
2 24 -3 0 -35.196 -3.902 0 -39.616
2 24 -3.902 0 -39.616 -5.176 0 -39.318

0 // middle surface
1 16 0 4 -20 -16 0 0 0 -1 0 0 0 -16 48\1-6chrd.dat
1 16 0 4 -30 0 0 -8 0 -1 0 8 0 0 48\1-4ndis.dat
1 16 0 4 -30 -8 0 0 0 -1 0 0 0 -8 48\1-8ndis.dat
1 16 0 4 -30 0 0 -8 0 1 0 8 0 0 48\1-4edge.dat
1 16 0 4 -30 -8 0 0 0 1 0 0 0 -8 48\1-8edge.dat
3 16 -8 4 -22 -8 4 -33.856 -16 4 -20

0 // bottom surface
1 16 0 8.75 -30 0 0 -2 .1875 -1 0 2 0 0 48\1-4ring3.dat
1 16 0 8.75 -30 -2 0 0 0 -1 -.1875 0 0 -2 48\1-6ring3.dat
3 16 -4 8.1005 -36.928 -3 8.262875 -35.196 -3.412621 8.073319 -37.217934
1 16 0 8.75 -30 -8 0 0 0 1 0.75 0 0 8 48\1-4edge.dat
1 16 0 8.75 -30 -8 0 0 0 1 -0.75 0 0 -8 48\1-6edge.dat
2 24 -3.412621 8.073319 -37.217934 -4 8.1005 -36.928
2 24 -3.412621 8.073319 -37.217934 -3 8.262875 -35.196
1 16 0 8.75 -30 0 0 -6 .5625 1 0 6 0 0 48\5-12edge.dat

4 16 -5.17602141 8 -39.31815641 -4.454376 8 -36.624804 -4 8 -36.928 -3.902 8 -39.616
3 16 -4 8 -36.928 -3.412621 8 -37.217934 -3.902 8 -39.616
1 16 0 8 -20 -2.828427 0 2.828427 0 -1 0 -2.828427 0 -2.828427 48\1-12ring4.dat
1 16 0 8 -20 -4 0 0 0 -1 0 0 0 -4 48\1-8ring4.dat
2 24 -6.544822 8 -34.574239 -6.3472 8 -34.8704
1 16 0 8 -30 -6.346827 0 4.870091 0 1 0 -4.870091 0 -6.346827 48\1-16edge.dat
2 24 -4 8 -36.92841 -3.41262 8 -37.21793

0 // inner hole
0 BFC INVERTNEXT
1 16 0 8.75 -30 0 0 -6 0 .5625 0 -6 0 0 48\1-4cyls2.dat
0 BFC INVERTNEXT
1 16 0 0 -30 0 0 -6 0 8.75 0 6 0 0 48\1-4cyli.dat
0 BFC INVERTNEXT
1 16 0 8.75 -30 -6 0 0 0 -1 -.5625 0 0 -6 48\1-6cyli.dat
0 BFC INVERTNEXT
1 16 0 8 -30 -6 0 0 0 -8 0 0 0 -6 48\1-6cyli.dat

0 // inner surface
1 16 -7.2723885 6 -34.2151535 0 -1 .7276115 -2 0 0 0 0 -.3591535 rect3.dat
0 BFC INVERTNEXT
1 16 0 4 -20 -16 0 0 0 4 0 0 0 -16 48\1-6cylo.dat
1 16 0 8.75 -30 0 0 -8 0 .75 0 -8 0 0 48\1-4cyls2.dat
1 16 0 4 -30 0 0 -8 0 4.75 0 8 0 0 48\1-4cyli.dat
1 16 0 7.75 -30 -8 0 0 0 1 -.75 0 0 -8 48\1-6cyli.dat
1 16 0 4 -30 -8 0 0 0 4 0 0 0 -8 48\1-6cyli.dat
4 16 -4 8 -36.928 -4 8.1005 -36.928 -3.412621 8.073319 -37.217934 -3.412621 8 -37.217934
5 24 -7.99992 8 -33.8559 -8 4 -33.856 -9.73997 8 -32.69285 -6.54478 8 -34.57431

0 // outer surface
4 16 -3.412621 8 -37.217934 -3.412621 8.073319 -37.217934 -3 8.262875 -35.196 -3 0 -35.196
4 16 -3.902 8 -39.616 -3.412621 8 -37.217934 -3 0 -35.196 -3.902 0 -39.616
1 16 -4.539 4 -39.467 0 1 .637 -4 0 0 0 0 -.149 rect3.dat
1 16 0 0 -20 -20 0 0 0 8 0 0 0 -20 48\5-24cylo.dat

2 24 -3.412621 8.073319 -37.217934 -3.412621 8 -37.217934
2 24 -3.412621 8 -37.217934 -3.902 8 -39.616
2 24 -3 8.262875 -35.196 -3 0 -35.196

5 24 -5.176 0 -39.318 -5.176 8 -39.318 -3.902 0 -39.616 -7.654 0 -38.478
