0 ~Propellor 24 Blade 10 Diameter with Case - Peghole Spoke Inner
0 Name: s\53983s03.dat
0 Author: Santeri Piippo [arezey]
0 !LDRAW_ORG Unofficial_Subpart
0 !LICENSE Redistributable under CCAL version 2.0 : see CAreadme.txt

0 BFC CERTIFY CCW

0 !HISTORY 2008-11-02 [mikeheide] Original submission to LDraw Parts Tracker
0 !HISTORY 2018-02-07 [arezey] Complete rewrite

2 24 -9.5 80 9 -9.5 65.2561 9
1 16 0 0 -30 -17.0821 0 63.751 63.751 0 17.0821 0 -39 0 48\1-12edge.dat
2 24 17.082 63.751 9 9.5 65.2561 9
2 24 9.5 65.2561 9 9.5 65.2561 -10
2 24 9.5 80 -10 9.5 65.2561 -10
2 24 9.5 80 9 9.5 65.2561 9
4 16 9.5 80 9 9.5 65.2561 9 9.5 65.2561 -10 9.5 80 -10
4 16 0 71 -10 9 71 -10 8.613 65.4324 -10 0 66 -10
3 16 9 71 -10 9.5 65.2561 -10 8.613 65.4324 -10
2 24 8.613 65.4324 -10 9.5 65.2561 -10
1 16 0 0 -10 -8.61472 0 65.4353 65.4353 0 8.61472 0 -39 0 48\1-24edge.dat
2 24 -8.613 65.4324 -10 -9.5 65.2561 -10
2 24 -9.5 65.2561 9 -9.5 65.2561 -10
4 16 -9.5 80 9 -9.5 80 -10 -9.5 65.2561 -10 -9.5 65.2561 9
4 16 -9.5 80 -10 -9 80 -10 -9 71 -10 -9.5 65.2561 -10
4 16 0 71 -10 0 66 -10 -8.613 65.4324 -10 -9 71 -10
3 16 -9 71 -10 -8.613 65.4324 -10 -9.5 65.2561 -10
2 24 -9.5 80 -10 -9.5 65.2561 -10
1 16 0 80 -10 9 0 0 0 0 -9 0 1 0 2-4ndis.dat
5 24 0 66 -30 0 66 -10 8.6154 65.4369 -30 -8.613 65.4324 -10
5 24 8.6154 65.4369 -30 8.613 65.4324 -10 17.0824 63.7494 -30 0 66 -10
4 16 8.6154 65.4369 -30 0 66 -30 0 66 -10 8.613 65.4324 -10
4 16 17.0824 63.7494 -30 8.6154 65.4369 -30 8.613 65.4324 -10 9.5 65.2561 -10
4 16 17.0824 63.7494 -30 9.5 65.2561 -10 9.5 65.2561 9 17.082 63.751 9
5 24 -8.6157 65.432 -30 -8.613 65.4324 -10 0 66 -30 -9.5 65.2561 -10
4 16 -17.0821 63.751 -30 -17.082 63.751 9 -9.5 65.2561 9 -9.5 65.2561 -10
4 16 -8.6157 65.432 -30 -17.0821 63.751 -30 -9.5 65.2561 -10 -8.613 65.4324 -10
4 16 0 66 -30 -8.6157 65.432 -30 -8.613 65.4324 -10 0 66 -10
1 16 0 0 9 -44.5477 0 44.5477 44.5477 0 44.5477 0 1 0 48\1-4edge.dat
1 16 0 0 9 -2.12132 0 2.12132 2.12132 0 2.12132 0 -1 0 48\1-4ring21.dat
4 16 -9.5 65.2561 9 -9 71 9 -9 80 9 -9.5 80 9
4 16 9.5 65.2561 9 9.5 80 9 9 80 9 9 71 9
1 16 0 0 9 -46.669 0 46.6689 46.6689 0 46.669 0 -39 0 48\1-12cylo.dat
1 16 0 80 0 -1 0 0 0 0 1 0 1 0 connhole.dat
1 16 0 0 9 17.082 0 63.751 63.751 0 -17.082 0 -39 0 48\1-12cylo.dat
1 16 0 80 9 -9 0 0 0 0 -9 0 -1 0 1-8ndis.dat
1 16 0 80 9 9 0 0 0 0 -9 0 -1 0 1-8ndis.dat
2 24 6.364 73.636 9 6.364 66 9
2 24 -6.364 73.636 9 -6.364 66 9
4 16 9.5 65.2561 9 9 71 9 6.364 73.636 9 6.364 67.25 9
4 16 9.5 65.2561 9 6.364 67.25 9 6.364 66 9 8.6151 65.4393 9
3 16 8.6151 65.4393 9 5.114 66 9 0 66 9
4 16 6.364 66 -6.5 3.4442 71.6848 -6.5 0 71 -6.5 -6.364 66 -6.5
3 16 6.364 66 -6.5 6.364 73.636 -6.5 3.4442 71.6848 -6.5
3 16 -6.364 66 -6.5 0 71 -6.5 -3.4442 71.6848 -6.5
3 16 -6.364 66 -6.5 -3.4442 71.6848 -6.5 -6.3639 73.6361 -6.5
4 16 6.364 73.636 9 6.364 73.636 -6.5 6.364 66 -6.5 6.364 66 9
2 24 -6.364 73.636 -6.5 -6.364 73.636 9
2 24 6.364 73.636 -6.5 6.364 73.636 9
2 24 6.364 73.636 -6.5 6.364 66 -6.5
2 24 6.364 66 -6.5 -6.364 66 -6.5
2 24 -6.364 73.636 -6.5 -6.364 66 -6.5
1 16 0 80 9 9 0 0 0 0 -9 0 -1 0 1-8edge.dat
1 16 0 80 9 -6.36396 0 -6.36396 -6.36396 0 6.36396 0 -1 0 1-8edge.dat
1 16 0 80 10 6.36396 0 -6.36396 -6.36396 0 -6.36396 0 -16.5 0 1-4cyli.dat
1 16 0 80 -6.5 6.36396 0 -6.36396 -6.36396 0 -6.36396 0 -16.5 0 1-4edge.dat
4 16 9.5 80 -10 9.5 65.2561 -10 9 71 -10 9 80 -10
2 24 -17.082 63.751 9 -9.5 65.2561 9
3 16 8.6151 65.4393 9 6.364 66 9 5.114 66 9
2 24 6.364 66 9 -6.364 66 9
4 16 6.364 66 9 6.364 66 -6.5 -6.364 66 -6.5 -6.364 66 9
4 16 -6.364 73.636 9 -6.364 66 9 -6.364 66 -6.5 -6.364 73.636 -6.5
4 16 -9.5 65.2561 9 -6.364 67.25 9 -6.364 73.636 9 -9 71 9
3 16 -8.6151 65.4393 9 -5.114 66 9 -6.364 66 9
4 16 -9.5 65.2561 9 -8.6151 65.4393 9 -6.364 66 9 -6.364 67.25 9
3 16 -8.6151 65.4393 9 0 66 9 -5.114 66 9
2 24 6.364 66 9 6.364 66 -6.5
2 24 -6.364 66 -6.5 -6.364 66 9
1 16 0 80 10 9 0 -4.44089e-16 -4.44089e-16 0 -9 0 -1 0 1-8cyli.dat
1 16 0 80 10 -6.36396 0 -6.36396 -6.36396 0 6.36396 0 -1 0 1-8cyli.dat
1 16 0 80 10 9 0 -5.51091e-16 -5.51091e-16 0 -9 0 -1 0 2-4edge.dat
