0 ~Propellor 24 Blade 10 Diameter with Case - Outer Quarter
0 Name: s\53983s01.dat
0 Author: Santeri Piippo [arezey]
0 !LDRAW_ORG Unofficial_Subpart
0 !LICENSE Redistributable under CCAL version 2.0 : see CAreadme.txt

0 BFC CERTIFY CCW

0 !HISTORY 2008-11-02 [mikeheide] Original submission to LDraw Parts Tracker
0 !HISTORY 2018-02-07 [arezey] Complete rewrite

1 16 0 0 9 0 0 100 100 0 0 0 -18 0 48\1-4cylo.dat
1 16 0 0 -30 0 0 94 94 0 0 0 1 0 48\1-4edge.dat
1 16 0 0 -30 0 0 2 2 0 0 0 1 0 48\1-4ring47.dat
1 16 0 0 -30 0 0 1 1 0 0 0 1 0 48\1-4ring96.dat
1 16 0 0 -23 0 0 1 1 0 0 0 -7 0 48\1-4con97.dat
1 16 0 0 -9 0 0 2 2 0 0 0 -14 0 48\1-4con49.dat
1 16 0 0 -30 0 0 97 97 0 0 0 1 0 48\1-4edge.dat
0 // outer blades
4 16 96.1658 12.6585 -10 96.1658 12.6585 9 93.6923 25.1036 9 93.6923 25.1036 -10
4 16 92.6217 28.2619 -10.6941 93.6923 25.1036 -10 93.6923 25.1036 9 89.6183 37.1219 9
3 16 89.6183 37.1219 9 89.6183 37.1219 -15.7419 92.6217 28.2619 -10.6941
4 16 87.3714 41.6739 -18.5 89.6183 37.1219 -15.7419 89.6183 37.1219 9 84.002 48.5 -10
3 16 89.6183 37.1219 9 84.002 48.5 9 84.002 48.5 -10
4 16 82.1526 51.2716 -10.6938 84.002 48.5 -10 84.002 48.5 9 76.9598 59.0536 9
3 16 76.9598 59.0536 9 76.9598 59.0536 -15.7416 82.1526 51.2716 -10.6938
4 16 73.6102 62.869 -18.5 76.9598 59.0536 -15.7416 76.9598 59.0536 9 68.5887 68.5887 -10
3 16 76.9598 59.0536 9 68.5887 68.5887 9 68.5887 68.5887 -10
4 16 66.0839 70.7877 -10.6936 68.5887 68.5887 -10 68.5887 68.5887 9 59.0536 76.9598 9
3 16 59.0536 76.9598 9 59.0536 76.9598 -15.7414 66.0839 70.7877 -10.6936
4 16 54.8301 79.7781 -18.5 59.0536 76.9598 -15.7414 59.0536 76.9598 9 48.5 84.002 -10
3 16 59.0536 76.9598 9 48.5 84.002 9 48.5 84.002 -10
4 16 45.5097 85.478 -10.694 48.5 84.002 -10 48.5 84.002 9 37.1219 89.6183 9
3 16 37.1219 89.6183 9 37.1219 89.6183 -15.7411 45.5097 85.478 -10.694
4 16 32.3128 91.2485 -18.5 37.1219 89.6183 -15.7411 37.1219 89.6183 9 25.1036 93.6923 9
3 16 25.1036 93.6923 9 25.1036 93.6923 -14.6767 32.3128 91.2485 -18.5
4 16 19 94.9054 -10 25.1036 93.6923 -14.6767 25.1036 93.6923 9 12.6585 96.1658 9
3 16 12.6585 96.1658 9 12.6585 96.1658 -10 19 94.9054 -10
5 24 96.1658 12.6585 9 96.1658 12.6585 -10 96.3739 9.5 -10 93.6923 25.1036 9
5 24 93.6923 25.1036 9 93.6923 25.1036 -10 96.1658 12.6585 -10 92.6217 28.2619 -10.6941
5 24 89.6183 37.1219 9 89.6183 37.1219 -15.7419 92.6217 28.2619 -10.6941 87.3714 41.6739 -18.5
5 24 84.002 48.5 -10 84.002 48.5 9 89.6183 37.1219 9 82.1526 51.2716 -10.6938
5 24 76.9598 59.0536 9 76.9598 59.0536 -15.7416 82.1526 51.2716 -10.6938 73.6102 62.869 -18.5
5 24 68.5887 68.5887 -10 68.5887 68.5887 9 76.9598 59.0536 9 66.0839 70.7877 -10.6936
5 24 59.0536 76.9598 9 59.0536 76.9598 -15.7414 66.0839 70.7877 -10.6936 54.8301 79.7781 -18.5
5 24 48.5 84.002 -10 48.5 84.002 9 59.0536 76.9598 9 45.5097 85.478 -10.694
5 24 37.1219 89.6183 9 37.1219 89.6183 -15.7411 45.5097 85.478 -10.694 32.3128 91.2485 -18.5
5 24 25.1036 93.6923 9 25.1036 93.6923 -14.6767 32.3128 91.2485 -18.5 19 94.9054 -10
5 24 12.6585 96.1658 9 12.6585 96.1658 -10 19 94.9054 -10 9.5 96.3739 -10
4 16 9.5 96.3739 -10 12.6585 96.1658 -10 12.6585 96.1658 9 9.5 96.3739 9
4 16 96.3739 9.5 -10 96.3739 9.5 9 96.1658 12.6585 9 96.1658 12.6585 -10
3 16 90.303 25.7773 -11.3539 85.7569 38.1814 -20.4518 86.8466 35.9738 -18.5908
5 24 85.7569 38.1814 -20.4518 73.7639 31.9458 -19.1061 90.303 25.7773 -11.3539 60.2123 26.8083 -18.9499
3 16 72.955 59.0777 -20.452 74.5796 57.2272 -18.5906 80.5556 48.2715 -11.3536
5 24 72.955 59.0777 -20.452 61.8811 48.9397 -18.957 51.2237 41.4802 -18.9501 80.5556 48.2715 -11.3536
3 16 55.1785 75.9466 -20.452 57.2272 74.5796 -18.5903 65.318 67.4765 -11.3534
5 24 47.4617 63.8459 -19.0229 55.1785 75.9466 -20.452 38.7423 53.3243 -18.9501 65.318 67.4765 -11.3534
3 16 33.6409 87.6374 -20.4517 35.9738 86.8466 -18.5897 45.627 82.0817 -11.3537
5 24 33.6409 87.6374 -20.4517 29.9411 75.9233 -19.2288 45.627 82.0817 -11.3537 23.6202 61.5327 -18.9499
3 16 59.0536 76.9598 -15.7414 54.8301 79.7781 -18.5 53.1343 77.3107 -18.5
4 16 73.6102 62.869 -18.5 71.3336 60.9246 -18.5 82.1526 51.2716 -10.6938 76.9598 59.0536 -15.7416
3 16 84.6692 40.385 -18.5 89.6183 37.1219 -15.7419 87.3714 41.6739 -18.5
2 24 81.2114 21.7605 -10 90.7943 24.3282 -10
2 24 73.1939 32.588 -19.7132 85.7569 38.1814 -20.4518
2 24 71.3172 41.175 -10 81.4045 46.9989 -10
2 24 61.0324 49.4231 -19.628 72.955 59.0777 -20.452
2 24 60.5438 60.5438 -10 66.4674 66.4674 -10
2 24 46.4089 63.8763 -19.6507 55.1785 75.9466 -20.452
2 24 41.5845 72.0265 -10 46.9989 81.4045 -10
2 24 29.1421 75.9177 -19.7775 33.6409 87.6374 -20.4517
2 0 81.4045 46.9989 -10 81.404 47 -10.0011
2 24 80.0086 23.6996 -9.56436 92.8762 27.5112 -9.9175
2 24 70.0219 42.9095 -9.52956 82.5923 50.6126 -9.9175
2 24 58.5076 61.6542 -9.60519 66.6791 70.2652 -9.9176
2 24 39.6945 73.1083 -9.55762 46.2203 85.1273 -9.9175
5 24 80.8697 22.3112 -9.67742 90.7943 24.3282 -10 92.8762 27.5112 -9.9175 63.7494 17.0808 -10
4 16 93.6923 25.1036 -10 90.7943 24.3282 -10 93.1916 12.267 -10 96.1658 12.6585 -10
3 16 90.7943 24.3282 -10 93.6923 25.1036 -10 92.8762 27.5112 -9.9175
4 16 96.3739 9.5 -10 96.1658 12.6585 -10 93.1916 12.267 -10 93.3739 9.5 -10
5 0 90.7943 24.3282 -10 92.8762 27.5112 -9.9175 63.1941 18.719 -9.1029 93.6923 25.1036 -10
5 0 93.6923 25.1036 -10 90.7943 24.3282 -10 93.1916 12.267 -10 92.8762 27.5112 -9.9175
2 24 59.0669 50.4479 -18.5 71.3336 60.9246 -18.5
2 24 71.4455 34.0777 -18.5 84.6692 40.385 -18.5
2 24 43.9498 63.9473 -18.5 53.1343 77.3107 -18.5
2 24 26.8782 75.9016 -18.5 31.3134 88.4264 -18.5
3 16 81.4045 46.9989 -10 87.3714 41.6739 -18.5 84.002 48.5 -10
3 16 84.6692 40.385 -18.5 87.3714 41.6739 -18.5 81.4045 46.9989 -10
5 0 81.4045 46.9989 -10 87.3714 41.6739 -18.5 84.002 48.5 -10 84.6692 40.385 -18.5
2 0 87.3714 41.6739 -18.5 84.6692 40.385 -18.5
3 16 68.5887 68.5887 -10 66.4674 66.4674 -10 73.6102 62.869 -18.5
3 16 66.4674 66.4674 -10 71.3336 60.9246 -18.5 73.6102 62.869 -18.5
5 0 73.6102 62.869 -18.5 66.4674 66.4674 -10 68.5887 68.5887 -10 71.3336 60.9246 -18.5
3 16 66.6791 70.2652 -9.9176 66.4674 66.4674 -10 68.5887 68.5887 -10
5 24 66.4674 66.4674 -10 60.0647 60.8051 -9.72775 66.6791 70.2652 -9.9176 46.6686 46.6686 -10
3 16 48.5 84.002 -10 46.9989 81.4045 -10 54.8301 79.7781 -18.5
3 16 46.9989 81.4045 -10 53.1343 77.3107 -18.5 54.8301 79.7781 -18.5
5 0 54.8301 79.7781 -18.5 46.9989 81.4045 -10 48.5 84.002 -10 53.1343 77.3107 -18.5
3 16 46.2203 85.1273 -9.9175 46.9989 81.4045 -10 48.5 84.002 -10
5 24 46.9989 81.4045 -10 41.0076 72.3567 -9.65435 46.2203 85.1273 -9.9175 33 57.156 -10
5 24 81.4045 46.9989 -10 70.8833 41.756 -9.62557 82.5923 50.6126 -9.9175 57.156 33 -10
3 16 81.4045 46.9989 -10 84.002 48.5 -10 82.5923 50.6126 -9.9175
2 0 96.3739 9.5 -10 96.1658 12.6585 -10
2 0 96.1658 12.6585 -10 93.6923 25.1036 -10
2 0 93.6923 25.1036 -10 92.8762 27.5112 -9.9175
2 0 92.6217 28.2619 -10.6941 92.8762 27.5112 -9.9175
2 0 92.6217 28.2619 -10.6941 89.6183 37.1219 -15.7419
2 0 89.6183 37.1219 -15.7419 87.3714 41.6739 -18.5
2 0 87.3714 41.6739 -18.5 84.002 48.5 -10
2 0 84.002 48.5 -10 82.5923 50.6126 -9.9175
2 0 82.1526 51.2716 -10.6938 82.5923 50.6126 -9.9175
2 0 82.1526 51.2716 -10.6938 76.9598 59.0536 -15.7416
2 0 76.9598 59.0536 -15.7416 73.6102 62.869 -18.5
2 0 73.6102 62.869 -18.5 68.5887 68.5887 -10
2 0 68.5887 68.5887 -10 66.6791 70.2652 -9.9176
2 0 66.0839 70.7877 -10.6936 66.6791 70.2652 -9.9176
2 0 66.0839 70.7877 -10.6936 59.0536 76.9598 -15.7414
2 0 59.0536 76.9598 -15.7414 54.8301 79.7781 -18.5
2 0 54.8301 79.7781 -18.5 48.5 84.002 -10
2 0 48.5 84.002 -10 46.2203 85.1273 -9.9175
2 0 45.5097 85.478 -10.694 46.2203 85.1273 -9.9175
2 0 45.5097 85.478 -10.694 37.1219 89.6183 -15.7411
2 0 37.1219 89.6183 -15.7411 32.3128 91.2485 -18.5
2 0 25.1036 93.6923 -14.6767 32.3128 91.2485 -18.5
2 0 19 94.9054 -10 25.1036 93.6923 -14.6767
2 0 12.6585 96.1658 -10 19 94.9054 -10
2 0 9.5 96.3739 -10 12.6585 96.1658 -10
3 16 32.3128 91.2485 -18.5 31.3134 88.4264 -18.5 37.1219 89.6183 -15.7411
3 16 45.5097 85.478 -10.694 37.1219 89.6183 -15.7411 31.3134 88.4264 -18.5
4 16 35.095 75.1218 -14.15 45.5097 85.478 -10.694 31.3134 88.4264 -18.5 34.5938 75.3281 -14.4441
3 16 31.3134 88.4264 -18.5 26.8782 75.9016 -18.5 30.0078 75.9238 -16.901
3 16 31.3134 88.4264 -18.5 30.0078 75.9238 -16.901 34.5938 75.3281 -14.4441
3 16 24.3272 90.7946 -14.6767 31.3134 88.4264 -18.5 32.3128 91.2485 -18.5
3 16 25.1036 93.6923 -14.6767 24.3272 90.7946 -14.6767 32.3128 91.2485 -18.5
3 16 18.4124 91.9702 -10 24.3272 90.7946 -14.6767 25.1036 93.6923 -14.6767
3 16 19 94.9054 -10 18.4124 91.9702 -10 25.1036 93.6923 -14.6767
4 16 19 94.9054 -10 12.6585 96.1658 -10 12.267 93.1916 -10 18.4124 91.9702 -10
4 16 12.6585 96.1658 -10 9.5 96.3739 -10 9.5 93.3933 -10 12.267 93.1916 -10
5 0 32.3128 91.2485 -18.5 24.3272 90.7946 -14.6767 31.3134 88.4264 -18.5 25.1036 93.6923 -14.6767
5 0 24.3272 90.7946 -14.6767 25.1036 93.6923 -14.6767 32.3128 91.2485 -18.5 18.4124 91.9702 -10
5 0 25.1036 93.6923 -14.6767 18.4124 91.9702 -10 24.3272 90.7946 -14.6767 19 94.9054 -10
5 0 18.4124 91.9702 -10 19 94.9054 -10 25.1036 93.6923 -14.6767 12.267 93.1916 -10
5 24 72.2431 33.4869 -18.7286 84.6692 40.385 -18.5 85.7569 38.1814 -20.4518 59.4486 28.3555 -18.5
5 24 60.0293 49.9944 -18.753 71.3336 60.9246 -18.5 72.955 59.0777 -20.452 50.0853 42.7769 -18.5
5 24 45.0963 63.9142 -18.7514 53.1343 77.3107 -18.5 55.1785 75.9466 -20.452 37.307 54.282 -18.5
5 24 27.7323 75.9077 -18.7094 31.3134 88.4264 -18.5 33.6409 87.6374 -20.4517 21.986 62.0866 -18.5
2 0 93.3933 9.5 -10 94 0 -10
2 0 93.1916 12.267 -10 93.3739 9.5 -10
2 0 90.7943 24.3282 -10 93.1916 12.267 -10
2 0 90.7943 24.3282 -10 90.303 25.7773 -11.3539
2 0 90.303 25.7773 -11.3539 86.8466 35.9738 -18.5908
2 0 86.8466 35.9738 -18.5908 85.7569 38.1814 -20.4518
2 0 85.7569 38.1814 -20.4518 84.6692 40.385 -18.5
2 0 81.4045 46.9989 -10 84.6692 40.385 -18.5
2 0 80.5556 48.2715 -11.3536 81.404 47 -10.0011
2 0 80.5556 48.2715 -11.3536 74.5796 57.2272 -18.5906
2 0 72.955 59.0777 -20.452 74.5796 57.2272 -18.5906
2 0 72.955 59.0777 -20.452 71.3336 60.9246 -18.5
2 0 66.4674 66.4674 -10 71.3336 60.9246 -18.5
2 0 65.318 67.4765 -11.3534 66.4674 66.4674 -10
2 0 57.2272 74.5796 -18.5903 65.318 67.4765 -11.3534
2 0 57.2272 74.5796 -18.5903 55.1785 75.9466 -20.452
2 0 55.1785 75.9466 -20.452 53.1343 77.3107 -18.5
2 0 46.9989 81.4045 -10 53.1343 77.3107 -18.5
2 0 46.9989 81.4045 -10 45.627 82.0817 -11.3537
2 0 45.627 82.0817 -11.3537 35.9738 86.8466 -18.5897
2 0 35.9738 86.8466 -18.5897 33.6409 87.6374 -20.4517
2 0 33.6409 87.6374 -20.4517 31.3134 88.4264 -18.5
2 0 24.3272 90.7946 -14.6767 31.3134 88.4264 -18.5
2 0 18.4124 91.9702 -10 24.3272 90.7946 -14.6767
2 0 12.267 93.1916 -10 18.4124 91.9702 -10
2 0 9.5 93.3933 -10 12.267 93.1916 -10
2 0 0 94 -10 9.5 93.3933 -10
4 16 93.3739 9.5 -10 93.1916 12.267 -30 94 0 -30 94 0 -10
3 16 93.1916 12.267 -10 93.1916 12.267 -30 93.3739 9.5 -10
4 16 93.1916 12.267 -10 90.7943 24.3282 -10 90.7946 24.3272 -30 93.1916 12.267 -30
3 16 90.303 25.7773 -11.3539 90.7946 24.3272 -30 90.7943 24.3282 -10
4 16 86.8466 35.9738 -18.5908 86.8466 35.9738 -30 90.7946 24.3272 -30 90.303 25.7773 -11.3539
3 16 85.7569 38.1814 -20.4518 86.8466 35.9738 -30 86.8466 35.9738 -18.5908
4 16 84.6692 40.385 -18.5 81.404 47 -30 86.8466 35.9738 -30 85.7569 38.1814 -20.4518
3 16 81.404 47 -10.0011 81.404 47 -30 84.6692 40.385 -18.5
3 16 80.5556 48.2715 -11.3536 81.404 47 -30 81.404 47 -10.0011
4 16 74.5796 57.2272 -18.5906 74.5796 57.2272 -30 81.404 47 -30 80.5556 48.2715 -11.3536
3 16 72.955 59.0777 -20.452 74.5796 57.2272 -30 74.5796 57.2272 -18.5906
4 16 71.3336 60.9246 -18.5 66.4674 66.4674 -30 74.5796 57.2272 -30 72.955 59.0777 -20.452
3 16 66.4674 66.4674 -10 66.4674 66.4674 -30 71.3336 60.9246 -18.5
3 16 65.318 67.4765 -11.3534 66.4674 66.4674 -30 66.4674 66.4674 -10
4 16 57.2272 74.5796 -18.5903 57.2272 74.5796 -30 66.4674 66.4674 -30 65.318 67.4765 -11.3534
3 16 55.1785 75.9466 -20.452 57.2272 74.5796 -30 57.2272 74.5796 -18.5903
4 16 53.1343 77.3107 -18.5 47 81.404 -30 57.2272 74.5796 -30 55.1785 75.9466 -20.452
3 16 46.9989 81.4045 -10 47 81.404 -30 53.1343 77.3107 -18.5
3 16 45.627 82.0817 -11.3537 47 81.404 -30 46.9989 81.4045 -10
4 16 35.9738 86.8466 -18.5897 35.9738 86.8466 -30 47 81.404 -30 45.627 82.0817 -11.3537
3 16 33.6409 87.6374 -20.4517 35.9738 86.8466 -30 35.9738 86.8466 -18.5897
4 16 31.3134 88.4264 -18.5 24.3272 90.7946 -30 35.9738 86.8466 -30 33.6409 87.6374 -20.4517
3 16 24.3272 90.7946 -14.6767 24.3272 90.7946 -30 31.3134 88.4264 -18.5
4 16 18.4124 91.9702 -10 12.267 93.1916 -30 24.3272 90.7946 -30 24.3272 90.7946 -14.6767
3 16 12.267 93.1916 -10 12.267 93.1916 -30 18.4124 91.9702 -10
4 16 9.5 93.3933 -10 0 94 -30 12.267 93.1916 -30 12.267 93.1916 -10
3 16 0 94 -10 0 94 -30 9.5 93.3933 -10
5 0 93.1916 12.267 -10 93.1916 12.267 -30 93.3739 9.5 -10 90.7946 24.3272 -30
5 0 90.7943 24.3282 -10 90.7946 24.3272 -30 93.1916 12.267 -10 90.303 25.7773 -11.3539
5 0 86.8466 35.9738 -30 86.8466 35.9738 -18.5908 90.7946 24.3272 -30 85.7569 38.1814 -20.4518
5 0 81.404 47 -10.0011 81.404 47 -30 84.6692 40.385 -18.5 80.5556 48.2715 -11.3536
5 0 74.5796 57.2272 -30 74.5796 57.2272 -18.5906 81.404 47 -30 72.955 59.0777 -20.452
5 0 66.4674 66.4674 -10 66.4674 66.4674 -30 71.3336 60.9246 -18.5 65.318 67.4765 -11.3534
5 0 57.2272 74.5796 -30 57.2272 74.5796 -18.5903 66.4674 66.4674 -30 55.1785 75.9466 -20.452
5 0 46.9989 81.4045 -10 47 81.404 -30 53.1343 77.3107 -18.5 45.627 82.0817 -11.3537
5 0 35.9738 86.8466 -30 35.9738 86.8466 -18.5897 47 81.404 -30 33.6409 87.6374 -20.4517
5 0 24.3272 90.7946 -14.6767 24.3272 90.7946 -30 31.3134 88.4264 -18.5 18.4124 91.9702 -10
5 0 12.267 93.1916 -10 12.267 93.1916 -30 18.4124 91.9702 -10 9.5 93.3933 -10
5 0 90.303 25.7773 -11.3539 85.7569 38.1814 -20.4518 86.8466 35.9738 -18.5908 60.9619 25.2896 -17.6696
5 24 90.303 25.7773 -11.3539 78.8381 25.5867 -13.8217 85.7569 38.1814 -20.4518 90.7943 24.3282 -10
5 0 80.5556 48.2715 -11.3536 72.955 59.0777 -20.452 74.5796 57.2272 -18.5906 51.2237 41.4802 -18.9501
5 24 80.5556 48.2715 -11.3536 67.9647 44.6724 -14.172 51.2237 41.4802 -18.9501 81.4045 46.9989 -10
5 0 65.318 67.4765 -11.3534 55.1785 75.9466 -20.452 57.2272 74.5796 -18.5903 40.152 52.3837 -17.6691
5 24 65.318 67.4765 -11.3534 56.7458 62.3355 -13.5047 38.7423 53.3243 -18.9501 66.4674 66.4674 -10
5 0 45.627 82.0817 -11.3537 33.6409 87.6374 -20.4517 35.9738 86.8466 -18.5897 25.2241 60.9889 -17.6697
5 24 45.627 82.0817 -11.3537 37.8128 74.0032 -13.7727 33.6409 87.6374 -20.4517 25.2582 60.9774 -17.6384
5 24 77.5784 27.6176 -13.8971 92.6217 28.2619 -10.6941 89.6183 37.1219 -15.7419 60.9774 25.2582 -15.8681
2 0 54.8301 79.7781 -18.5 53.1343 77.3107 -18.5
2 0 73.6102 62.869 -18.5 71.3336 60.9246 -18.5
5 24 66.08 46.2186 -14.2778 82.1526 51.2716 -10.6938 71.3336 60.9246 -18.5 52.3644 40.1808 -15.8681
5 24 54.1824 63.2195 -13.6939 66.0839 70.7877 -10.6936 59.0536 76.9598 -15.7414 40.1808 52.3644 -15.8678
5 24 35.7549 74.8502 -13.7627 45.5097 85.478 -10.694 21.986 62.0866 -18.5 46.2203 85.1273 -9.9175
5 0 84.002 48.5 -10 81.4045 46.9989 -10 84.6692 40.385 -18.5 82.5923 50.6126 -9.9175
5 0 68.5887 68.5887 -10 66.4674 66.4674 -10 73.6102 62.869 -18.5 66.6791 70.2652 -9.9176
5 0 66.6791 70.2652 -9.9176 66.4674 66.4674 -10 68.5887 68.5887 -10 45.3693 47.8093 -9.1029
5 0 48.5 84.002 -10 46.9989 81.4045 -10 54.8301 79.7781 -18.5 46.2203 85.1273 -9.9175
5 0 46.2203 85.1273 -9.9175 46.9989 81.4045 -10 48.5 84.002 -10 31.4489 57.9216 -9.1029
5 0 81.4045 46.9989 -10 82.5923 50.6126 -9.9175 56.1968 34.4375 -9.1029 84.002 48.5 -10
5 0 32.3128 91.2485 -18.5 31.3134 88.4264 -18.5 37.1219 89.6183 -15.7411 24.3272 90.7946 -14.6767
5 0 9.5 93.3933 -10 0 94 -30 12.267 93.1916 -30 0 94 -10
2 0 93.3739 9.5 -10 96.3739 9.5 -10
2 0 9.5 96.3739 -10 9.5 93.3933 -10
4 16 73.7639 31.9458 -19.1061 85.7569 38.1814 -20.4518 90.303 25.7773 -11.3539 77.5156 27.7188 -15.5078
3 16 90.303 25.7773 -11.3539 78.8381 25.5867 -13.8217 77.5156 27.7188 -15.5078
3 16 73.7639 31.9458 -19.1061 73.1939 32.588 -19.7132 85.7569 38.1814 -20.4518
3 16 61.8811 48.9397 -18.957 61.0324 49.4231 -19.628 72.955 59.0777 -20.452
3 16 80.5556 48.2715 -11.3536 67.9647 44.6724 -14.172 64.7656 47.2969 -16.9051
4 16 64.7656 47.2969 -16.9051 61.8811 48.9397 -18.957 72.955 59.0777 -20.452 80.5556 48.2715 -11.3536
3 16 55.1785 75.9466 -20.452 47.4617 63.8459 -19.0229 46.4089 63.8763 -19.6507
4 16 55.1785 75.9466 -20.452 65.318 67.4765 -11.3534 56.7458 62.3355 -13.5047 54.4375 63.1875 -15.0913
3 16 55.1785 75.9466 -20.452 54.4375 63.1875 -15.0913 49.6992 63.7813 -17.8278
3 16 49.6992 63.7813 -17.8278 47.4617 63.8459 -19.0229 55.1785 75.9466 -20.452
4 16 33.6409 87.6374 -20.4517 45.627 82.0817 -11.3537 37.8128 74.0032 -13.7727 34.5938 75.3281 -16.1659
3 16 33.6409 87.6374 -20.4517 34.5938 75.3281 -16.1659 30.0078 75.9238 -19.1876
3 16 30.0078 75.9238 -19.1876 29.9411 75.9233 -19.2288 33.6409 87.6374 -20.4517
3 16 29.9411 75.9233 -19.2288 29.1421 75.9177 -19.7775 33.6409 87.6374 -20.4517
4 16 90.7943 24.3282 -10 79.3982 24.6836 -12.9197 78.8381 25.5867 -13.8217 90.303 25.7773 -11.3539
3 16 81.2114 21.7605 -10 79.3982 24.6836 -12.9197 90.7943 24.3282 -10
4 16 68.7502 44.0279 -13.3288 67.9647 44.6724 -14.172 80.5556 48.2715 -11.3536 81.4045 46.9989 -10
3 16 81.4045 46.9989 -10 71.3172 41.175 -10 69.877 43.1035 -12.1194
3 16 69.877 43.1035 -12.1194 68.7502 44.0279 -13.3288 81.4045 46.9989 -10
4 16 66.4674 66.4674 -10 57.9426 61.8937 -12.4774 56.7458 62.3355 -13.5047 65.318 67.4765 -11.3534
3 16 66.4674 66.4674 -10 60.5438 60.5438 -10 58.332 61.75 -12.1431
3 16 58.332 61.75 -12.1431 57.9426 61.8937 -12.4774 66.4674 66.4674 -10
3 16 46.9989 81.4045 -10 41.5845 72.0265 -10 38.9453 73.5371 -12.6964
3 16 38.9453 73.5371 -12.6964 38.723 73.6286 -12.9077 46.9989 81.4045 -10
4 16 38.723 73.6286 -12.9077 37.8128 74.0032 -13.7727 45.627 82.0817 -11.3537 46.9989 81.4045 -10
4 16 92.6217 28.2619 -10.6941 89.6183 37.1219 -15.7419 73.9971 31.683 -16.7286 77.5156 27.7188 -13.9614
3 16 77.5156 27.7188 -13.9614 77.5784 27.6176 -13.8971 92.6217 28.2619 -10.6941
4 16 78.0374 26.8776 -13.0787 80.0086 23.6996 -9.56436 92.8762 27.5112 -9.9175 92.6217 28.2619 -10.6941
4 16 43.9498 63.9473 -18.5 47.726 63.8383 -16.7755 59.0536 76.9598 -15.7414 53.1343 77.3107 -18.5
4 16 66.08 46.2186 -14.2778 82.1526 51.2716 -10.6938 71.3336 60.9246 -18.5 64.7656 47.2969 -15.1871
3 16 71.3336 60.9246 -18.5 59.0669 50.4479 -18.5 59.584 50.248 -18.2349
3 16 71.3336 60.9246 -18.5 59.584 50.248 -18.2349 64.7656 47.2969 -15.1871
4 16 89.6183 37.1219 -15.7419 84.6692 40.385 -18.5 71.4455 34.0777 -18.5 72.6895 33.1563 -17.7571
3 16 72.6895 33.1563 -17.7571 73.9971 31.683 -16.7286 89.6183 37.1219 -15.7419
3 16 77.5784 27.6176 -13.8971 78.0374 26.8776 -13.0787 92.6217 28.2619 -10.6941
4 16 70.0219 42.9095 -9.52956 82.5923 50.6126 -9.9175 82.1526 51.2716 -10.6938 69.877 43.1035 -9.76568
3 16 82.1526 51.2716 -10.6938 66.8607 45.5781 -13.35 69.877 43.1035 -9.76568
3 16 66.08 46.2186 -14.2778 66.8607 45.5781 -13.35 82.1526 51.2716 -10.6938
3 16 59.0536 76.9598 -15.7414 47.726 63.8383 -16.7755 49.6992 63.7813 -15.8744
4 16 49.6992 63.7813 -15.8744 54.1824 63.2195 -13.6939 66.0839 70.7877 -10.6936 59.0536 76.9598 -15.7414
3 16 66.0839 70.7877 -10.6936 54.1824 63.2195 -13.6939 54.4375 63.1875 -13.4946
3 16 54.4375 63.1875 -13.4946 55.0699 62.9541 -12.8937 66.0839 70.7877 -10.6936
4 16 58.5076 61.6542 -9.60519 66.6791 70.2652 -9.9176 66.0839 70.7877 -10.6936 58.332 61.75 -9.79359
3 16 66.0839 70.7877 -10.6936 55.0699 62.9541 -12.8937 58.332 61.75 -9.79359
3 16 35.7549 74.8502 -13.7627 45.5097 85.478 -10.694 35.095 75.1218 -14.15
4 16 36.8932 74.3817 -12.5648 46.2203 85.1273 -9.9175 45.5097 85.478 -10.694 35.7549 74.8502 -13.7627
3 16 46.2203 85.1273 -9.9175 36.8932 74.3817 -12.5648 38.9453 73.5371 -10.4053
3 16 38.9453 73.5371 -10.4053 39.6945 73.1083 -9.55762 46.2203 85.1273 -9.9175
4 16 90.7943 24.3282 -10 92.8762 27.5112 -9.9175 80.0086 23.6996 -9.56436 80.8697 22.3112 -9.67742
3 16 80.8697 22.3112 -9.67742 81.2115 21.7602 -10 90.7943 24.3282 -10
4 16 60.0647 60.8051 -9.72775 66.4674 66.4674 -10 66.6791 70.2652 -9.9176 58.5076 61.6542 -9.60519
3 16 66.4674 66.4674 -10 60.0647 60.8051 -9.72775 60.5438 60.5438 -10
4 16 41.0076 72.3567 -9.65435 46.9989 81.4045 -10 46.2203 85.1273 -9.9175 39.6945 73.1083 -9.55762
3 16 46.9989 81.4045 -10 41.0076 72.3567 -9.65435 41.5848 72.0263 -10
4 16 70.8833 41.756 -9.62557 81.4045 46.9989 -10 82.5923 50.6126 -9.9175 70.0219 42.9095 -9.52956
3 16 70.8833 41.756 -9.62557 71.317 41.1753 -10 81.4045 46.9989 -10
4 16 72.2431 33.4869 -18.7286 84.6692 40.385 -18.5 85.7569 38.1814 -20.4518 72.6895 33.1563 -19.1266
3 16 85.7569 38.1814 -20.4518 73.1939 32.588 -19.7132 72.6895 33.1563 -19.1266
3 16 71.4455 34.0777 -18.5 84.6692 40.385 -18.5 72.2431 33.4869 -18.7286
4 16 71.3336 60.9246 -18.5 72.955 59.0777 -20.452 61.0324 49.4231 -19.628 60.0293 49.9944 -18.753
3 16 71.3336 60.9246 -18.5 60.0293 49.9944 -18.753 59.584 50.248 -18.6273
3 16 59.584 50.248 -18.6273 59.0669 50.4479 -18.5 71.3336 60.9246 -18.5
4 16 46.4089 63.8763 -19.6507 45.0963 63.9142 -18.7514 53.1343 77.3107 -18.5 55.1785 75.9466 -20.452
3 16 45.0963 63.9142 -18.7514 43.9498 63.9473 -18.5 53.1343 77.3107 -18.5
4 16 27.7323 75.9077 -18.7094 31.3134 88.4264 -18.5 33.6409 87.6374 -20.4517 29.1421 75.9177 -19.7775
3 16 27.7323 75.9077 -18.7094 26.8782 75.9016 -18.5 31.3134 88.4264 -18.5
