0 ~Propellor 24 Blade 10 Diameter with Case - Inner Blade
0 Name: s\53983s02.dat
0 Author: Santeri Piippo [arezey]
0 !LDRAW_ORG Unofficial_Subpart
0 !LICENSE Redistributable under CCAL version 2.0 : see CAreadme.txt

0 BFC CERTIFY CCW

0 !HISTORY 2008-11-02 [mikeheide] Original submission to LDraw Parts Tracker
0 !HISTORY 2018-02-07 [arezey] Complete rewrite

2 24 6.157 18.7757 -0.223 3.25 19.3536 5.2375
2 24 3.25 19.3536 5.2375 0 19.9998 5.2727
2 24 -0.3479 19.9306 2.7691 0 19.9998 5.2727
2 24 5.8313 18.8404 -2.7294 2.9115 19.4209 2.7382
2 24 0 19.9998 2.7726 -0.3479 19.9306 2.7691
2 24 2.9115 19.4209 2.7382 0 19.9998 2.7726
2 24 11.5388 15.8818 -5.4366 11.6245 15.8245 -5.2279
2 24 11.6245 15.8245 -5.2279 11.8241 15.6911 -2.9435
2 24 11.5388 15.8818 -5.4366 8.8345 17.689 -5.3833
2 24 7.6537 18.4781 -4.3069 5.8313 18.8404 -2.7294
2 24 8.8345 17.689 -5.3833 7.6537 18.4781 -4.3069
2 24 11.8241 15.6911 -2.9435 9.1176 17.4998 -2.8664
2 24 7.6537 18.4781 -1.5202 6.157 18.7757 -0.223
2 24 9.1176 17.4998 -2.8664 7.6537 18.4781 -1.5202
2 24 -0.3479 19.9306 2.7691 -1.0461 59.9314 4.9513
2 24 2.9115 19.4209 2.7382 2.2057 59.856 4.9441
2 24 11.5388 15.8818 -5.4366 35.2172 48.4723 -22.2827
5 24 2.7876 59.8182 3.8563 5.8313 18.8404 -2.7294 38.5157 58.5415 -26.5 2.9877 15.0544 2.5
5 24 8.8345 17.689 -5.3833 32.5131 50.2797 -22.2294 41.1449 56.6311 -26.5 2.0278 70.0461 5.5
4 16 2.9115 19.4209 2.7382 2.2057 59.856 4.9441 2.7876 59.8182 3.8563 5.8313 18.8404 -2.7294
4 16 0 59.9994 4.954 2.2057 59.856 4.9441 2.9115 19.4209 2.7382 0 19.9998 2.7726
3 16 0 19.9998 2.7726 -0.976 59.936 4.9515 0 59.9994 4.954
4 16 0 19.9998 2.7726 -0.3479 19.9306 2.7691 -1.0461 59.9314 4.9513 -0.976 59.936 4.9515
4 16 32.5131 50.2797 -22.2294 35.2172 48.4723 -22.2827 11.5388 15.8818 -5.4366 8.8345 17.689 -5.3833
4 16 22.9612 55.4343 -13.6427 29.9997 51.9596 -19.9383 32.2743 50.4393 -22.0118 7.6537 18.4781 -4.3069
4 16 7.6537 18.4781 -4.3069 5.8313 18.8404 -2.7294 2.7876 59.8182 3.8563 7.8319 59.4903 -0.4441
4 16 7.8319 59.4903 -0.4441 15.5281 57.9545 -7.1065 22.9612 55.4343 -13.6427 7.6537 18.4781 -4.3069
4 16 32.2743 50.4393 -22.0118 32.5131 50.2797 -22.2294 8.8345 17.689 -5.3833 7.6537 18.4781 -4.3069
2 24 0 62.9994 7.6182 0 19.9998 5.2727
2 24 3.25 62.7881 7.6066 3.25 19.3536 5.2375
5 24 6.157 18.7757 -0.223 3.6608 62.7614 6.838 39.5315 57.8604 -24 3.25 15 5
5 24 35.186 52.0937 -20.9804 9.1176 17.4998 -2.8664 9.0272 11.9796 -1 3.25 70 8
4 16 3.25 62.7881 7.6066 3.25 19.3536 5.2375 6.157 18.7757 -0.223 3.6608 62.7614 6.838
4 16 3.25 19.3536 5.2375 3.25 62.7881 7.6066 0 62.9994 7.6182 0 19.9998 5.2727
4 16 9.1176 17.4998 -2.8664 11.8241 15.6911 -2.9435 37.8923 50.2848 -21.0574 35.186 52.0937 -20.9804
4 16 31.4997 54.5576 -17.5906 24.1092 58.206 -10.9398 16.3045 60.8522 -4.0523 8.2235 62.4648 2.9522
4 16 8.2235 62.4648 2.9522 3.8699 62.7478 6.6599 7.6537 18.4781 -1.5202 9.1176 17.4998 -2.8664
4 16 9.1176 17.4998 -2.8664 35.186 52.0937 -20.9804 31.4997 54.5576 -17.5906 8.2235 62.4648 2.9522
4 16 6.157 18.7757 -0.223 7.6537 18.4781 -1.5202 3.8699 62.7478 6.6599 3.6608 62.7614 6.838
1 16 0 0 9 -8.22315 0 62.461 62.461 0 8.22315 0 1 0 48\1-8edge.dat
1 16 0 0 -49 -7.83157 0 59.4867 59.4867 0 7.83157 0 1 0 48\1-8edge.dat
2 24 37.8923 50.2848 -21.0574 35.186 52.0937 -20.9804
2 24 35.186 52.0937 -20.9804 31.4997 54.5576 -17.5906
2 24 31.4997 54.5576 -17.5906 24.1092 58.206 -10.9398
2 24 24.1092 58.206 -10.9398 16.3045 60.8522 -4.0523
2 24 16.3045 60.8522 -4.0523 8.2235 62.4648 2.9522
2 24 8.2235 62.4648 2.9522 3.6608 62.7614 6.838
2 24 3.6608 62.7614 6.838 3.25 62.7881 7.6066
2 24 3.25 62.7881 7.6066 0 62.9994 7.6182
4 16 35.186 52.0937 -20.9804 37.8923 50.2848 -21.0574 38.3516 49.9808 9 31.502 54.5628 9
3 16 35.186 52.0937 -20.9804 31.502 54.5628 9 31.4997 54.5576 -17.5906
4 16 24.1092 58.206 -10.9398 31.4997 54.5576 -17.5906 31.502 54.5628 9 24.1093 58.2028 9
4 16 16.3045 60.8522 -4.0523 24.1092 58.206 -10.9398 24.1093 58.2028 9 16.3065 60.8547 9
4 16 8.2235 62.4648 2.9522 16.3045 60.8522 -4.0523 16.3065 60.8547 9 8.2222 62.4593 9
4 16 3.6608 62.7614 6.838 8.2235 62.4648 2.9522 8.2222 62.4593 9 3.25 62.7881 7.6066
3 16 -0.0013 62.997 9 3.6608 62.7614 6.838 3.25 62.7881 7.6066
4 16 -0.0013 62.997 9 0 62.9994 7.6182 3.25 62.7881 7.6066 8.2222 62.4593 9
4 16 0 62.9994 7.6182 -0.0013 62.997 9 -8.2232 62.461 9 -8.7628 62.3506 -21.0574
5 24 -8.7628 62.3506 -21.0574 -8.2231 62.4604 9 -11.9555 61.7161 -20.9804 0 62.9994 7.6182
5 24 31.502 54.5628 9 31.4997 54.5576 -17.5906 35.186 52.0937 -20.9804 24.1092 58.206 -10.9398
5 24 24.1092 58.206 -10.9398 24.1093 58.2028 9 31.502 54.5628 9 16.3045 60.8522 -4.0523
5 24 16.3045 60.8522 -4.0523 16.3065 60.8547 9 24.1093 58.2028 9 8.2235 62.4648 2.9522
5 24 8.2235 62.4648 2.9522 8.2222 62.4593 9 16.3065 60.8547 9 3.6608 62.7614 6.838
5 24 -0.0013 62.997 9 0 62.9994 7.6182 3.25 62.7881 7.6066 -8.2232 62.461 9
2 24 -8.7628 62.3506 -21.0574 0 62.9994 7.6182
2 24 -8.3267 59.2476 -19.747 -9.3728 59.1774 -22.2827
2 24 -1.0461 59.9314 4.9513 -8.3267 59.2476 -19.747
2 24 0 59.9994 4.954 -1.0461 59.9314 4.9513
2 24 2.2057 59.856 4.9441 0 59.9994 4.954
2 24 2.7876 59.8182 3.8563 2.2057 59.856 4.9441
2 24 7.8319 59.4903 -0.4441 2.7876 59.8182 3.8563
2 24 15.5281 57.9545 -7.1065 7.8319 59.4903 -0.4441
2 24 22.9612 55.4343 -13.6427 15.5281 57.9545 -7.1065
2 24 29.9997 51.9596 -19.9383 22.9612 55.4343 -13.6427
2 24 32.5131 50.2797 -22.2294 29.9997 51.9596 -19.9383
2 24 35.2172 48.4723 -22.2827 32.5131 50.2797 -22.2294
2 24 37.8923 50.2848 -21.0574 11.8241 15.6911 -2.9435
3 16 0 19.9998 5.2727 0 62.9994 7.6182 -1.0461 59.9314 4.9513
3 16 0 19.9998 5.2727 -1.0461 59.9314 4.9513 -0.3479 19.9306 2.7691
5 24 -1.0461 59.9314 4.9513 0 19.9998 5.2727 0 62.9994 7.6182 -0.3479 19.9306 2.7691
3 16 -1.0461 59.9314 4.9513 0 62.9994 7.6182 -8.7628 62.3506 -21.0574
3 16 -1.0461 59.9314 4.9513 -8.7628 62.3506 -21.0574 -8.3267 59.2476 -19.747
5 24 -8.7628 62.3506 -21.0574 -1.0461 59.9314 4.9513 0 62.9994 7.6182 -8.3267 59.2476 -19.747
5 24 0 62.9994 7.6182 -1.0461 59.9314 4.9513 -0.3479 19.9306 2.7691 -8.7628 62.3506 -21.0574
3 16 35.2172 48.4723 -22.2827 37.8923 50.2848 -21.0574 11.8241 15.6911 -2.9435
3 16 35.2172 48.4723 -22.2827 11.8241 15.6911 -2.9435 11.5388 15.8818 -5.4366
5 24 35.2172 48.4723 -22.2827 11.8241 15.6911 -2.9435 37.8923 50.2848 -21.0574 11.5388 15.8818 -5.4366
4 16 35.2172 48.4723 -22.2827 32.5131 50.2797 -22.2294 30.0019 51.9646 -49 36.5253 47.6007 -49
3 16 30.0019 51.9646 -49 32.5131 50.2797 -22.2294 29.9997 51.9596 -19.9383
4 16 29.9997 51.9596 -19.9383 22.9612 55.4343 -13.6427 22.9612 55.4313 -49 30.0019 51.9646 -49
4 16 22.9612 55.4343 -13.6427 15.5281 57.9545 -7.1065 15.53 57.9569 -49 22.9612 55.4313 -49
4 16 15.5281 57.9545 -7.1065 7.8319 59.4903 -0.4441 7.8306 59.485 -49 15.53 57.9569 -49
4 16 7.8319 59.4903 -0.4441 2.7876 59.8182 3.8563 -0.0012 59.9971 -49 7.8306 59.485 -49
4 16 2.7876 59.8182 3.8563 2.2057 59.856 4.9441 0 59.9994 4.954 -0.0012 59.9971 -49
4 16 0 59.9994 4.954 -1.0461 59.9314 4.9513 -7.8316 59.4867 -49 -0.0012 59.9971 -49
3 16 -7.8316 59.4867 -49 -1.0461 59.9314 4.9513 -8.3267 59.2476 -19.747
3 16 -7.8316 59.4867 -49 -8.3267 59.2476 -19.747 -9.3728 59.1774 -22.2827
5 24 29.9997 51.9596 -19.9383 30.0019 51.9646 -49 32.5131 50.2797 -22.2294 22.9612 55.4313 -49
5 24 22.9612 55.4343 -13.6427 22.9612 55.4313 -49 29.9997 51.9596 -19.9383 15.53 57.9569 -49
5 24 15.5281 57.9545 -7.1065 15.53 57.9569 -49 22.9612 55.4343 -13.6427 7.8306 59.485 -49
5 24 7.8319 59.4903 -0.4441 7.8306 59.485 -49 15.5281 57.9545 -7.1065 -0.0012 59.9971 -49
5 24 0 59.9994 4.954 -0.0012 59.9971 -49 2.7876 59.8182 3.8563 -7.8316 59.4867 -49
5 24 -1.0461 59.9314 4.9513 -7.8316 59.4867 -49 0 59.9994 4.954 -8.3267 59.2476 -19.747
5 24 -8.3267 59.2476 -19.747 -7.8316 59.4867 -49 -1.0461 59.9314 4.9513 -9.3728 59.1774 -22.2827
5 24 -9.3728 59.1774 -22.2827 -7.8316 59.4867 -49 -8.3267 59.2476 -19.747 -15.53 57.9591 -49
1 16 2.5 58 8.2 2.5 0 0 0 0 2.5 0 -4 0 4-4edge.dat
1 16 2.5 58 8.2 2.5 0 0 0 0 2.5 0 -4 0 4-4disc.dat
1 16 2.5 58 8.2 2.5 0 0 0 0 2.5 0 -1 0 4-4cyli.dat
1 16 2.5 58 7.2 -2.5 0 0 0 0 -2.5 0 -1.1 0 4-4cyls.dat
2 24 3.45675 60.3097 7.08531 3.25 60.3508 7.47366
2 24 3.45675 55.6903 6.83334 3.25 55.6492 7.21721
2 24 4.03997 56.0801 5.76545 3.45675 55.6903 6.83334
2 24 3.81346 60.0713 6.40616 3.45675 60.3097 7.08531
2 24 2.5 60.5 7.48181 3.25 60.3508 7.47366
2 24 1.54325 60.3097 7.47146 2.5 60.5 7.48181
2 24 0.73225 59.7677 7.44191 1.54325 60.3097 7.47146
2 24 0.19025 58.9567 7.39769 0.73225 59.7677 7.44191
2 24 0.73225 56.2323 7.24908 0.19025 57.0433 7.29331
2 24 0.73225 56.2323 7.24908 1.54325 55.6903 7.21949
2 24 1.54325 55.6903 7.21949 2.5 55.5 7.20909
2 24 2.5 55.5 7.20909 3.25 55.6492 7.21721
2 24 0 58 7.3455 0.19025 58.9567 7.39769
2 24 0.19025 57.0433 7.29331 0 58 7.3455
2 24 4.26775 56.2323 5.59025 4.80975 57.0433 5.22396
2 24 4.80975 57.0433 5.22396 5 58 5.17107
2 24 5 58 5.17107 4.80975 58.9567 5.43944
2 24 4.80975 58.9567 5.43944 4.26775 59.7677 5.98839
2 24 3.81346 60.0713 6.40616 4.26775 59.7677 5.98839
2 24 4.03997 56.0801 5.76545 4.26775 56.2323 5.59025
