0 ~Propellor 24 Blade 10 Diameter with Case - Inner Quarter
0 Name: s\53983s04.dat
0 Author: Santeri Piippo [arezey]
0 !LDRAW_ORG Unofficial_Subpart
0 !LICENSE Redistributable under CCAL version 2.0 : see CAreadme.txt

0 BFC CERTIFY CCW

0 !HISTORY 2008-11-02 [mikeheide] Original submission to LDraw Parts Tracker
0 !HISTORY 2018-02-07 [arezey] Complete rewrite

1 16 0 0 -30 0 0 2 2 0 0 0 -19 0 48\1-4con32.dat
1 16 0 0 -49 0 0 64 64 0 0 0 1 0 48\1-4edge.dat
1 16 0 0 -49 0 0 60 60 0 0 0 1 0 48\1-4edge.dat
1 16 0 0 -49 0 0 4 4 0 0 0 1 0 48\1-4ring15.dat
1 16 0 0 10 0 0 9 9 0 0 0 -13 0 1-4cylo.dat
0 BFC INVERTNEXT
1 16 0 0 0 0 0 9 9 0 0 0 -3 0 1-4con1.dat
1 16 0 0 9 0 0 1 1 0 0 0 -1 0 1-4rin17.dat
1 16 0 0 9 0 0 2 2 0 0 0 -1 0 1-4ring9.dat
1 16 0 0 -6 0 0 2 2 0 0 0 -1.5 0 1-4con9.dat
1 16 0 0 9 0 0 20 20 0 0 0 -15 0 1-4cylo.dat
1 16 0 0 -7.5 0 0 4.5 4.5 0 0 0 -1.5 0 1-4con3.dat
1 16 0 0 -9 0 0 4.5 4.5 0 0 0 -1 0 1-4con2.dat
0 BFC INVERTNEXT
1 16 0 0 9 15.7059 0 6.5056 6.5056 0 -15.7059 0 -9.33333 0 1-16cylo.dat
1 16 12.0208 12.0208 9 1.14805 0 -2.77164 -2.77164 0 -1.14805 0 -11 0 3-8cyli.dat
4 16 13.6556 9.57437 -0.3333 13.6556 9.57437 9 13.1689 9.2491 9 13.1689 9.2491 -0.5323
1 16 12.0208 12.0208 9 1.14805 0 -2.77164 -2.77164 0 -1.14805 0 -1 0 3-8edge.dat
1 16 12.0208 12.0208 9 1.14805 0 -2.77164 -2.77164 0 -1.14805 0 -1 0 3-8chrd.dat
2 24 15.7063 6.50588 9 13.6556 9.57437 9
2 24 13.6556 9.57437 9 13.1689 9.2491 9
0 BFC INVERTNEXT
1 16 0 0 9 -2.66454e-15 0 17 17 0 2.66454e-15 0 -9.33333 0 1-16cylo.dat
4 16 6.50588 15.7063 9 6.50588 15.7063 -0.3333 9.57437 13.6556 -0.3333 9.57437 13.6556 9
2 24 6.50588 15.7063 9 9.57437 13.6556 9
4 16 9.2491 13.1689 9 9.57437 13.6556 9 9.57437 13.6556 -0.3333 9.2491 13.1689 -0.5323
2 24 9.0207 12.0208 -0.8998 9.24924 13.1689 -0.5323
2 24 9.2491 13.1689 -0.5323 9.57437 13.6556 -0.3333
2 24 9.8995 9.8995 -1.3333 9.24917 10.8728 -1.1811
2 24 9.24917 10.8728 -1.1811 9.0207 12.0208 -0.8998
2 24 13.6556 9.57437 9 13.6556 9.57437 -0.333
4 16 15.7063 6.50588 9 13.6556 9.57437 9 13.6556 9.57437 -0.3333 15.7063 6.50588 -0.3333
2 24 13.1689 9.2491 -0.5323 13.6556 9.57437 -0.3333
2 24 12.0208 9.0207 -0.8998 13.1688 9.24917 -0.5323
2 24 12.0208 9.0207 -0.8998 10.8728 9.24917 -1.1811
2 24 10.8728 9.24917 -1.1811 9.8995 9.8995 -1.3333
2 24 9.2491 13.1689 9 9.57437 13.6556 9
2 24 15.7063 6.50588 -0.3333 13.6556 9.57437 -0.3333
2 24 9.57437 13.6556 9 9.57437 13.6556 -0.333
2 24 6.50588 15.7063 -0.3333 9.57437 13.6556 -0.3333
4 16 13.1689 9.2491 9 13.6556 9.57437 9 12.0207 12.0207 9 9.2491 13.1689 9
3 16 9.2491 13.1689 9 12.0207 12.0207 9 9.57437 13.6556 9
2 0 60.9619 25.2896 -17.6696 60.2123 26.8083 -18.9499
2 0 60.9774 25.2582 -17.6392 60.9619 25.2896 -17.6696
2 0 63.7491 17.0815 -10 60.9774 25.2582 -17.6392
2 0 60.1806 26.8724 -17.6014 59.4486 28.3555 -18.5
2 0 60.1806 26.8724 -17.6014 60.9774 25.2582 -15.8681
2 0 60.9774 25.2582 -15.8681 63.1941 18.719 -9.1029
2 0 63.1941 18.719 -9.1029 63.7494 17.0808 -10
2 0 60.2123 26.8083 -18.9499 59.4486 28.3555 -18.5
2 0 51.2237 41.4802 -18.9501 52.3417 40.2066 -17.6691
2 0 52.3644 40.1808 -17.6392 57.156 33 -10.0007
2 0 57.1564 32.9992 -10 57.156 33 -10.0007
2 0 52.3417 40.2066 -17.6691 52.3644 40.1808 -17.6392
2 0 51.177 41.5333 -17.601 50.0853 42.7769 -18.5
2 0 51.177 41.5333 -17.601 52.3644 40.1808 -15.8681
2 0 52.3644 40.1808 -15.8681 56.1968 34.4375 -9.1029
2 0 56.1968 34.4375 -9.1029 57.156 33 -10
2 0 51.2237 41.4802 -18.9501 50.0853 42.7769 -18.5
2 0 40.152 52.3837 -17.6691 38.7423 53.3243 -18.9501
2 0 40.1808 52.3644 -17.639 46.6686 46.6686 -10
2 0 40.152 52.3837 -17.6691 40.1808 52.3644 -17.639
2 0 38.6834 53.3636 -17.601 37.307 54.282 -18.5
2 0 38.6834 53.3636 -17.601 40.1808 52.3644 -15.8678
2 0 40.1808 52.3644 -15.8678 45.3693 47.8093 -9.1029
2 0 45.3693 47.8093 -9.1029 46.6686 46.6686 -10
2 0 38.7423 53.3243 -18.9501 37.307 54.282 -18.5
2 0 25.2241 60.9889 -17.6697 23.6202 61.5327 -18.9499
2 0 32.9992 57.1564 -10 25.2582 60.9774 -17.6384
2 0 25.2582 60.9774 -17.6384 25.2241 60.9889 -17.6697
2 0 23.5523 61.5557 -17.6015 21.986 62.0866 -18.5
2 0 23.5523 61.5557 -17.6015 25.2582 60.9774 -15.8671
2 0 25.2582 60.9774 -15.8671 31.4489 57.9216 -9.1029
2 0 31.4489 57.9216 -9.1029 33 57.156 -10
2 0 23.6202 61.5327 -18.9499 21.986 62.0866 -18.5
0 // Peghole holder
5 24 73.7639 31.9458 -19.1061 60.9619 25.2896 -17.6696 90.303 25.7773 -11.3539 60.2123 26.8083 -18.9499
5 24 61.8811 48.9397 -18.957 52.3417 40.2066 -17.6691 51.2237 41.4802 -18.9501 80.5556 48.2715 -11.3536
5 24 40.152 52.3837 -17.6691 47.4617 63.8459 -19.0229 38.7423 53.3243 -18.9501 65.318 67.4765 -11.3534
5 24 29.9411 75.9233 -19.2288 25.2241 60.9889 -17.6697 45.627 82.0817 -11.3537 23.6202 61.5327 -18.9499
2 24 63.7491 17.0815 -10 81.2114 21.7605 -10
2 24 60.2123 26.8083 -18.9499 73.1939 32.588 -19.7132
2 24 57.1564 32.9992 -10 71.3172 41.175 -10
2 24 51.2237 41.4802 -18.9501 61.0324 49.4231 -19.628
2 24 46.6686 46.6686 -10 60.5438 60.5438 -10
2 24 38.7423 53.3243 -18.9501 46.4089 63.8763 -19.6507
2 24 32.9992 57.1564 -10 41.5845 72.0265 -10
2 24 23.6202 61.5327 -18.9499 29.1421 75.9177 -19.7775
2 24 63.1941 18.719 -9.1029 80.0086 23.6996 -9.56436
2 24 56.1968 34.4375 -9.1029 70.0219 42.9095 -9.52956
2 24 45.3693 47.8093 -9.1029 58.5076 61.6542 -9.60519
2 24 31.4489 57.9216 -9.1029 39.6945 73.1083 -9.55762
5 24 63.1941 18.719 -9.1029 80.8697 22.3112 -9.67742 92.8762 27.5112 -9.9175 63.7494 17.0808 -10
2 24 50.0853 42.7769 -18.5 59.0669 50.4479 -18.5
2 24 59.4486 28.3555 -18.5 71.4455 34.0777 -18.5
2 24 37.307 54.282 -18.5 43.9498 63.9473 -18.5
2 24 21.986 62.0866 -18.5 26.8782 75.9016 -18.5
5 24 60.0647 60.8051 -9.72775 45.3693 47.8093 -9.1029 66.6791 70.2652 -9.9176 46.6686 46.6686 -10
5 24 41.0076 72.3567 -9.65435 31.4489 57.9216 -9.1029 46.2203 85.1273 -9.9175 33 57.156 -10
5 24 70.8833 41.756 -9.62557 56.1968 34.4375 -9.1029 82.5923 50.6126 -9.9175 57.156 33 -10
4 16 35.095 75.1218 -14.15 34.5938 75.3281 -14.4441 30.0078 75.9238 -16.901 26.8782 75.9016 -18.5
3 16 26.8782 75.9016 -18.5 21.986 62.0866 -18.5 35.095 75.1218 -14.15
5 24 60.2123 26.8083 -18.9499 72.2431 33.4869 -18.7286 85.7569 38.1814 -20.4518 59.4486 28.3555 -18.5
5 24 51.2237 41.4802 -18.9501 60.0293 49.9944 -18.753 72.955 59.0777 -20.452 50.0853 42.7769 -18.5
5 24 38.7423 53.3243 -18.9501 45.0963 63.9142 -18.7514 55.1785 75.9466 -20.452 37.307 54.282 -18.5
5 24 23.6202 61.5327 -18.9499 27.7323 75.9077 -18.7094 33.6409 87.6374 -20.4517 21.986 62.0866 -18.5
5 24 78.8381 25.5867 -13.8217 60.9619 25.2896 -17.6696 85.7569 38.1814 -20.4518 90.7943 24.3282 -10
5 24 67.9647 44.6724 -14.172 52.3417 40.2066 -17.6691 51.2237 41.4802 -18.9501 81.4045 46.9989 -10
5 24 56.7458 62.3355 -13.5047 40.152 52.3837 -17.6691 38.7423 53.3243 -18.9501 66.4674 66.4674 -10
5 24 37.8128 74.0032 -13.7727 25.2241 60.9889 -17.6697 33.6409 87.6374 -20.4517 25.2582 60.9774 -17.6384
5 24 60.1806 26.8724 -17.6014 77.5784 27.6176 -13.8971 89.6183 37.1219 -15.7419 60.9774 25.2582 -15.8681
5 24 51.177 41.5333 -17.601 66.08 46.2186 -14.2778 71.3336 60.9246 -18.5 52.3644 40.1808 -15.8681
5 24 38.6834 53.3636 -17.601 54.1824 63.2195 -13.6939 59.0536 76.9598 -15.7414 40.1808 52.3644 -15.8678
5 24 23.5523 61.5557 -17.6015 35.7549 74.8502 -13.7627 21.986 62.0866 -18.5 46.2203 85.1273 -9.9175
4 16 73.7639 31.9458 -19.1061 77.5156 27.7188 -15.5078 78.8381 25.5867 -13.8217 60.9619 25.2896 -17.6696
4 16 73.1939 32.588 -19.7132 73.7639 31.9458 -19.1061 60.9619 25.2896 -17.6696 60.2123 26.8083 -18.9499
4 16 61.8811 48.9397 -18.957 52.3417 40.2066 -17.6691 51.2237 41.4802 -18.9501 61.0324 49.4231 -19.628
4 16 64.7656 47.2969 -16.9051 67.9647 44.6724 -14.172 52.3417 40.2066 -17.6691 61.8811 48.9397 -18.957
4 16 38.7423 53.3243 -18.9501 46.4089 63.8763 -19.6507 47.4617 63.8459 -19.0229 40.152 52.3837 -17.6691
4 16 47.4617 63.8459 -19.0229 49.6992 63.7813 -17.8278 54.4375 63.1875 -15.0913 56.7458 62.3355 -13.5047
3 16 56.7458 62.3355 -13.5047 40.152 52.3837 -17.6691 47.4617 63.8459 -19.0229
4 16 30.0078 75.9238 -19.1876 34.5938 75.3281 -16.1659 37.8128 74.0032 -13.7727 25.2241 60.9889 -17.6697
3 16 25.2241 60.9889 -17.6697 29.9411 75.9233 -19.2288 30.0078 75.9238 -19.1876
4 16 29.9411 75.9233 -19.2288 25.2241 60.9889 -17.6697 23.6202 61.5327 -18.9499 29.1421 75.9177 -19.7775
4 16 79.3982 24.6836 -12.9197 60.9774 25.2582 -17.6392 60.9619 25.2896 -17.6696 78.8381 25.5867 -13.8217
4 16 60.9774 25.2582 -17.6392 79.3982 24.6836 -12.9197 81.2114 21.7605 -10 63.7491 17.0815 -10
4 16 52.3644 40.1808 -17.6392 52.3417 40.2066 -17.6691 67.9647 44.6724 -14.172 68.7502 44.0279 -13.3288
4 16 68.7502 44.0279 -13.3288 69.877 43.1035 -12.1194 71.3172 41.175 -10 57.1564 32.9992 -10
3 16 57.1564 32.9992 -10 52.3644 40.1808 -17.6392 68.7502 44.0279 -13.3288
4 16 56.7458 62.3355 -13.5047 57.9426 61.8937 -12.4774 40.1808 52.3644 -17.639 40.152 52.3837 -17.6691
4 16 57.9426 61.8937 -12.4774 58.332 61.75 -12.1431 60.5438 60.5438 -10 46.6686 46.6686 -10
3 16 46.6686 46.6686 -10 40.1808 52.3644 -17.639 57.9426 61.8937 -12.4774
4 16 41.5845 72.0265 -10 32.9992 57.1564 -10 25.2582 60.9774 -17.6384 38.723 73.6286 -12.9077
3 16 38.723 73.6286 -12.9077 38.9453 73.5371 -12.6964 41.5845 72.0265 -10
4 16 38.723 73.6286 -12.9077 25.2582 60.9774 -17.6384 25.2241 60.9889 -17.6697 37.8128 74.0032 -13.7727
4 16 77.5156 27.7188 -13.9614 73.9971 31.683 -16.7286 60.1806 26.8724 -17.6014 77.5784 27.6176 -13.8971
4 16 60.9774 25.2582 -15.8681 63.1941 18.719 -9.1029 80.0086 23.6996 -9.56436 78.0374 26.8776 -13.0787
4 16 43.9498 63.9473 -18.5 37.307 54.282 -18.5 38.6834 53.3636 -17.601 47.726 63.8383 -16.7755
4 16 64.7656 47.2969 -15.1871 59.584 50.248 -18.2349 59.0669 50.4479 -18.5 50.0853 42.7769 -18.5
4 16 50.0853 42.7769 -18.5 51.177 41.5333 -17.601 66.08 46.2186 -14.2778 64.7656 47.2969 -15.1871
4 16 71.4455 34.0777 -18.5 59.4486 28.3555 -18.5 60.1806 26.8724 -17.6014 73.9971 31.683 -16.7286
3 16 73.9971 31.683 -16.7286 72.6895 33.1563 -17.7571 71.4455 34.0777 -18.5
4 16 60.1806 26.8724 -17.6014 60.9774 25.2582 -15.8681 78.0374 26.8776 -13.0787 77.5784 27.6176 -13.8971
4 16 56.1968 34.4375 -9.1029 70.0219 42.9095 -9.52956 69.877 43.1035 -9.76568 66.8607 45.5781 -13.35
3 16 66.8607 45.5781 -13.35 52.3644 40.1808 -15.8681 56.1968 34.4375 -9.1029
4 16 66.8607 45.5781 -13.35 66.08 46.2186 -14.2778 51.177 41.5333 -17.601 52.3644 40.1808 -15.8681
4 16 38.6834 53.3636 -17.601 54.1824 63.2195 -13.6939 49.6992 63.7813 -15.8744 47.726 63.8383 -16.7755
4 16 38.6834 53.3636 -17.601 40.1808 52.3644 -15.8678 55.0699 62.9541 -12.8937 54.4375 63.1875 -13.4946
3 16 54.4375 63.1875 -13.4946 54.1824 63.2195 -13.6939 38.6834 53.3636 -17.601
4 16 45.3693 47.8093 -9.1029 58.5076 61.6542 -9.60519 58.332 61.75 -9.79359 55.0699 62.9541 -12.8937
3 16 55.0699 62.9541 -12.8937 40.1808 52.3644 -15.8678 45.3693 47.8093 -9.1029
4 16 35.095 75.1218 -14.15 21.986 62.0866 -18.5 23.5523 61.5557 -17.6015 35.7549 74.8502 -13.7627
4 16 35.7549 74.8502 -13.7627 23.5523 61.5557 -17.6015 25.2582 60.9774 -15.8671 36.8932 74.3817 -12.5648
4 16 31.4489 57.9216 -9.1029 39.6945 73.1083 -9.55762 38.9453 73.5371 -10.4053 36.8932 74.3817 -12.5648
3 16 36.8932 74.3817 -12.5648 25.2582 60.9774 -15.8671 31.4489 57.9216 -9.1029
3 16 80.0086 23.6996 -9.56436 63.1941 18.719 -9.1029 80.8697 22.3112 -9.67742
4 16 80.8697 22.3112 -9.67742 63.1941 18.719 -9.1029 63.7494 17.0808 -10 81.2115 21.7602 -10
3 16 60.0647 60.8051 -9.72775 58.5076 61.6542 -9.60519 45.3693 47.8093 -9.1029
4 16 60.0647 60.8051 -9.72775 45.3693 47.8093 -9.1029 46.6686 46.6686 -10 60.5438 60.5438 -10
3 16 41.0076 72.3567 -9.65435 39.6945 73.1083 -9.55762 31.4489 57.9216 -9.1029
4 16 41.0076 72.3567 -9.65435 31.4489 57.9216 -9.1029 33 57.156 -10 41.5848 72.0263 -10
3 16 70.8833 41.756 -9.62557 70.0219 42.9095 -9.52956 56.1968 34.4375 -9.1029
4 16 56.1968 34.4375 -9.1029 57.156 33 -10 71.317 41.1753 -10 70.8833 41.756 -9.62557
4 16 72.6895 33.1563 -19.1266 73.1939 32.588 -19.7132 60.2123 26.8083 -18.9499 72.2431 33.4869 -18.7286
4 16 72.2431 33.4869 -18.7286 60.2123 26.8083 -18.9499 59.4486 28.3555 -18.5 71.4455 34.0777 -18.5
3 16 51.2237 41.4802 -18.9501 60.0293 49.9944 -18.753 61.0324 49.4231 -19.628
4 16 59.0669 50.4479 -18.5 59.584 50.248 -18.6273 60.0293 49.9944 -18.753 51.2237 41.4802 -18.9501
3 16 51.2237 41.4802 -18.9501 50.0853 42.7769 -18.5 59.0669 50.4479 -18.5
3 16 38.7423 53.3243 -18.9501 45.0963 63.9142 -18.7514 46.4089 63.8763 -19.6507
4 16 43.9498 63.9473 -18.5 45.0963 63.9142 -18.7514 38.7423 53.3243 -18.9501 37.307 54.282 -18.5
3 16 27.7323 75.9077 -18.7094 29.1421 75.9177 -19.7775 23.6202 61.5327 -18.9499
4 16 23.6202 61.5327 -18.9499 21.986 62.0866 -18.5 26.8782 75.9016 -18.5 27.7323 75.9077 -18.7094
1 16 0 0 0 0.70711 0.70711 0 -0.70711 0.70711 0 0 0 1 s\53983s02.dat
1 16 0 0 0 1 0 0 0 1 0 0 0 1 s\53983s02.dat
5 24 0 18 -7.5 6.8886 16.6302 -7.5 7.654 18.478 -6 0 13.5 -9
5 24 6.8886 16.6302 -7.5 12.7278 12.7278 -7.5 14.142 14.142 -6 5.1664 12.4726 -9
5 24 12.7278 12.7278 -7.5 16.6302 6.8886 -7.5 18.478 7.654 -6 9.5459 9.5459 -9
5 24 16.6302 6.8886 -7.5 18 0 -7.5 20 0 -6 12.4726 5.1664 -9
5 24 0 13.5 -9 5.1664 12.4726 -9 6.8886 16.6302 -7.5 0 9 -10
5 24 5.1664 12.4726 -9 9.5459 9.5459 -9 12.7278 12.7278 -7.5 3.4443 8.3151 -10
5 24 9.5459 9.5459 -9 12.4726 5.1664 -9 16.6302 6.8886 -7.5 6.3639 6.3639 -10
5 24 12.4726 5.1664 -9 13.5 0 -9 18 0 -7.5 8.3151 3.4443 -10
5 24 0 9 -10 3.4443 8.3151 -10 5.1664 12.4726 -9 3.0615 7.3912 -10
5 24 3.4443 8.3151 -10 6.3639 6.3639 -10 9.5459 9.5459 -9 5.6569 5.6569 -10
5 24 6.3639 6.3639 -10 8.3151 3.4443 -10 12.4726 5.1664 -9 7.3912 3.0615 -10
5 24 8.3151 3.4443 -10 9 0 -10 13.5 0 -9 8 0 -10
