0 ~Sticker  1.1 x  1.8 with White Stripe on Black Face - First Face
0 Name: s\6009194bs01.dat
0 Author: Massimo Maso [Sirio]
0 !LDRAW_ORG Unofficial_Subpart
0 !LICENSE Redistributable under CCAL version 2.0 : see CAreadme.txt

0 BFC CERTIFY CCW

0 // Primitives
1 16 -16 0 26 0 0 -2 0 -1 0 2 0 0 1-4chrd.dat
1 16 16 0 26 2 0 0 0 -1 0 0 0 2 1-4chrd.dat
1 16 -16 -0.25 26 0 0 -2 0 0.25 0 2 0 0 1-4cyli.dat
1 16 16 -0.25 26 2 0 0 0 0.25 0 0 0 2 1-4cyli.dat
1 0 -16 -0.25 26 0 0 -2 0 1 0 2 0 0 1-4chrd.dat
1 0 16 -0.25 26 2 0 0 0 1 0 0 0 2 1-4chrd.dat
0 // Black top faces
3 0 -16 -0.25 28 -18 -0.25 26 -18 -0.25 23.1442
4 0 -16 -0.25 28 -18 -0.25 23.1442 -9 -0.25 23.1442 -9 -0.25 28
4 0 9 -0.25 28 9 -0.25 23.1442 18 -0.25 23.1442 16 -0.25 28
3 0 16 -0.25 28 18 -0.25 23.1442 18 -0.25 26
0 // White band
4 15 -9 -0.25 28 -9 -0.25 23.1442 9 -0.25 23.1442 9 -0.25 28
0 // Neutral lateral faces
3 16 -16 0 28 -16 -0.25 28 -9 -0.25 28
4 16 -16 0 28 -9 -0.25 28 9 -0.25 28 16 0 28
3 16 9 -0.25 28 16 -0.25 28 16 0 28
4 16 -18 0 26 -18 0 23.1514 -18 -0.25 23.1442 -18 -0.25 26
4 16 18 -0.25 26 18 -0.25 23.1442 18 0 23.1514 18 0 26
0 // Neutral bottom faces
3 16 -16 0 28 -18 0 23.1514 -18 0 26
4 16 16 0 28 18 0 23.1514 -18 0 23.1514 -16 0 28
3 16 18 0 26 18 0 23.1514 16 0 28
