0 ~Sticker  0.8 x  4 with Headlamps and "AW281EF" Licence Plate on Red Background - Underside Flat
0 Name: s\6009312ds08.dat
0 Author: Massimo Maso [Sirio]
0 !LICENSE Licensed under CC BY 4.0 : see CAreadme.txt
0 BFC CERTIFY CCW
1 16 -38.4125 0 6 0 0 -2 0 -1 0 2 0 0 1-4chrd.dat
1 16 38.4125 0 6 2 0 0 0 -1 0 0 0 2 1-4chrd.dat
1 16 -38.4125 0 -6 -2 0 0 0 -1 0 0 0 -2 1-4chrd.dat
1 16 38.4125 0 -6 0 0 2 0 -1 0 -2 0 0 1-4chrd.dat
1 16 -38.4125 -0.25 6 0 0 -2 0 0.25 0 2 0 0 1-4cyli.dat
1 16 38.4125 -0.25 6 2 0 0 0 0.25 0 0 0 2 1-4cyli.dat
1 16 -38.4125 -0.25 -6 -2 0 0 0 0.25 0 0 0 -2 1-4cyli.dat
1 16 38.4125 -0.25 -6 0 0 2 0 0.25 0 -2 0 0 1-4cyli.dat
4 16 38.4125 -0.25 8 38.4125 0 8 -38.4125 0 8 -38.4125 -0.25 8
4 16 -40.4125 -0.25 6 -40.4125 0 6 -40.4125 0 -6 -40.4125 -0.25 -6
4 16 40.4125 -0.25 -6 40.4125 0 -6 40.4125 0 6 40.4125 -0.25 6
4 16 -38.4125 -0.25 -8 -38.4125 0 -8 38.4125 0 -8 38.4125 -0.25 -8
4 16 -38.4125 0 -8 -40.4125 0 -6 -40.4125 0 6 -38.4125 0 8
4 16 38.4125 0 8 38.4125 0 -8 -38.4125 0 -8 -38.4125 0 8
4 16 38.4125 0 8 40.4125 0 6 40.4125 0 -6 38.4125 0 -8
