0 ~Sticker  1.7 x  0.8 Left with Logos Shell and Santander on Red Face - Second Face
0 Name: s\6009254es02.dat
0 Author: Massimo Maso [Sirio]
0 !LDRAW_ORG Unofficial_Subpart
0 !LICENSE Redistributable under CCAL version 2.0 : see CAreadme.txt

0 BFC CERTIFY CCW

1 4 0 -0.25 9.735 -2.06 0 0 0 1 0 0 0 -2.06 s\logosantl07.dat
0 // Primitives
1 16 -6 -0.25 14.9847 0 0 -2 0 1 0 2 0 0 1-4chrd.dat
1 16 6 -0.25 14.9847 2 0 0 0 1 0 0 0 2 1-4chrd.dat
0 // Neutral border
4 16 -6.077 -0.25 4.3993 -5.9584 -0.25 -0.0153 5.9584 -0.25 -0.0153 6.077 -0.25 4.3993
4 16 -8 -0.25 -0.0153 -5.9584 -0.25 -0.0153 -6.077 -0.25 4.3993 -8 -0.25 14.9847
4 16 6.077 -0.25 4.3993 5.9584 -0.25 -0.0153 8 -0.25 -0.0153 8 -0.25 14.9847
3 16 -6.077 -0.25 15.0701 -8 -0.25 14.9847 -6.077 -0.25 4.3993
3 16 6.077 -0.25 15.0701 6.077 -0.25 4.3993 8 -0.25 14.9847
3 16 -6 -0.25 16.9847 -8 -0.25 14.9847 -6.077 -0.25 15.0701
4 16 -6 -0.25 16.9847 -6.077 -0.25 15.0701 6.077 -0.25 15.0701 6 -0.25 16.9847
3 16 6.077 -0.25 15.0701 8 -0.25 14.9847 6 -0.25 16.9847
