0 ~Sticker  1.0 x  0.8 with Logo Ferrari Scuderia on Red Face - Right Logo Ferrari Scuderia Part
0 Name: s\6009254gs04.dat
0 Author: Massimo Maso [Sirio]
0 !LDRAW_ORG Unofficial_Subpart
0 !LICENSE Redistributable under CCAL version 2.0 : see CAreadme.txt

0 BFC CERTIFY CCW

4 15 3 0 -2.4224 2.8205 0 -2.9224 5.2976 0 -2.9224 7 0 -2.4224
4 15 7 0 -2.4224 5.2976 0 -2.9224 5.4643 0 -2.9538 6.3869 0 -2.9224
3 15 7 0 -2.4224 6.3869 0 -2.9224 7.0419 0 -2.9224
4 15 7 0 -2.4224 7.0419 0 -2.9224 8.1259 0 -2.9624 8.4063 0 -2.9224
4 15 7 0 -2.4224 8.4063 0 -2.9224 10.2285 0 -2.9224 18.97 0 -2.4224
4 15 18.97 0 -2.4224 10.2285 0 -2.9224 10.3952 0 -2.9538 11.7111 0 -2.9224
3 15 18.97 0 -2.4224 11.7111 0 -2.9224 18.22 0 -2.9224
3 15 0 0 -2.4224 0 0 -2.9224 2.1111 0 -2.9224
4 15 0 0 -2.4224 2.1111 0 -2.9224 2.8205 0 -2.9224 3 0 -2.4224
3 15 2.8205 0 -2.9224 2.1111 0 -2.9224 1.8669 0 -3.5084
3 15 6.3869 0 -2.9224 5.4643 0 -2.9538 5.6077 0 -3.0446
3 15 6.3869 0 -2.9224 5.6077 0 -3.0446 5.7055 0 -3.1832
3 15 6.3869 0 -2.9224 5.7055 0 -3.1832 5.7404 0 -3.3493
3 15 6.3869 0 -2.9224 5.7404 0 -3.3493 5.7084 0 -3.5084
3 15 6.3869 0 -2.9224 5.7084 0 -3.5084 5.5718 0 -3.8363
3 15 7.0419 0 -2.9224 7.868 0 -3.0799 8.1259 0 -2.9624
3 15 7.0419 0 -2.9224 7.655 0 -3.2667 7.868 0 -3.0799
3 15 7.0419 0 -2.9224 7.5072 0 -3.5084 7.655 0 -3.2667
3 15 11.7111 0 -2.9224 10.3952 0 -2.9538 10.5386 0 -3.0446
3 15 11.7111 0 -2.9224 10.5386 0 -3.0446 10.6364 0 -3.1832
3 15 11.7111 0 -2.9224 10.6364 0 -3.1832 10.6712 0 -3.3493
3 15 11.7111 0 -2.9224 10.6712 0 -3.3493 10.6393 0 -3.5084
4 15 1.8669 0 -3.5084 1.3495 0 -4.7502 1.8147 0 -5.3362 2.8205 0 -2.9224
4 15 3.2313 0 -3.5084 3.0947 0 -3.8363 4.9168 0 -3.8363 5.0534 0 -3.5084
4 15 10.6393 0 -3.5084 9.8777 0 -5.3362 10.7054 0 -5.3362 11.7111 0 -2.9224
3 15 5.5718 0 -3.8363 5.3891 0 -4.0937 5.0237 0 -5.3362
4 15 5.5718 0 -3.8363 5.0237 0 -5.3362 5.3812 0 -5.3362 6.3869 0 -2.9224
4 15 7.9608 0 -3.9916 9.783 0 -3.9916 9.9843 0 -3.5084 8.1622 0 -3.5084
4 15 0 0 -4.0263 1.0765 0 -4.0263 1.8669 0 -3.5084 -1.11022e-016 0 -3.5084
4 15 1.0765 0 -4.0263 0.8324 0 -4.6123 1.3495 0 -4.7502 1.8669 0 -3.5084
3 15 5.3891 0 -4.0937 5.1278 0 -4.2706 5.0237 0 -5.3362
3 15 5.1278 0 -4.2706 4.829 0 -4.3722 5.0237 0 -5.3362
3 15 4.829 0 -4.3722 4.5151 0 -4.4052 5.0237 0 -5.3362
3 15 3.7687 0 -4.4052 2.8576 0 -4.4052 2.4697 0 -5.3362
4 15 0 0 -4.7502 1.3495 0 -4.7502 0.8324 0 -4.6123 0 0 -4.6123
3 15 1.3495 0 -4.7502 1.1053 0 -5.3362 1.8147 0 -5.3362
3 15 0.3562 0 -6.3022 0 0 -6.15781 2.22045e-016 0 -6.3022
3 15 2.22045e-016 0 -5.3362 0 0 -6.15781 1.1053 0 -5.3362
4 15 0 0 -6.15781 0.3562 0 -6.3022 1.0656 0 -6.3022 1.1053 0 -5.3362
4 15 1.8147 0 -5.3362 1.1053 0 -5.3362 1.0656 0 -6.3022 3.5427 0 -6.3022
3 15 2.4697 0 -5.3362 1.8147 0 -5.3362 3.5427 0 -6.3022
4 15 2.4697 0 -5.3362 3.5427 0 -6.3022 4.2774 0 -5.3362 3.7687 0 -4.4052
4 15 5.0237 0 -5.3362 4.2774 0 -5.3362 3.5427 0 -6.3022 3.7095 0 -6.3336
4 15 5.0237 0 -5.3362 3.7095 0 -6.3336 4.9071 0 -6.3022 5.3812 0 -5.3362
3 15 6.0362 0 -5.3362 5.3812 0 -5.3362 4.9071 0 -6.3022
4 15 6.0362 0 -5.3362 6.7456 0 -5.3362 7.5072 0 -3.5084 7.0419 0 -2.9224
4 15 6.7456 0 -5.3362 6.0362 0 -5.3362 4.9071 0 -6.3022 7.3843 0 -6.3022
3 15 7.4006 0 -5.3362 6.7456 0 -5.3362 7.3843 0 -6.3022
4 15 7.4006 0 -5.3362 9.2228 0 -5.3362 9.5388 0 -4.5776 7.7167 0 -4.5776
4 15 9.2228 0 -5.3362 7.4006 0 -5.3362 7.3843 0 -6.3022 7.551 0 -6.3336
4 15 9.2228 0 -5.3362 7.551 0 -6.3336 9.1232 0 -6.3422 9.4037 0 -6.3022
3 15 9.8777 0 -5.3362 9.2228 0 -5.3362 9.4037 0 -6.3022
4 15 10.7054 0 -5.3362 9.8777 0 -5.3362 9.4037 0 -6.3022 11.2259 0 -6.3022
4 15 10.7054 0 -5.3362 11.2259 0 -6.3022 11.3926 0 -6.3336 17.2143 0 -5.3362
3 15 17.2143 0 -5.3362 12.5903 0 -6.3022 15.0674 0 -6.3022
4 15 17.2143 0 -5.3362 15.0674 0 -6.3022 15.2341 0 -6.3336 16.1568 0 -6.3022
3 15 17.2143 0 -5.3362 16.1568 0 -6.3022 16.8117 0 -6.3022
4 15 17.5547 0 -5.8192 18.97 0 -2.4224 18.22 0 -2.9224 17.2143 0 -5.3362
4 15 17.5547 0 -5.8192 17.2143 0 -5.3362 16.8117 0 -6.3022 16.1393 0 -9.216
3 15 1.0656 0 -6.3022 0.3562 0 -6.3022 0.112 0 -6.8882
3 15 4.9071 0 -6.3022 3.7095 0 -6.3336 3.8528 0 -6.4244
3 15 4.9071 0 -6.3022 3.8528 0 -6.4244 3.9506 0 -6.563
3 15 4.9071 0 -6.3022 3.9506 0 -6.563 3.9855 0 -6.7291
3 15 4.9071 0 -6.3022 3.9855 0 -6.7291 3.9536 0 -6.8882
3 15 4.9071 0 -6.3022 3.9536 0 -6.8882 3.817 0 -7.2161
4 15 12.5903 0 -6.3022 17.2143 0 -5.3362 11.3926 0 -6.3336 11.5359 0 -6.4244
3 15 12.5903 0 -6.3022 11.5359 0 -6.4244 11.6337 0 -6.563
3 15 12.5903 0 -6.3022 11.6337 0 -6.563 11.6686 0 -6.7291
3 15 12.5903 0 -6.3022 11.6686 0 -6.7291 11.6367 0 -6.8882
3 15 16.1568 0 -6.3022 15.2341 0 -6.3336 15.3775 0 -6.4244
3 15 16.1568 0 -6.3022 15.3775 0 -6.4244 15.4753 0 -6.563
3 15 16.1568 0 -6.3022 15.4753 0 -6.563 15.5101 0 -6.7291
3 15 16.1568 0 -6.3022 15.5101 0 -6.7291 15.4782 0 -6.8882
3 15 16.1568 0 -6.3022 15.4782 0 -6.8882 15.3416 0 -7.2161
3 15 16.8117 0 -6.3022 15.806 0 -8.716 16.1393 0 -9.216
3 15 7.551 0 -6.3336 7.6944 0 -6.4244 9.1232 0 -6.3422
4 15 7.6944 0 -6.4244 7.7921 0 -6.563 8.8654 0 -6.4596 9.1232 0 -6.3422
4 15 7.7921 0 -6.563 7.827 0 -6.7291 8.6524 0 -6.6465 8.8654 0 -6.4596
4 15 7.827 0 -6.7291 7.7951 0 -6.8882 8.5046 0 -6.8882 8.6524 0 -6.6465
3 15 -2.22045e-017 0 -7.15701 -3.05311e-017 0 -8.64067 0.112 0 -6.8882
4 15 -3.05311e-017 0 -8.64067 0.0598 0 -8.716 1.0656 0 -6.3022 0.112 0 -6.8882
4 15 1.4764 0 -6.8882 1.3398 0 -7.2161 3.162 0 -7.2161 3.2986 0 -6.8882
4 15 5.318 0 -6.8882 5.1814 0 -7.2161 7.0035 0 -7.2161 7.1401 0 -6.8882
3 15 8.5046 0 -6.8882 7.7951 0 -6.8882 7.6585 0 -7.2161
4 15 10.9817 0 -6.8882 9.1595 0 -6.8882 8.9582 0 -7.3714 10.7804 0 -7.3714
4 15 11.6367 0 -6.8882 10.8751 0 -8.716 11.5845 0 -8.716 12.5903 0 -6.3022
4 15 13.0011 0 -6.8882 12.8645 0 -7.2161 14.6866 0 -7.2161 14.8232 0 -6.8882
3 15 3.817 0 -7.2161 3.6343 0 -7.4735 3.2689 0 -8.716
4 15 3.817 0 -7.2161 3.2689 0 -8.716 3.9014 0 -8.716 4.9071 0 -6.3022
3 15 7.6585 0 -7.2161 7.4759 0 -7.4735 7.1104 0 -8.716
4 15 7.6585 0 -7.2161 7.1104 0 -8.716 7.743 0 -8.716 8.5046 0 -6.8882
3 15 15.3416 0 -7.2161 15.159 0 -7.4735 14.7935 0 -8.716
4 15 15.3416 0 -7.2161 14.7935 0 -8.716 15.151 0 -8.716 16.1568 0 -6.3022
3 15 0.112 0 -6.8882 0 0 -6.8882 1.38778e-017 0 -6.9616
3 15 0.112 0 -6.8882 1.38778e-017 0 -6.9616 -2.22045e-017 0 -7.15701
3 15 3.6343 0 -7.4735 3.3729 0 -7.6504 3.2689 0 -8.716
3 15 7.4759 0 -7.4735 7.2145 0 -7.6504 7.1104 0 -8.716
3 15 15.159 0 -7.4735 14.8976 0 -7.6504 14.7935 0 -8.716
3 15 3.3729 0 -7.6504 3.0741 0 -7.7519 3.2689 0 -8.716
3 15 7.2145 0 -7.6504 6.9157 0 -7.7519 7.1104 0 -8.716
3 15 14.8976 0 -7.6504 14.5988 0 -7.7519 14.7935 0 -8.716
3 15 3.0741 0 -7.7519 2.7602 0 -7.785 3.2689 0 -8.716
3 15 6.9157 0 -7.7519 6.6018 0 -7.785 7.1104 0 -8.716
3 15 14.5988 0 -7.7519 14.2849 0 -7.785 14.7935 0 -8.716
3 15 5.8554 0 -7.785 4.9443 0 -7.785 4.5564 0 -8.716
3 15 13.5385 0 -7.785 12.6274 0 -7.785 12.2395 0 -8.716
3 15 10.5362 0 -7.9574 8.7141 0 -7.9574 8.3979 0 -8.716
3 15 0.0598 0 -8.716 -3.05311e-017 0 -8.64067 6.93889e-018 0 -8.716
3 15 0.7148 0 -8.716 0.0598 0 -8.716 0 0 -9.216
4 15 0.7148 0 -8.716 2.5225 0 -8.716 2.0138 0 -7.785 1.1028 0 -7.785
3 15 2.5225 0 -8.716 0.7148 0 -8.716 0 0 -9.216
3 15 3.9014 0 -8.716 3.2689 0 -8.716 4 0 -9.216
3 15 4.5564 0 -8.716 3.9014 0 -8.716 4 0 -9.216
4 15 4.5564 0 -8.716 4 0 -9.216 6.5 0 -8.7 5.8554 0 -7.785
3 15 7.743 0 -8.716 7.1104 0 -8.716 8.5 0 -9.216
3 15 8.3979 0 -8.716 7.743 0 -8.716 8.5 0 -9.216
4 15 8.3979 0 -8.716 8.5 0 -9.216 10.2201 0 -8.716 10.5362 0 -7.9574
3 15 10.8751 0 -8.716 10.2201 0 -8.716 8.5 0 -9.216
3 15 12.2395 0 -8.716 11.5845 0 -8.716 13 0 -9.216
4 15 12.2395 0 -8.716 13 0 -9.216 14.0472 0 -8.716 13.5385 0 -7.785
3 15 14.7935 0 -8.716 14.0472 0 -8.716 13 0 -9.216
3 15 15.806 0 -8.716 15.151 0 -8.716 16.1393 0 -9.216
3 15 0 0 -9.216 0.0598 0 -8.716 6.93889e-018 0 -8.716
4 15 4 0 -9.216 3.2689 0 -8.716 2.5225 0 -8.716 0 0 -9.216
4 15 8.5 0 -9.216 7.1104 0 -8.716 6.5 0 -8.7 4 0 -9.216
4 15 13 0 -9.216 11.5845 0 -8.716 10.8751 0 -8.716 8.5 0 -9.216
4 15 16.1393 0 -9.216 15.151 0 -8.716 14.7935 0 -8.716 13 0 -9.216
4 4 11.7111 0 -2.9224 10.7054 0 -5.3362 17.2143 0 -5.3362 18.22 0 -2.9224
4 0 1.8669 0 -3.5084 2.1111 0 -2.9224 0 0 -2.9224 -1.11022e-016 0 -3.5084
4 0 0.8324 0 -4.6123 1.0765 0 -4.0263 0 0 -4.0263 0 0 -4.6123
4 0 2.22045e-016 0 -5.3362 1.1053 0 -5.3362 1.3495 0 -4.7502 0 0 -4.7502
3 0 5.2976 0 -2.9224 5.0534 0 -3.5084 5.4643 0 -2.9538
4 0 5.0534 0 -3.5084 5.2976 0 -2.9224 2.8205 0 -2.9224 3.2313 0 -3.5084
4 0 5.0534 0 -3.5084 5.7055 0 -3.1832 5.6077 0 -3.0446 5.4643 0 -2.9538
4 0 5.0534 0 -3.5084 5.7084 0 -3.5084 5.7404 0 -3.3493 5.7055 0 -3.1832
4 0 5.0534 0 -3.5084 4.9168 0 -3.8363 5.1278 0 -4.2706 5.3891 0 -4.0937
4 0 5.0534 0 -3.5084 5.3891 0 -4.0937 5.5718 0 -3.8363 5.7084 0 -3.5084
3 0 3.0947 0 -3.8363 2.8576 0 -4.4052 3.7687 0 -4.4052
3 0 3.0947 0 -3.8363 3.7687 0 -4.4052 4.5151 0 -4.4052
4 0 3.0947 0 -3.8363 4.5151 0 -4.4052 4.829 0 -4.3722 4.9168 0 -3.8363
3 0 3.0947 0 -3.8363 1.8147 0 -5.3362 2.8576 0 -4.4052
3 0 4.9168 0 -3.8363 4.829 0 -4.3722 5.1278 0 -4.2706
3 0 2.8576 0 -4.4052 1.8147 0 -5.3362 2.4697 0 -5.3362
4 0 1.8147 0 -5.3362 3.0947 0 -3.8363 3.2313 0 -3.5084 2.8205 0 -2.9224
4 0 4.2774 0 -5.3362 5.0237 0 -5.3362 4.5151 0 -4.4052 3.7687 0 -4.4052
4 0 6.3869 0 -2.9224 5.3812 0 -5.3362 6.0362 0 -5.3362 7.0419 0 -2.9224
4 0 8.1622 0 -3.5084 8.4063 0 -2.9224 8.1259 0 -2.9624 7.868 0 -3.0799
4 0 8.1622 0 -3.5084 7.868 0 -3.0799 7.655 0 -3.2667 7.5072 0 -3.5084
3 0 8.1622 0 -3.5084 7.5072 0 -3.5084 7.9608 0 -3.9916
4 0 8.1622 0 -3.5084 9.9843 0 -3.5084 10.2285 0 -2.9224 8.4063 0 -2.9224
4 0 9.9843 0 -3.5084 10.5386 0 -3.0446 10.3952 0 -2.9538 10.2285 0 -2.9224
4 0 9.9843 0 -3.5084 10.6712 0 -3.3493 10.6364 0 -3.1832 10.5386 0 -3.0446
4 0 9.9843 0 -3.5084 9.783 0 -3.9916 10.6393 0 -3.5084 10.6712 0 -3.3493
3 0 10.6393 0 -3.5084 9.783 0 -3.9916 9.5388 0 -4.5776
4 0 9.783 0 -3.9916 7.9608 0 -3.9916 7.7167 0 -4.5776 9.5388 0 -4.5776
4 0 7.7167 0 -4.5776 7.9608 0 -3.9916 7.5072 0 -3.5084 6.7456 0 -5.3362
3 0 7.7167 0 -4.5776 6.7456 0 -5.3362 7.4006 0 -5.3362
4 0 9.8777 0 -5.3362 10.6393 0 -3.5084 9.5388 0 -4.5776 9.2228 0 -5.3362
4 0 0.112 0 -6.8882 0.3562 0 -6.3022 2.22045e-016 0 -6.3022 0 0 -6.8882
3 0 3.5427 0 -6.3022 3.2986 0 -6.8882 3.7095 0 -6.3336
4 0 3.2986 0 -6.8882 3.5427 0 -6.3022 1.0656 0 -6.3022 1.4764 0 -6.8882
4 0 3.2986 0 -6.8882 3.9506 0 -6.563 3.8528 0 -6.4244 3.7095 0 -6.3336
4 0 3.2986 0 -6.8882 3.9536 0 -6.8882 3.9855 0 -6.7291 3.9506 0 -6.563
4 0 3.2986 0 -6.8882 3.162 0 -7.2161 3.3729 0 -7.6504 3.6343 0 -7.4735
4 0 3.2986 0 -6.8882 3.6343 0 -7.4735 3.817 0 -7.2161 3.9536 0 -6.8882
3 0 1.3398 0 -7.2161 1.1028 0 -7.785 2.0138 0 -7.785
3 0 1.3398 0 -7.2161 2.0138 0 -7.785 2.7602 0 -7.785
4 0 1.3398 0 -7.2161 2.7602 0 -7.785 3.0741 0 -7.7519 3.162 0 -7.2161
3 0 1.3398 0 -7.2161 0.0598 0 -8.716 1.1028 0 -7.785
3 0 3.162 0 -7.2161 3.0741 0 -7.7519 3.3729 0 -7.6504
3 0 1.1028 0 -7.785 0.0598 0 -8.716 0.7148 0 -8.716
4 0 0.0598 0 -8.716 1.3398 0 -7.2161 1.4764 0 -6.8882 1.0656 0 -6.3022
4 0 2.5225 0 -8.716 3.2689 0 -8.716 2.7602 0 -7.785 2.0138 0 -7.785
3 0 7.3843 0 -6.3022 7.1401 0 -6.8882 7.551 0 -6.3336
4 0 7.1401 0 -6.8882 7.3843 0 -6.3022 4.9071 0 -6.3022 5.318 0 -6.8882
4 0 7.1401 0 -6.8882 7.7921 0 -6.563 7.6944 0 -6.4244 7.551 0 -6.3336
4 0 7.1401 0 -6.8882 7.7951 0 -6.8882 7.827 0 -6.7291 7.7921 0 -6.563
4 0 7.1401 0 -6.8882 7.0035 0 -7.2161 7.2145 0 -7.6504 7.4759 0 -7.4735
4 0 7.1401 0 -6.8882 7.4759 0 -7.4735 7.6585 0 -7.2161 7.7951 0 -6.8882
3 0 5.1814 0 -7.2161 4.9443 0 -7.785 5.8554 0 -7.785
3 0 5.1814 0 -7.2161 5.8554 0 -7.785 6.6018 0 -7.785
4 0 5.1814 0 -7.2161 6.6018 0 -7.785 6.9157 0 -7.7519 7.0035 0 -7.2161
3 0 5.1814 0 -7.2161 3.9014 0 -8.716 4.9443 0 -7.785
3 0 7.0035 0 -7.2161 6.9157 0 -7.7519 7.2145 0 -7.6504
3 0 4.9443 0 -7.785 3.9014 0 -8.716 4.5564 0 -8.716
4 0 6.5 0 -8.7 7.1104 0 -8.716 6.6018 0 -7.785 5.8554 0 -7.785
4 0 3.9014 0 -8.716 5.1814 0 -7.2161 5.318 0 -6.8882 4.9071 0 -6.3022
4 0 9.1595 0 -6.8882 9.4037 0 -6.3022 9.1232 0 -6.3422 8.8654 0 -6.4596
4 0 9.1595 0 -6.8882 8.8654 0 -6.4596 8.6524 0 -6.6465 8.5046 0 -6.8882
3 0 9.1595 0 -6.8882 8.5046 0 -6.8882 8.9582 0 -7.3714
4 0 9.1595 0 -6.8882 10.9817 0 -6.8882 11.2259 0 -6.3022 9.4037 0 -6.3022
4 0 10.9817 0 -6.8882 11.5359 0 -6.4244 11.3926 0 -6.3336 11.2259 0 -6.3022
4 0 10.9817 0 -6.8882 11.6686 0 -6.7291 11.6337 0 -6.563 11.5359 0 -6.4244
4 0 10.9817 0 -6.8882 10.7804 0 -7.3714 11.6367 0 -6.8882 11.6686 0 -6.7291
3 0 11.6367 0 -6.8882 10.7804 0 -7.3714 10.5362 0 -7.9574
4 0 10.7804 0 -7.3714 8.9582 0 -7.3714 8.7141 0 -7.9574 10.5362 0 -7.9574
4 0 8.7141 0 -7.9574 8.9582 0 -7.3714 8.5046 0 -6.8882 7.743 0 -8.716
3 0 8.7141 0 -7.9574 7.743 0 -8.716 8.3979 0 -8.716
4 0 10.8751 0 -8.716 11.6367 0 -6.8882 10.5362 0 -7.9574 10.2201 0 -8.716
3 0 15.0674 0 -6.3022 14.8232 0 -6.8882 15.2341 0 -6.3336
4 0 14.8232 0 -6.8882 15.0674 0 -6.3022 12.5903 0 -6.3022 13.0011 0 -6.8882
4 0 14.8232 0 -6.8882 15.4753 0 -6.563 15.3775 0 -6.4244 15.2341 0 -6.3336
4 0 14.8232 0 -6.8882 15.4782 0 -6.8882 15.5101 0 -6.7291 15.4753 0 -6.563
4 0 14.8232 0 -6.8882 14.6866 0 -7.2161 14.8976 0 -7.6504 15.159 0 -7.4735
4 0 14.8232 0 -6.8882 15.159 0 -7.4735 15.3416 0 -7.2161 15.4782 0 -6.8882
3 0 12.8645 0 -7.2161 12.6274 0 -7.785 13.5385 0 -7.785
3 0 12.8645 0 -7.2161 13.5385 0 -7.785 14.2849 0 -7.785
4 0 12.8645 0 -7.2161 14.2849 0 -7.785 14.5988 0 -7.7519 14.6866 0 -7.2161
3 0 12.8645 0 -7.2161 11.5845 0 -8.716 12.6274 0 -7.785
3 0 14.6866 0 -7.2161 14.5988 0 -7.7519 14.8976 0 -7.6504
3 0 12.6274 0 -7.785 11.5845 0 -8.716 12.2395 0 -8.716
4 0 11.5845 0 -8.716 12.8645 0 -7.2161 13.0011 0 -6.8882 12.5903 0 -6.3022
4 0 14.0472 0 -8.716 14.7935 0 -8.716 14.2849 0 -7.785 13.5385 0 -7.785
4 0 16.1568 0 -6.3022 15.151 0 -8.716 15.806 0 -8.716 16.8117 0 -6.3022
3 15 31.4 0 22 26.07 0 21.08 21.93 0 18.6304
4 15 0 0 21.08 26.07 0 21.08 31.4 0 22 0 0 22
4 15 26.07 0 21.08 3.6931 0 13.1179 1.4347 0 12.2596 4.0107 0 12.2544
3 15 26.07 0 21.08 4.0107 0 12.2544 21.93 0 18.6304
3 15 -2.22045e-017 0 11.643 -1.11022e-016 0 11.3365 1.78 0 11.4065
4 15 -2.22045e-017 0 11.643 1.78 0 11.4065 4.0107 0 12.2544 1.4347 0 12.2596
3 15 1.78 0 11.4065 -1.11022e-016 0 11.3365 0 0 10.6415
3 4 26.07 0 21.08 0 0 21.08 0 0 19.8145
4 4 0 0 14.1967 3.6931 0 13.1179 26.07 0 21.08 0 0 19.8145
4 4 -1.11022e-016 0 12.8002 1.4347 0 12.2596 3.6931 0 13.1179 0 0 14.1967
3 4 1.4347 0 12.2596 -1.11022e-016 0 12.8002 -2.22045e-017 0 11.643
4 15 0 0 -1.75458 3 0 -2.4224 7 0 -2.4224 0 0 -1.15681
4 15 0 0 -1.15681 7 0 -2.4224 18.97 0 -2.4224 0 0 -0.226724
3 15 0 0 -2.4224 3 0 -2.4224 0 0 -1.75458
4 15 18.97 0 -2.4224 21.93 0 18.6304 4.0107 0 12.2544 1.78 0 11.4065
4 15 0 0 8.03438 18.97 0 -2.4224 1.78 0 11.4065 0 0 10.6415
3 15 18.97 0 -2.4224 0 0 8.03438 0 0 4.62281
3 15 18.97 0 -2.4224 0 0 4.62281 3.55271e-015 0 1.97149
3 15 18.97 0 -2.4224 3.55271e-015 0 1.97149 0 0 -0.226724
3 15 18.97 0 -2.4224 21.93 0 -12.44 21.93 0 18.6304
4 15 0 0 -9.216 3.55271e-015 0 -12.44 21.93 0 -12.44 4 0 -9.216
3 15 21.93 0 -12.44 18.97 0 -2.4224 17.5547 0 -5.8192
3 15 21.93 0 -12.44 17.5547 0 -5.8192 16.1393 0 -9.216
3 15 21.93 0 -12.44 8.5 0 -9.216 4 0 -9.216
3 15 21.93 0 -12.44 13 0 -9.216 8.5 0 -9.216
3 15 21.93 0 -12.44 16.1393 0 -9.216 13 0 -9.216
4 16 31.4 0 -22 21.93 0 -12.44 3.55271e-015 0 -12.44 0 0 -22
4 16 21.93 0 -12.44 31.4 0 -22 31.4 0 22 21.93 0 18.6304
0
