0 ~Sticker  1.1 x  1.8 with White Stripe on Black Background - Underside Flat
0 Name: s\6009194bs04.dat
0 Author: Massimo Maso [Sirio]
0 !LICENSE Licensed under CC BY 4.0 : see CAreadme.txt
0 BFC CERTIFY CCW
1 16 -16 0 26 -2 0 0 0 -.25 0 0 0 2 1-4cyli.dat
1 16 16 0 26 2 0 0 0 -.25 0 0 0 2 1-4cyli.dat
4 16 -16 0 28 -16 -.25 28 16 -.25 28 16 0 28
4 16 -18 0 26 -18 0 9.75 -18 -.25 9.75 -18 -.25 26
4 16 18 -.25 26 18 -.25 9.75 18 0 9.75 18 0 26
4 16 16 0 7.75 16 -.25 7.75 -16 -.25 7.75 -16 0 7.75
1 16 -16 0 9.75 -2 0 0 0 -.25 0 0 0 -2 1-4cyli.dat
1 16 16 0 9.75 2 0 0 0 -.25 0 0 0 -2 1-4cyli.dat
1 16 -16 0 26 -2 0 0 0 -1 0 0 0 2 1-4chrd.dat
1 16 16 0 26 2 0 0 0 -1 0 0 0 2 1-4chrd.dat
4 16 18 0 26 -18 0 26 -16 0 28 16 0 28
4 16 18 0 9.75 -18 0 9.75 -18 0 26 18 0 26
4 16 16 0 7.75 -16 0 7.75 -18 0 9.75 18 0 9.75
1 16 -16 0 9.75 -2 0 0 0 -1 0 0 0 -2 1-4chrd.dat
1 16 16 0 9.75 2 0 0 0 -1 0 0 0 -2 1-4chrd.dat
