0 ~Sticker  1.1 x  1.8 with White Stripe on Black Face - Third Face
0 Name: s\6009194bs03.dat
0 Author: Massimo Maso [Sirio]
0 !LDRAW_ORG Unofficial_Subpart
0 !LICENSE Redistributable under CCAL version 2.0 : see CAreadme.txt

0 BFC CERTIFY CCW

0 // Primitives
1 16 -16 0 9.75 -2 0 0 0 -1 0 0 0 -2 1-4chrd.dat
1 16 16 0 9.75 0 0 2 0 -1 0 -2 0 0 1-4chrd.dat
1 16 -16 -0.25 9.75 -2 0 0 0 0.25 0 0 0 -2 1-4cyli.dat
1 16 16 -0.25 9.75 0 0 2 0 0.25 0 -2 0 0 1-4cyli.dat
1 0 -16 -0.25 9.75 -2 0 0 0 1 0 0 0 -2 1-4chrd.dat
1 0 16 -0.25 9.75 0 0 2 0 1 0 -2 0 0 1-4chrd.dat
0 // Black top faces
3 0 -18 -0.25 16.2792 -18 -0.25 9.75 -16 -0.25 7.75
4 0 -18 -0.25 16.2792 -16 -0.25 7.75 -9 -0.25 7.75 -9 -0.25 16.2792
4 0 9 -0.25 16.2792 9 -0.25 7.75 16 -0.25 7.75 18 -0.25 16.2792
3 0 18 -0.25 16.2792 16 -0.25 7.75 18 -0.25 9.75
0 // White band
4 15 -9 -0.25 16.2792 -9 -0.25 7.75 9 -0.25 7.75 9 -0.25 16.2792
0 // Neutral lateral faces
4 16 -18 0 16.2692 -18 0 9.75 -18 -0.25 9.75 -18 -0.25 16.2792
4 16 18 -0.25 16.2792 18 -0.25 9.75 18 0 9.75 18 0 16.2692
3 16 -9 -0.25 7.75 -16 -0.25 7.75 -16 0 7.75
4 16 16 0 7.75 9 -0.25 7.75 -9 -0.25 7.75 -16 0 7.75
3 16 16 0 7.75 16 -0.25 7.75 9 -0.25 7.75
0 // Neutral bottom faces
3 16 -18 0 16.2692 -16 0 7.75 -18 0 9.75
4 16 18 0 16.2692 16 0 7.75 -16 0 7.75 -18 0 16.2692
3 16 18 0 16.2692 18 0 9.75 16 0 7.75
