0 ~Minifig Helmet SW Clone Trooper Pilot Phase I Front Face with Yellow Markings and Black Visor Pattern -Half
0 Name: s\61189ps2s01.dat
0 Author: Ulrich Röder [UR]
0 !LDRAW_ORG Unofficial_Subpart
0 !LICENSE Redistributable under CCAL version 2.0 : see CAreadme.txt

0 BFC CERTIFY CCW



0 // Main
3 16 10.047 -5.803 -7.712 11.496 -5.877 -5.184 9.986 -5.936 -7.673
3 16 10.086 -1.868 -11.842 9.719 -3.827 -10.372 9.335 -3.849 -10.998
3 16 10.223 -5.209 -8.048 11.496 -5.877 -5.184 10.047 -5.803 -7.712
3 16 10.086 -1.868 -11.842 10.017 -3.967 -9.72 9.719 -3.827 -10.372
3 16 10.278 -4.682 -8.517 11.496 -5.877 -5.184 10.223 -5.209 -8.048
4 16 11.496 -5.877 -5.184 10.207 -4.259 -9.088 10.017 -3.967 -9.72 10.086 -1.868 -11.842
3 16 10.207 -4.259 -9.088 11.496 -5.877 -5.184 10.278 -4.682 -8.517
4 16 8.758 -5.562 -10.146 9.038 -4.632 -10.666 9.62 -4.904 -9.392 8.881 -5.619 -9.879
4 16 9.947 -5.262 -8.458 9.971 -5.019 -8.676 10.164 -5.242 -8.113 9.994 -5.816 -7.788
4 16 10.149 -4.323 -9.118 10.216 -4.733 -8.567 10.164 -5.242 -8.113 9.971 -5.019 -8.676
4 16 8.521 -5.993 -10.088 8.677 -5.582 -10.263 8.758 -5.562 -10.146 8.909 -5.975 -9.451
4 16 9.91 -5.066 -8.729 8.931 -5.758 -9.645 9.62 -4.904 -9.392 9.903 -4.856 -8.966
3 16 9.513 -5.934 -8.475 9.994 -5.816 -7.788 9.938 -5.938 -7.753
4 16 8.931 -5.758 -9.645 9.91 -5.066 -8.729 9.887 -5.3 -8.519 8.909 -5.975 -9.451
4 16 9.513 -5.934 -8.475 8.909 -5.975 -9.451 9.887 -5.3 -8.519 9.833 -5.552 -8.341
4 16 9.038 -4.632 -10.666 9.305 -3.927 -10.965 9.402 -4.213 -10.497 9.364 -4.292 -10.477
4 16 9.963 -4.8 -8.923 9.903 -4.856 -8.966 9.62 -4.904 -9.392 9.038 -4.632 -10.666
4 16 9.305 -3.927 -10.965 9.677 -3.906 -10.36 9.564 -4.235 -10.199 9.402 -4.213 -10.497
4 16 9.703 -4.299 -9.897 9.564 -4.235 -10.199 9.677 -3.906 -10.36 9.964 -4.041 -9.73
4 16 8.758 -5.562 -10.146 8.881 -5.619 -9.879 8.931 -5.758 -9.645 8.909 -5.975 -9.451
3 16 9.653 -4.375 -9.901 9.364 -4.292 -10.477 9.52 -4.314 -10.191
3 16 9.964 -4.041 -9.73 9.815 -4.402 -9.597 9.703 -4.299 -9.897
4 16 9.364 -4.292 -10.477 9.653 -4.375 -9.901 9.761 -4.474 -9.613 9.038 -4.632 -10.666
3 16 9.761 -4.474 -9.613 9.963 -4.8 -8.923 9.038 -4.632 -10.666
3 16 9.815 -4.402 -9.597 9.963 -4.8 -8.923 9.761 -4.474 -9.613
4 16 9.513 -5.934 -8.475 9.833 -5.552 -8.341 9.891 -5.526 -8.272 9.994 -5.816 -7.788
3 16 9.964 -4.041 -9.73 9.963 -4.8 -8.923 9.815 -4.402 -9.597
3 16 9.947 -5.262 -8.458 9.994 -5.816 -7.788 9.891 -5.526 -8.272
4 16 9.963 -4.8 -8.923 9.964 -4.041 -9.73 10.149 -4.323 -9.118 9.971 -5.019 -8.676
3 16 4.748 -8.843 -8.375 5.845 -7.341 -9.919 6.049 -7.645 -9.302
3 16 5.683 -5.587 -12.398 7.475 -1.895 -13.642 10.086 -1.868 -11.842
3 16 8.747 -3.896 -11.387 10.086 -1.868 -11.842 9.335 -3.849 -10.998
4 16 5.502 -9.623 -6.632 1.875 -11.196 -4.578 3.277 -9.961 -7.338 3.906 -9.714 -7.614
3 16 8.138 -4.098 -11.681 10.086 -1.868 -11.842 8.747 -3.896 -11.387
4 16 4.748 -8.843 -8.375 5.39 -6.405 -11.696 5.815 -6.956 -10.538 5.845 -7.341 -9.919
3 16 6.273 -6.05 -11.613 5.484 -6.004 -12.249 6.321 -6.001 -11.653
3 16 8.521 -5.993 -10.088 8.569 -5.575 -10.344 8.677 -5.582 -10.263
3 16 6.395 -6.001 -11.601 6.8 -5.758 -11.481 6.866 -5.775 -11.422
3 16 7.848 -5.028 -11.24 7.434 -5.04 -11.528 7.392 -4.992 -11.592
3 16 6.866 -5.775 -11.422 8.521 -5.993 -10.088 6.395 -6.001 -11.601
4 16 7.026 -5.514 -11.489 8.102 -5.817 -10.51 8.521 -5.993 -10.088 6.866 -5.775 -11.422
4 16 8.148 -4.168 -11.625 8.737 -3.972 -11.341 8.293 -4.403 -11.358 8.014 -4.536 -11.464
4 16 7.026 -5.514 -11.489 7.217 -5.267 -11.525 7.434 -5.04 -11.528 8.102 -5.817 -10.51
3 16 7.434 -5.04 -11.528 7.848 -5.028 -11.24 8.102 -5.817 -10.51
4 16 7.848 -5.028 -11.24 8.031 -4.603 -11.406 8.299 -4.475 -11.303 8.319 -5.659 -10.465
4 16 8.102 -5.817 -10.51 8.319 -5.659 -10.465 8.569 -5.575 -10.344 8.521 -5.993 -10.088
4 16 8.57 -4.383 -11.173 8.569 -5.575 -10.344 8.319 -5.659 -10.465 8.299 -4.475 -11.303
3 16 8.148 -4.168 -11.625 7.07 -4.952 -11.849 7.58 -4.503 -11.798
4 16 8.014 -4.536 -11.464 7.392 -4.992 -11.592 7.07 -4.952 -11.849 8.148 -4.168 -11.625
4 16 6.967 -5.486 -11.551 6.8 -5.758 -11.481 6.395 -6.001 -11.601 6.654 -5.487 -11.773
4 16 9.038 -4.632 -10.666 8.569 -5.575 -10.344 8.57 -4.383 -11.173 8.839 -4.33 -11.019
3 16 6.654 -5.487 -11.773 7.166 -5.229 -11.588 6.967 -5.486 -11.551
4 16 7.07 -4.952 -11.849 7.392 -4.992 -11.592 7.166 -5.229 -11.588 6.654 -5.487 -11.773
4 16 9.038 -4.632 -10.666 8.839 -4.33 -11.019 8.855 -4.252 -11.061 9.305 -3.927 -10.965
4 16 7.848 -5.028 -11.24 7.392 -4.992 -11.592 8.014 -4.536 -11.464 8.031 -4.603 -11.406
4 16 9.305 -3.927 -10.965 8.576 -4.308 -11.222 8.293 -4.403 -11.358 8.737 -3.972 -11.341
3 16 1.875 -11.196 -4.578 2.324 -10.206 -7.328 2.609 -10.177 -7.191
3 16 7.545 -9.426 -3.556 7.397 -7.791 -7.729 7.953 -7.538 -7.372
4 16 5.502 -9.623 -6.632 6.91 -7.933 -8.237 7.397 -7.791 -7.729 7.545 -9.426 -3.556
4 16 8.533 -7.155 -7.281 7.968 -7.492 -7.458 7.928 -7.357 -7.85 8.196 -7.213 -7.73
4 16 8.318 -6.495 -9.237 8.09 -6.599 -9.384 8.004 -6.615 -9.496 8.521 -5.993 -10.088
3 16 14.126 2.033 -6.62 14.391 2.025 -6.164 14.398 1.163 -6.157
4 16 7.928 -7.357 -7.85 7.968 -7.492 -7.458 7.431 -7.737 -7.803 7.67 -7.475 -8.014
4 16 6.959 -7.873 -8.294 7.427 -7.565 -8.219 7.67 -7.475 -8.014 7.431 -7.737 -7.803
4 16 7.466 -7.509 -8.288 6.959 -7.873 -8.294 7.404 -7.338 -8.805 8.09 -6.599 -9.384
4 16 7.699 -7.422 -8.091 7.466 -7.509 -8.288 8.09 -6.599 -9.384 8.318 -6.495 -9.237
3 16 7.427 -7.565 -8.219 6.959 -7.873 -8.294 7.466 -7.509 -8.288
3 16 8.538 -7.189 -7.189 7.545 -9.426 -3.556 7.953 -7.538 -7.372
3 16 11.496 -5.877 -5.184 10.086 -1.868 -11.842 13.623 -1.763 -5.894
4 16 9.639 -6.308 -7.386 9.986 -5.936 -7.673 11.496 -5.877 -5.184 7.545 -9.426 -3.556
3 16 9.113 -6.77 -7.194 7.545 -9.426 -3.556 8.538 -7.189 -7.189
3 16 7.545 -9.426 -3.556 9.113 -6.77 -7.194 9.639 -6.308 -7.386
3 16 8.76 -6.156 -9.281 8.521 -5.993 -10.088 8.909 -5.975 -9.451
4 16 8.76 -6.156 -9.281 8.544 -6.346 -9.202 8.318 -6.495 -9.237 8.521 -5.993 -10.088
3 16 8.49 -6.842 -8.106 9.074 -6.559 -7.766 8.826 -6.756 -7.726
4 16 8.76 -6.156 -9.281 9.074 -6.559 -7.766 8.49 -6.842 -8.106 8.544 -6.346 -9.202
4 16 9.598 -6.302 -7.471 9.089 -6.749 -7.286 8.844 -6.782 -7.633 9.103 -6.576 -7.676
3 16 8.196 -7.213 -7.73 9.089 -6.749 -7.286 8.533 -7.155 -7.281
3 16 8.49 -6.842 -8.106 8.204 -7.17 -7.818 8.318 -6.495 -9.237
4 16 8.49 -6.842 -8.106 8.826 -6.756 -7.726 8.844 -6.782 -7.633 8.204 -7.17 -7.818
3 16 8.76 -6.156 -9.281 9.513 -5.934 -8.475 9.074 -6.559 -7.766
4 16 8.196 -7.213 -7.73 8.204 -7.17 -7.818 8.844 -6.782 -7.633 9.089 -6.749 -7.286
3 16 9.513 -5.934 -8.475 9.523 -6.143 -7.984 9.308 -6.353 -7.853
3 16 9.103 -6.576 -7.676 9.346 -6.362 -7.766 9.598 -6.302 -7.471
4 16 9.938 -5.938 -7.753 9.598 -6.302 -7.471 9.346 -6.362 -7.766 9.57 -6.143 -7.903
4 16 12.321 -5.871 .577 8.132 -9.37 .524 7.545 -9.426 -3.556 11.496 -5.877 -5.184
3 16 8.576 -4.308 -11.222 9.305 -3.927 -10.965 8.855 -4.252 -11.061
3 16 5.502 -9.623 -6.632 6.412 -7.847 -8.729 6.91 -7.933 -8.237
4 16 1.872 1.163 -17.124 1.872 .21 -17.121 1.6 .205 -17.178 1.6 1.163 -17.181
4 16 5.39 -6.405 -11.696 5.484 -6.004 -12.249 6.273 -6.05 -11.613 5.961 -6.516 -11.115
3 16 5.502 -9.623 -6.632 6.049 -7.645 -9.302 6.412 -7.847 -8.729
3 16 1.875 -11.468 .267 1.875 -11.196 -4.578 3.702 -11.053 -2.967
4 16 6.049 -7.645 -9.302 5.502 -9.623 -6.632 4.424 -9.339 -7.833 4.748 -8.843 -8.375
3 16 7.899 -6.61 -9.579 8.521 -5.993 -10.088 8.004 -6.615 -9.496
4 16 6.98 -6.083 -11.055 7.763 -6.212 -10.292 6.407 -6.529 -10.774 6.513 -6.325 -11.014
4 16 7.763 -6.212 -10.292 7.704 -6.393 -10.055 6.323 -6.908 -10.247 6.344 -6.725 -10.517
4 16 6.258 -6.749 -10.541 6.237 -6.94 -10.26 5.93 -7.302 -9.92 5.901 -6.929 -10.518
4 16 6.343 -6.053 -11.557 6.98 -6.083 -11.055 6.513 -6.325 -11.014 6.434 -6.332 -11.059
3 16 6.695 -6.944 -9.926 6.237 -6.94 -10.26 6.323 -6.908 -10.247
4 16 7.749 -6.527 -9.814 6.937 -7.543 -8.825 6.739 -7.482 -9.061 6.576 -7.392 -9.316
4 16 5.93 -7.302 -9.92 6.237 -6.94 -10.26 6.371 -7.324 -9.569 6.127 -7.596 -9.324
3 16 7.763 -6.212 -10.292 6.344 -6.725 -10.517 6.407 -6.529 -10.774
3 16 6.323 -6.908 -10.247 7.704 -6.393 -10.055 6.695 -6.944 -9.926
3 16 6.127 -7.596 -9.324 6.371 -7.324 -9.569 6.5 -7.444 -9.29
4 16 6.695 -6.944 -9.926 6.452 -7.277 -9.584 6.371 -7.324 -9.569 6.237 -6.94 -10.26
4 16 5.901 -6.929 -10.518 6.042 -6.503 -11.076 6.343 -6.053 -11.557 6.258 -6.749 -10.541
3 16 6.343 -6.053 -11.557 6.324 -6.545 -10.809 6.258 -6.749 -10.541
4 16 6.127 -7.596 -9.324 6.5 -7.444 -9.29 6.67 -7.537 -9.024 6.478 -7.791 -8.769
4 16 7.913 -6.032 -10.463 8.521 -5.993 -10.088 7.704 -6.393 -10.055 7.763 -6.212 -10.292
4 16 7.749 -6.527 -9.814 6.576 -7.392 -9.316 6.452 -7.277 -9.584 6.695 -6.944 -9.926
3 16 6.343 -6.053 -11.557 6.434 -6.332 -11.059 6.324 -6.545 -10.809
3 16 6.937 -7.543 -8.825 6.959 -7.873 -8.294 6.876 -7.601 -8.778
3 16 7.749 -6.527 -9.814 6.959 -7.873 -8.294 6.937 -7.543 -8.825
3 16 6.343 -6.053 -11.557 7.913 -6.032 -10.463 6.98 -6.083 -11.055
4 16 8.521 -5.993 -10.088 7.913 -6.032 -10.463 6.343 -6.053 -11.557 6.395 -6.001 -11.601
4 16 7.899 -6.61 -9.579 7.749 -6.527 -9.814 7.704 -6.393 -10.055 8.521 -5.993 -10.088
3 16 3.702 -11.053 -2.967 1.875 -11.196 -4.578 5.502 -9.623 -6.632
3 16 2.324 -10.206 -7.328 1.875 -11.196 -4.578 1.875 -9.83 -8.863
3 16 4.64 -10.957 .335 7.545 -9.426 -3.556 8.132 -9.37 .524
3 16 3.702 -11.053 -2.967 4.64 -10.957 .335 1.875 -11.468 .267
3 16 0 2.205 -17.517 1.872 1.163 -17.124 1.6 1.163 -17.181
3 16 14.754 -1.311 -1.525 13.623 -1.763 -5.894 14.761 .205 -2.819
3 16 9.513 -5.934 -8.475 9.308 -6.353 -7.853 9.074 -6.559 -7.766
3 16 14.466 -2.557 .75 12.321 -5.871 .577 11.496 -5.877 -5.184
4 16 6.876 -7.601 -8.778 6.959 -7.873 -8.294 6.478 -7.791 -8.769 6.67 -7.537 -9.024
3 16 3.277 -9.961 -7.338 1.875 -11.196 -4.578 2.609 -10.177 -7.191
4 16 4.928 2.204 -16.489 4.96 1.163 -16.475 1.872 1.163 -17.124 0 2.205 -17.517
3 16 7.545 -9.426 -3.556 3.702 -11.053 -2.967 5.502 -9.623 -6.632
3 16 3.702 -11.053 -2.967 7.545 -9.426 -3.556 4.64 -10.957 .335
4 16 1.6 -1.875 -16.209 1.6 .199 -16.531 1.875 .198 -16.467 1.875 -1.879 -16.149
4 16 1.875 -14.203 -6.251 1.6 -14.203 -6.251 1.6 -12.022 -10.726 1.875 -12.022 -10.726
3 16 13.623 -1.763 -5.894 14.287 .205 -4.548 14.761 .205 -2.819
3 16 13.623 -1.763 -5.894 13.891 .205 -5.99 14.287 .205 -4.548
4 16 6.959 -7.873 -8.294 7.749 -6.527 -9.814 7.899 -6.61 -9.579 7.404 -7.338 -8.805
4 16 9.513 -5.934 -8.475 9.938 -5.938 -7.753 9.57 -6.143 -7.903 9.523 -6.143 -7.984
3 16 1.6 -3.652 -15.771 1.6 -3.388 -15.886 1.875 -3.652 -15.771
4 16 1.875 -12.022 -10.726 1.6 -12.022 -10.726 1.6 -7.57 -14.532 1.875 -7.57 -14.532
4 16 1.875 -14.203 -6.251 1.875 -11.468 .267 1.875 -11.184 4.647 1.875 -14.522 20.554
3 16 5.815 -6.956 -10.538 5.39 -6.405 -11.696 5.961 -6.516 -11.115
4 16 13.891 .205 -5.99 13.623 -1.763 -5.894 10.086 -1.868 -11.842 10.312 .205 -12.049
4 16 1.6 -1.875 -16.209 1.875 -1.879 -16.149 1.875 -3.652 -15.771 1.6 -3.388 -15.886
3 16 14.544 2.188 -5.604 15.313 2.205 -2.806 14.545 2.03 -5.605
3 16 0 2.205 -17.517 1.6 1.163 -17.181 0 1.163 -17.517
4 16 1.6 -3.652 -15.771 1.875 -3.652 -15.771 1.875 -7.57 -14.532 1.6 -7.57 -14.532
4 16 14.826 .205 -4.548 15.35 .205 -2.554 14.761 .205 -2.819 14.287 .205 -4.548
4 16 10.737 1.163 -12.471 10.733 2.205 -12.457 14.126 2.033 -6.62 14.398 1.163 -6.157
3 16 14.126 2.033 -6.62 10.733 2.205 -12.457 14.118 2.202 -6.633
3 16 1.875 -11.468 .267 1.875 -14.203 -6.251 1.875 -11.196 -4.578
4 16 14.84 .663 -4.548 15.314 1.163 -2.801 15.35 .205 -2.554 14.826 .205 -4.548
4 16 10.733 2.205 -12.457 10.737 1.163 -12.471 4.96 1.163 -16.475 4.928 2.204 -16.489
3 16 14.754 -1.311 -1.525 14.466 -2.557 .75 13.623 -1.763 -5.894
3 16 1.872 .21 -17.121 1.875 .198 -16.467 1.6 .205 -17.178
3 16 1.6 .205 -17.178 1.875 .198 -16.467 1.6 .199 -16.531
3 16 14.733 -1.624 .746 14.466 -2.557 .75 14.725 -1.72 .018
3 16 13.623 -1.763 -5.894 14.466 -2.557 .75 11.496 -5.877 -5.184
4 16 7.475 -1.895 -13.642 8.446 .199 -13.33 10.312 .205 -12.049 10.086 -1.868 -11.842
3 16 14.466 -2.557 .75 14.754 -1.311 -1.525 14.725 -1.72 .018
4 16 5.683 -5.587 -12.398 6.593 -5.462 -11.835 6.321 -6.001 -11.653 5.484 -6.004 -12.249
3 16 6.593 -5.462 -11.835 5.683 -5.587 -12.398 7.023 -4.909 -11.912
4 16 10.086 -1.868 -11.842 7.55 -4.444 -11.86 7.023 -4.909 -11.912 5.683 -5.587 -12.398
4 0 14.39 2.205 -6.165 14.544 2.188 -5.604 14.545 2.03 -5.605 14.391 2.025 -6.164
3 16 7.55 -4.444 -11.86 10.086 -1.868 -11.842 8.138 -4.098 -11.681
3 16 5.502 -9.623 -6.632 3.906 -9.714 -7.614 4.424 -9.339 -7.833
4 16 14.398 1.163 -6.157 14.391 2.025 -6.164 14.545 2.03 -5.605 14.84 .663 -4.548
4 16 7.699 -7.422 -8.091 8.318 -6.495 -9.237 8.204 -7.17 -7.818 7.947 -7.308 -7.933
3 16 1.875 -14.203 -6.251 1.875 -9.83 -8.863 1.875 -11.196 -4.578
4 16 15.314 1.163 -2.801 14.84 .663 -4.548 14.545 2.03 -5.605 15.313 2.205 -2.806
4 0 14.391 2.025 -6.164 14.126 2.033 -6.62 14.118 2.202 -6.633 14.39 2.205 -6.165
3 16 11.419 16.357 -14.052 15.376 17.324 -7.089 13.482 15.462 -5.871
3 16 13.482 15.462 -5.871 9.739 14.812 -11.88 11.419 16.357 -14.052
3 16 11.989 18.17 -14.974 16.014 18.156 -7.389 11.419 16.357 -14.052
3 16 15.376 17.324 -7.089 11.419 16.357 -14.052 16.014 18.156 -7.389
3 16 15.376 17.324 -7.089 15.75 16.954 -2.625 13.482 15.462 -5.871
3 16 15.75 16.954 -2.625 14.531 15.755 -3.13 13.482 15.462 -5.871
3 16 16.8 18.421 .075 15.75 16.954 -2.625 16.014 18.156 -7.389
3 16 15.75 16.954 -2.625 15.376 17.324 -7.089 16.014 18.156 -7.389
3 16 16.014 18.156 -7.389 11.989 18.17 -14.974 12 19.346 -15.086
3 16 16.014 18.156 -7.389 12 19.346 -15.086 15.807 19.651 -7.314
3 16 12 19.346 -15.086 11.786 20.266 -14.94 15.807 19.651 -7.314
3 16 16.8 18.421 .075 16.014 18.156 -7.389 16.791 19.464 .088
3 16 16.014 18.156 -7.389 15.807 19.651 -7.314 16.791 19.464 .088
3 16 15.807 19.651 -7.314 11.786 20.266 -14.94 13.767 21.45 -6.56
3 16 11.786 20.266 -14.94 10.476 21.449 -14.043 13.767 21.45 -6.56
3 16 16.791 19.464 .088 15.807 19.651 -7.314 14.89 21.455 .197
3 16 15.807 19.651 -7.314 13.767 21.45 -6.56 14.89 21.455 .197


0 // Dark Red
3 320 9.62 -4.904 -9.392 8.931 -5.758 -9.645 8.881 -5.619 -9.879
3 320 8.909 -5.975 -9.451 9.513 -5.934 -8.475 8.76 -6.156 -9.281
3 320 8.544 -6.346 -9.202 8.49 -6.842 -8.106 8.318 -6.495 -9.237
3 320 8.09 -6.599 -9.384 7.404 -7.338 -8.805 8.004 -6.615 -9.496
3 320 7.749 -6.527 -9.814 6.695 -6.944 -9.926 7.704 -6.393 -10.055
3 320 7.763 -6.212 -10.292 6.98 -6.083 -11.055 7.913 -6.032 -10.463
4 320 6.452 -7.277 -9.584 6.576 -7.392 -9.316 6.5 -7.444 -9.29 6.371 -7.324 -9.569
4 320 6.67 -7.537 -9.024 6.5 -7.444 -9.29 6.576 -7.392 -9.316 6.739 -7.482 -9.061
4 320 6.876 -7.601 -8.778 6.67 -7.537 -9.024 6.739 -7.482 -9.061 6.937 -7.543 -8.825
4 320 6.407 -6.529 -10.774 6.344 -6.725 -10.517 6.258 -6.749 -10.541 6.324 -6.545 -10.809
4 320 6.237 -6.94 -10.26 6.258 -6.749 -10.541 6.344 -6.725 -10.517 6.323 -6.908 -10.247
4 320 6.324 -6.545 -10.809 6.434 -6.332 -11.059 6.513 -6.325 -11.014 6.407 -6.529 -10.774
4 320 7.434 -5.04 -11.528 7.217 -5.267 -11.525 7.166 -5.229 -11.588 7.392 -4.992 -11.592
4 320 7.166 -5.229 -11.588 7.217 -5.267 -11.525 7.026 -5.514 -11.489 6.967 -5.486 -11.551
4 320 6.866 -5.775 -11.422 6.8 -5.758 -11.481 6.967 -5.486 -11.551 7.026 -5.514 -11.489
4 320 8.576 -4.308 -11.222 8.855 -4.252 -11.061 8.839 -4.33 -11.019 8.57 -4.383 -11.173
4 320 8.57 -4.383 -11.173 8.299 -4.475 -11.303 8.293 -4.403 -11.358 8.576 -4.308 -11.222
4 320 8.299 -4.475 -11.303 8.031 -4.603 -11.406 8.014 -4.536 -11.464 8.293 -4.403 -11.358
4 320 9.364 -4.292 -10.477 9.402 -4.213 -10.497 9.564 -4.235 -10.199 9.52 -4.314 -10.191
4 320 9.52 -4.314 -10.191 9.564 -4.235 -10.199 9.703 -4.299 -9.897 9.653 -4.375 -9.901
4 320 9.815 -4.402 -9.597 9.761 -4.474 -9.613 9.653 -4.375 -9.901 9.703 -4.299 -9.897
4 320 9.947 -5.262 -8.458 9.887 -5.3 -8.519 9.91 -5.066 -8.729 9.971 -5.019 -8.676
4 320 9.971 -5.019 -8.676 9.91 -5.066 -8.729 9.903 -4.856 -8.966 9.963 -4.8 -8.923
4 320 9.887 -5.3 -8.519 9.947 -5.262 -8.458 9.891 -5.526 -8.272 9.833 -5.552 -8.341
4 320 9.346 -6.362 -7.766 9.308 -6.353 -7.853 9.523 -6.143 -7.984 9.57 -6.143 -7.903
4 320 9.308 -6.353 -7.853 9.346 -6.362 -7.766 9.103 -6.576 -7.676 9.074 -6.559 -7.766
4 320 8.844 -6.782 -7.633 8.826 -6.756 -7.726 9.074 -6.559 -7.766 9.103 -6.576 -7.676
3 320 7.848 -5.028 -11.24 8.319 -5.659 -10.465 8.102 -5.817 -10.51
4 320 6.593 -5.462 -11.835 7.023 -4.909 -11.912 7.07 -4.952 -11.849 6.654 -5.487 -11.773
4 320 6.395 -6.001 -11.601 6.321 -6.001 -11.653 6.593 -5.462 -11.835 6.654 -5.487 -11.773
3 320 6.273 -6.05 -11.613 6.395 -6.001 -11.601 6.343 -6.053 -11.557
3 320 6.273 -6.05 -11.613 6.321 -6.001 -11.653 6.395 -6.001 -11.601
4 320 6.273 -6.05 -11.613 6.343 -6.053 -11.557 6.042 -6.503 -11.076 5.961 -6.516 -11.115
4 320 5.901 -6.929 -10.518 5.815 -6.956 -10.538 5.961 -6.516 -11.115 6.042 -6.503 -11.076
3 320 8.004 -6.615 -9.496 7.404 -7.338 -8.805 7.899 -6.61 -9.579
4 320 9.938 -5.938 -7.753 9.994 -5.816 -7.788 10.047 -5.803 -7.712 9.986 -5.936 -7.673
4 320 9.639 -6.308 -7.386 9.598 -6.302 -7.471 9.938 -5.938 -7.753 9.986 -5.936 -7.673
4 320 9.598 -6.302 -7.471 9.639 -6.308 -7.386 9.113 -6.77 -7.194 9.089 -6.749 -7.286
4 320 8.538 -7.189 -7.189 8.533 -7.155 -7.281 9.089 -6.749 -7.286 9.113 -6.77 -7.194
4 320 9.964 -4.041 -9.73 10.017 -3.967 -9.72 10.207 -4.259 -9.088 10.149 -4.323 -9.118
4 320 9.677 -3.906 -10.36 9.719 -3.827 -10.372 10.017 -3.967 -9.72 9.964 -4.041 -9.73
4 320 9.719 -3.827 -10.372 9.677 -3.906 -10.36 9.305 -3.927 -10.965 9.335 -3.849 -10.998
4 320 8.148 -4.168 -11.625 8.138 -4.098 -11.681 8.747 -3.896 -11.387 8.737 -3.972 -11.341
4 320 8.138 -4.098 -11.681 8.148 -4.168 -11.625 7.58 -4.503 -11.798 7.55 -4.444 -11.86
4 320 7.55 -4.444 -11.86 7.58 -4.503 -11.798 7.07 -4.952 -11.849 7.023 -4.909 -11.912
4 320 10.149 -4.323 -9.118 10.207 -4.259 -9.088 10.278 -4.682 -8.517 10.216 -4.733 -8.567
4 320 10.223 -5.209 -8.048 10.164 -5.242 -8.113 10.216 -4.733 -8.567 10.278 -4.682 -8.517
4 320 10.164 -5.242 -8.113 10.223 -5.209 -8.048 10.047 -5.803 -7.712 9.994 -5.816 -7.788
4 320 8.533 -7.155 -7.281 8.538 -7.189 -7.189 7.953 -7.538 -7.372 7.968 -7.492 -7.458
4 320 7.953 -7.538 -7.372 7.397 -7.791 -7.729 7.431 -7.737 -7.803 7.968 -7.492 -7.458
3 320 7.431 -7.737 -7.803 6.91 -7.933 -8.237 6.959 -7.873 -8.294
3 320 7.431 -7.737 -7.803 7.397 -7.791 -7.729 6.91 -7.933 -8.237
4 320 6.412 -7.847 -8.729 6.478 -7.791 -8.769 6.959 -7.873 -8.294 6.91 -7.933 -8.237
4 320 6.412 -7.847 -8.729 6.049 -7.645 -9.302 6.127 -7.596 -9.324 6.478 -7.791 -8.769
4 320 6.049 -7.645 -9.302 5.845 -7.341 -9.919 5.93 -7.302 -9.92 6.127 -7.596 -9.324
4 320 5.845 -7.341 -9.919 5.815 -6.956 -10.538 5.901 -6.929 -10.518 5.93 -7.302 -9.92
4 320 7.466 -7.509 -8.288 7.699 -7.422 -8.091 7.67 -7.475 -8.014 7.427 -7.565 -8.219
4 320 7.928 -7.357 -7.85 7.67 -7.475 -8.014 7.699 -7.422 -8.091 7.947 -7.308 -7.933
4 320 8.196 -7.213 -7.73 7.928 -7.357 -7.85 7.947 -7.308 -7.933 8.204 -7.17 -7.818
4 320 8.747 -3.896 -11.387 9.335 -3.849 -10.998 9.305 -3.927 -10.965 8.737 -3.972 -11.341
3 320 8.569 -5.575 -10.344 9.038 -4.632 -10.666 8.677 -5.582 -10.263
3 320 8.677 -5.582 -10.263 9.038 -4.632 -10.666 8.758 -5.562 -10.146


0 // Yellow
4 14 3.906 -9.714 -7.614 1.875 -9.83 -8.863 4.748 -8.843 -8.375 4.424 -9.339 -7.833
4 14 5.39 -6.405 -11.696 4.748 -8.843 -8.375 1.875 -9.83 -8.863 3.951 -6.01 -13.34
3 14 1.875 -6.46 -13.709 1.875 -3.652 -15.771 3.951 -6.01 -13.34
3 14 1.6 -1.875 -16.209 1.6 -3.388 -15.886 0 -1.85 -16.557
3 14 3.951 -6.01 -13.34 1.875 -3.652 -15.771 4.745 -1.923 -15.525
3 14 3.951 -6.01 -13.34 1.875 -9.83 -8.863 1.875 -6.46 -13.709
4 14 1.6 1.163 -17.181 1.6 .205 -17.178 0 .205 -17.517 0 1.163 -17.517
4 14 1.875 -12.022 -10.726 1.875 -7.57 -14.532 1.875 -3.652 -15.771 1.875 -6.46 -13.709
4 14 1.875 -6.46 -13.709 1.875 -9.83 -8.863 1.875 -14.203 -6.251 1.875 -12.022 -10.726
3 14 5.484 -6.004 -12.249 5.39 -6.405 -11.696 3.951 -6.01 -13.34
3 14 14.84 .663 -4.548 14.826 .205 -4.548 14.405 .205 -6.15
3 14 4.779 .186 -15.848 10.741 .205 -12.483 8.446 .199 -13.33
4 14 4.779 .186 -15.848 1.875 .198 -16.467 1.872 .21 -17.121 4.995 .205 -16.46
4 14 14.287 .205 -4.548 13.891 .205 -5.99 14.405 .205 -6.15 14.826 .205 -4.548
3 14 14.398 1.163 -6.157 14.84 .663 -4.548 14.405 .205 -6.15
4 14 8.446 .199 -13.33 7.475 -1.895 -13.642 4.745 -1.923 -15.525 4.779 .186 -15.848
4 14 2.324 -10.206 -7.328 1.875 -9.83 -8.863 3.906 -9.714 -7.614 3.277 -9.961 -7.338
3 14 4.995 .205 -16.46 10.741 .205 -12.483 4.779 .186 -15.848
4 14 10.737 1.163 -12.471 10.741 .205 -12.483 4.995 .205 -16.46 4.96 1.163 -16.475
4 14 1.6 .199 -16.531 1.6 -1.875 -16.209 0 -1.85 -16.557 0 .205 -16.861
3 14 2.324 -10.206 -7.328 3.277 -9.961 -7.338 2.609 -10.177 -7.191
4 14 14.405 .205 -6.15 13.891 .205 -5.99 10.312 .205 -12.049 10.741 .205 -12.483
4 14 14.398 1.163 -6.157 14.405 .205 -6.15 10.741 .205 -12.483 10.737 1.163 -12.471
4 14 7.475 -1.895 -13.642 5.683 -5.587 -12.398 3.951 -6.01 -13.34 4.745 -1.923 -15.525
3 14 3.951 -6.01 -13.34 5.683 -5.587 -12.398 5.484 -6.004 -12.249
3 14 1.875 -3.652 -15.771 1.875 -1.879 -16.149 4.745 -1.923 -15.525
4 14 0 .205 -16.861 0 .205 -17.517 1.6 .205 -17.178 1.6 .199 -16.531
4 14 1.872 1.163 -17.124 4.96 1.163 -16.475 4.995 .205 -16.46 1.872 .21 -17.121
3 14 10.312 .205 -12.049 8.446 .199 -13.33 10.741 .205 -12.483
4 14 1.875 -1.879 -16.149 1.875 .198 -16.467 4.779 .186 -15.848 4.745 -1.923 -15.525


0 // Side Rear Pattern
0 // Main
3 16 14.118 2.202 -6.633 10.733 2.205 -12.457 10.456 2.236 -12.151
3 16 13.742 2.209 -6.575 14.118 2.202 -6.633 10.456 2.236 -12.151
4 16 15.313 2.205 -2.806 14.544 2.188 -5.604 14.181 2.21 -5.511 14.776 2.226 -3.052
3 16 10.96 3.093 -11.379 13.742 2.209 -6.575 10.797 2.862 -11.633
4 16 13.352 3.72 -7.341 13.742 2.209 -6.575 10.96 3.093 -11.379 10.96 3.34 -11.402
3 16 13.761 2.533 -6.573 13.352 3.72 -7.341 13.766 2.751 -6.573
3 16 13.352 3.72 -7.341 13.801 2.975 -6.52 13.766 2.751 -6.573
4 16 13.381 5.906 -7.408 13.799 4.332 -6.58 13.352 3.72 -7.341 10.478 6.259 -12.5
3 16 13.799 4.332 -6.58 13.795 3.955 -6.572 13.352 3.72 -7.341
4 16 10.459 2.723 -12.193 10.797 2.862 -11.633 13.742 2.209 -6.575 10.456 2.236 -12.151
3 16 14.36 7.792 -4.98 13.987 8.441 -4.98 14.601 7.669 -3.101
3 16 13.742 2.209 -6.575 13.352 3.72 -7.341 13.761 2.533 -6.573
3 16 13.873 5.087 -6.48 13.381 5.906 -7.408 13.82 5.237 -6.585
4 16 13.91 4.651 -6.398 13.799 4.332 -6.58 13.381 5.906 -7.408 13.915 4.845 -6.397
3 16 12 13.145 -8.455 9.893 11.866 -12.023 12 13.977 -8.411
3 16 13.482 15.462 -5.871 13.011 14.712 -6.693 12.874 14.853 -6.913
3 16 13.482 15.462 -5.871 13.159 14.379 -6.464 13.011 14.712 -6.693
3 16 12.367 10.573 -7.978 9.893 11.866 -12.023 12 13.145 -8.455
3 16 13.482 15.462 -5.871 13.277 13.812 -6.297 13.159 14.379 -6.464
4 16 12.499 10.483 -7.763 12.509 10.258 -7.759 9.893 11.866 -12.023 12.367 10.573 -7.978
4 16 13.293 9.944 -6.471 13.703 8.798 -5.85 12.509 10.258 -7.759 12.835 10.255 -7.217
3 16 9.893 11.866 -12.023 12.509 10.258 -7.759 13.703 8.798 -5.85
3 16 12.554 10.343 -7.679 12.55 10.449 -7.681 12.706 10.343 -7.427
3 16 13.482 15.462 -5.871 13.354 12.946 -6.215 13.277 13.812 -6.297
3 16 13.373 11.75 -6.245 13.703 8.798 -5.85 13.293 9.944 -6.471
4 16 13.482 15.462 -5.871 13.703 8.798 -5.85 13.373 11.75 -6.245 13.354 12.946 -6.215
3 16 13.703 8.798 -5.85 14.531 15.755 -3.13 13.987 8.441 -4.98
4 16 10.464 3.706 -12.278 10.478 6.259 -12.5 13.352 3.72 -7.341 10.743 3.539 -11.79
3 16 14.776 2.226 -3.052 14.424 3.441 -4.532 14.78 4.707 -3.057
4 16 11.943 14.752 -8.4 12 13.977 -8.411 9.893 11.866 -12.023 9.739 14.812 -11.88
3 16 12 13.977 -8.411 11.943 14.752 -8.4 12 14.514 -8.341
3 16 12.698 14.956 -7.178 13.482 15.462 -5.871 12.874 14.853 -6.913
3 16 12 14.514 -8.341 11.943 14.752 -8.4 12.01 14.608 -8.313
3 16 12.01 14.608 -8.313 11.943 14.752 -8.4 12.045 14.68 -8.248
4 16 9.739 14.812 -11.88 13.482 15.462 -5.871 12.243 14.817 -7.917 11.943 14.752 -8.4
3 16 12.243 14.817 -7.917 13.482 15.462 -5.871 12.698 14.956 -7.178
3 16 14.531 15.755 -3.13 14.601 7.669 -3.101 13.987 8.441 -4.98
3 16 14.531 15.755 -3.13 13.703 8.798 -5.85 13.482 15.462 -5.871
4 16 14.205 4.332 -5.505 14.388 4.795 -4.742 14.78 4.707 -3.057 14.198 3.955 -5.512
4 16 14.146 3.638 -5.72 14.198 3.955 -5.512 14.78 4.707 -3.057 14.424 3.441 -4.532
3 16 13.898 3.238 -6.361 13.795 3.955 -6.572 13.905 3.638 -6.364
4 16 13.801 2.975 -6.52 13.352 3.72 -7.341 13.795 3.955 -6.572 13.898 3.238 -6.361
4 16 13.835 5.505 -6.58 13.381 5.906 -7.408 13.91 6.289 -6.476 13.894 5.636 -6.478
3 16 10.96 3.34 -11.402 10.743 3.539 -11.79 13.352 3.72 -7.341
3 16 13.988 6.996 -6.363 13.926 6.768 -6.465 13.964 7.172 -6.414
3 16 14.784 7.339 -3.061 14.36 7.792 -4.98 14.601 7.669 -3.101
3 16 13.964 7.172 -6.414 13.518 6.937 -7.217 12.113 8.056 -9.829
4 16 13.867 6.66 -6.57 13.518 6.937 -7.217 13.964 7.172 -6.414 13.926 6.768 -6.465
3 16 13.846 6.532 -6.603 13.518 6.937 -7.217 13.867 6.66 -6.57
3 16 13.915 4.845 -6.397 13.381 5.906 -7.408 13.873 5.087 -6.48
4 16 13.863 6.395 -6.566 13.381 5.906 -7.408 12.113 8.056 -9.829 13.518 6.937 -7.217
3 16 13.82 5.237 -6.585 13.381 5.906 -7.408 13.811 5.37 -6.614
4 16 14.358 6.753 -4.98 14.198 5.636 -5.606 14.205 6.289 -5.609 14.228 6.396 -5.518
3 16 13.518 6.937 -7.217 13.846 6.532 -6.603 13.863 6.395 -6.566
3 16 13.863 6.395 -6.566 13.91 6.289 -6.476 13.381 5.906 -7.408
4 16 14.784 7.339 -3.061 14.78 4.707 -3.057 14.358 6.753 -4.98 14.36 7.792 -4.98
4 16 14.183 2.753 -5.511 14.424 3.441 -4.532 14.776 2.226 -3.052 14.181 2.21 -5.511
4 16 14.217 5.237 -5.5 14.388 4.795 -4.742 14.169 4.845 -5.688 14.191 5.087 -5.604
3 16 14.183 2.753 -5.511 14.173 2.974 -5.564 14.424 3.441 -4.532
4 16 14.146 3.638 -5.72 14.424 3.441 -4.532 14.173 2.974 -5.564 14.14 3.238 -5.724
3 16 13.811 5.37 -6.614 13.381 5.906 -7.408 13.835 5.505 -6.58
4 16 13.381 5.906 -7.408 10.478 6.259 -12.5 10.495 9.207 -12.756 12.113 8.056 -9.829
4 16 14.358 6.753 -4.98 14.78 4.707 -3.057 14.22 5.505 -5.505 14.198 5.636 -5.606
4 16 14.388 4.795 -4.742 14.205 4.332 -5.505 14.166 4.651 -5.687 14.169 4.845 -5.688
3 16 14.226 5.37 -5.47 14.388 4.795 -4.742 14.217 5.237 -5.5
4 16 14.226 5.37 -5.47 14.22 5.505 -5.505 14.78 4.707 -3.057 14.388 4.795 -4.742
4 16 14.232 6.659 -5.515 14.209 6.767 -5.618 14.192 6.968 -5.703 14.358 6.753 -4.98
3 16 14.228 6.396 -5.518 14.239 6.546 -5.479 14.358 6.753 -4.98
3 16 14.358 6.753 -4.98 14.239 6.546 -5.479 14.232 6.659 -5.515
3 16 12.045 14.68 -8.248 11.943 14.752 -8.4 12.243 14.817 -7.917

0 // Black
4 0 10.743 3.539 -11.79 10.797 2.862 -11.633 10.459 2.723 -12.193 10.464 3.706 -12.278
4 0 10.96 3.34 -11.402 10.96 3.093 -11.379 10.797 2.862 -11.633 10.743 3.539 -11.79
3 0 14.056 2.207 -6.053 14.544 2.188 -5.604 14.39 2.205 -6.165
4 0 14.146 3.638 -5.72 14.14 3.238 -5.724 14.056 2.207 -6.053 14.064 4.128 -6.114
3 0 14.118 2.202 -6.633 13.742 2.209 -6.575 14.39 2.205 -6.165
4 0 14.14 3.238 -5.724 14.173 2.974 -5.564 14.183 2.753 -5.511 14.056 2.207 -6.053
3 0 14.076 6.983 -6.203 13.962 7.547 -6.433 14.078 7.547 -6.22
3 0 14.076 6.983 -6.203 14.205 7.222 -5.649 14.192 6.968 -5.703
4 0 14.192 6.968 -5.703 14.209 6.767 -5.618 14.073 6.288 -6.181 14.076 6.983 -6.203
4 0 14.056 2.207 -6.053 13.898 3.238 -6.361 13.905 3.638 -6.364 14.064 4.128 -6.114
3 0 13.898 3.238 -6.361 14.056 2.207 -6.053 13.801 2.975 -6.52
3 0 13.742 2.209 -6.575 14.056 2.207 -6.053 14.39 2.205 -6.165
3 0 13.795 3.955 -6.572 14.064 4.128 -6.114 13.905 3.638 -6.364
4 0 13.91 4.651 -6.398 14.064 4.128 -6.114 13.795 3.955 -6.572 13.799 4.332 -6.58
3 0 13.894 5.636 -6.478 14.073 6.288 -6.181 13.915 4.845 -6.397
4 0 13.988 6.996 -6.363 13.964 7.172 -6.414 13.962 7.547 -6.433 14.076 6.983 -6.203
3 0 14.217 5.237 -5.5 14.22 5.505 -5.505 14.226 5.37 -5.47
4 0 13.846 6.532 -6.603 14.073 6.288 -6.181 13.91 6.289 -6.476 13.863 6.395 -6.566
4 0 13.761 2.533 -6.573 13.766 2.751 -6.573 13.801 2.975 -6.52 14.056 2.207 -6.053
3 0 14.191 5.087 -5.604 14.168 5.567 -5.73 14.217 5.237 -5.5
4 0 14.239 6.546 -5.479 14.228 6.396 -5.518 14.205 6.289 -5.609 14.073 6.288 -6.181
3 0 14.064 4.128 -6.114 14.169 4.845 -5.688 14.166 4.651 -5.687
3 0 13.742 2.209 -6.575 13.761 2.533 -6.573 14.056 2.207 -6.053
4 0 14.073 6.288 -6.181 13.926 6.768 -6.465 13.988 6.996 -6.363 14.076 6.983 -6.203
4 0 14.064 4.128 -6.114 14.073 6.288 -6.181 14.191 5.087 -5.604 14.169 4.845 -5.688
3 0 14.191 5.087 -5.604 14.073 6.288 -6.181 14.168 5.567 -5.73
4 0 13.846 6.532 -6.603 13.867 6.66 -6.57 13.926 6.768 -6.465 14.073 6.288 -6.181
4 0 14.22 5.505 -5.505 14.217 5.237 -5.5 14.168 5.567 -5.73 14.198 5.636 -5.606
3 0 13.894 5.636 -6.478 13.873 5.087 -6.48 13.851 5.34 -6.536
3 0 14.205 4.332 -5.505 14.064 4.128 -6.114 14.166 4.651 -5.687
4 0 14.205 6.289 -5.609 14.198 5.636 -5.606 14.168 5.567 -5.73 14.073 6.288 -6.181
4 0 14.146 3.638 -5.72 14.064 4.128 -6.114 14.205 4.332 -5.505 14.198 3.955 -5.512
3 0 14.181 2.21 -5.511 14.056 2.207 -6.053 14.183 2.753 -5.511
4 0 14.073 6.288 -6.181 14.064 4.128 -6.114 13.91 4.651 -6.398 13.915 4.845 -6.397
3 0 13.82 5.237 -6.585 13.851 5.34 -6.536 13.873 5.087 -6.48
4 0 14.239 6.546 -5.479 14.073 6.288 -6.181 14.209 6.767 -5.618 14.232 6.659 -5.515
3 0 13.894 5.636 -6.478 13.915 4.845 -6.397 13.873 5.087 -6.48
3 0 13.91 6.289 -6.476 14.073 6.288 -6.181 13.894 5.636 -6.478
4 0 14.206 7.547 -5.654 14.205 7.222 -5.649 14.076 6.983 -6.203 14.078 7.547 -6.22
3 0 13.022 11.3 -6.852 13.044 11.175 -6.822 13.029 11.082 -6.852
3 0 12.479 11.175 -7.761 12.556 10.991 -7.643 12.5 11.082 -7.731
3 0 12.504 12.393 -7.656 12.444 12.157 -7.768 12.456 12.268 -7.743
3 0 14.544 2.188 -5.604 14.056 2.207 -6.053 14.181 2.21 -5.511
4 0 13.811 5.37 -6.614 13.835 5.505 -6.58 13.851 5.34 -6.536 13.82 5.237 -6.585
3 0 13.894 5.636 -6.478 13.851 5.34 -6.536 13.835 5.505 -6.58
4 0 12.575 10.816 -7.62 12.576 10.802 -7.619 12.514 10.745 -7.725 12.526 10.812 -7.702
4 0 12.526 10.812 -7.702 12.511 10.947 -7.719 12.556 10.991 -7.643 12.575 10.816 -7.62
4 0 12.576 10.802 -7.619 12.543 10.612 -7.684 12.493 10.628 -7.766 12.514 10.745 -7.725
4 0 12.55 10.449 -7.681 12.499 10.483 -7.763 12.493 10.628 -7.766 12.543 10.612 -7.684
4 0 12.55 10.449 -7.681 12.554 10.343 -7.679 12.509 10.258 -7.759 12.499 10.483 -7.763
4 0 12.835 10.255 -7.217 12.509 10.258 -7.759 12.554 10.343 -7.679 12.706 10.343 -7.427
4 0 13.077 10.253 -6.814 12.835 10.255 -7.217 12.706 10.343 -7.427 13.023 10.343 -6.901
4 0 13.012 10.612 -6.904 13.059 10.632 -6.824 13.077 10.253 -6.814 13.023 10.343 -6.901
4 0 13.059 10.632 -6.824 13.012 10.612 -6.904 12.966 10.802 -6.97 13.016 10.811 -6.886
4 0 13.016 10.811 -6.886 12.966 10.802 -6.97 12.979 10.991 -6.939 13.026 10.946 -6.864
4 0 12.979 10.991 -6.939 13.029 11.082 -6.852 13.072 11.032 -6.782 13.026 10.946 -6.864
4 0 13.029 11.082 -6.852 13.044 11.175 -6.822 13.095 11.171 -6.737 13.072 11.032 -6.782
4 0 13.095 11.171 -6.737 13.044 11.175 -6.822 13.022 11.3 -6.852 13.064 11.346 -6.78
4 0 13.064 11.346 -6.78 13.022 11.3 -6.852 12.972 11.389 -6.93 13.02 11.425 -6.849
4 0 12.972 11.389 -6.93 12.956 11.935 -6.928 13.006 11.902 -6.847 13.02 11.425 -6.849
4 0 12.956 11.935 -6.928 13.004 12.044 -6.843 13.049 12.001 -6.77 13.006 11.902 -6.847
4 0 13.004 12.044 -6.843 13.018 12.157 -6.814 13.068 12.155 -6.73 13.049 12.001 -6.77
4 0 12.999 12.268 -6.839 13.043 12.308 -6.765 13.068 12.155 -6.73 13.018 12.157 -6.814
4 0 13.043 12.308 -6.765 12.999 12.268 -6.839 12.943 12.393 -6.926 12.985 12.438 -6.855
4 0 12.985 12.438 -6.855 12.943 12.393 -6.926 12.895 12.595 -6.996 12.943 12.611 -6.915
4 0 12.89 12.757 -6.995 12.94 12.73 -6.914 12.943 12.611 -6.915 12.895 12.595 -6.996
4 0 12.89 12.757 -6.995 12.973 13.022 -6.843 13.023 12.997 -6.762 12.94 12.73 -6.914
4 0 13.023 12.997 -6.762 12.973 13.022 -6.843 12.96 13.336 -6.849 13.007 13.366 -6.769
4 0 12.847 13.6 -7.023 12.895 13.63 -6.942 13.007 13.366 -6.769 12.96 13.336 -6.849
4 0 12.837 13.863 -7.026 12.887 13.837 -6.944 12.895 13.63 -6.942 12.847 13.6 -7.023
4 0 12.837 13.863 -7.026 12.91 14.083 -6.893 12.957 14.047 -6.817 12.887 13.837 -6.944
4 0 12.957 14.047 -6.817 12.91 14.083 -6.893 12.929 14.32 -6.849 12.978 14.302 -6.77
4 0 12.556 10.991 -7.643 12.511 10.947 -7.719 12.46 11.032 -7.8 12.5 11.082 -7.731
4 0 12.428 11.171 -7.846 12.479 11.175 -7.761 12.5 11.082 -7.731 12.46 11.032 -7.8
4 0 12.494 11.3 -7.73 12.479 11.175 -7.761 12.428 11.171 -7.846 12.449 11.346 -7.802
4 0 12.449 11.346 -7.802 12.488 11.425 -7.733 12.538 11.389 -7.652 12.494 11.3 -7.73
4 0 12.472 11.902 -7.735 12.519 11.935 -7.654 12.538 11.389 -7.652 12.488 11.425 -7.733
4 0 12.519 11.935 -7.654 12.472 11.902 -7.735 12.422 12.001 -7.812 12.465 12.044 -7.739
4 0 12.394 12.155 -7.852 12.444 12.157 -7.768 12.465 12.044 -7.739 12.422 12.001 -7.812
4 0 12.394 12.155 -7.852 12.409 12.308 -7.818 12.456 12.268 -7.743 12.444 12.157 -7.768
4 0 12.504 12.393 -7.656 12.456 12.268 -7.743 12.409 12.308 -7.818 12.46 12.438 -7.727
4 0 12.46 12.438 -7.727 12.49 12.611 -7.668 12.54 12.595 -7.586 12.504 12.393 -7.656
4 0 12.534 12.757 -7.587 12.54 12.595 -7.586 12.49 12.611 -7.668 12.486 12.732 -7.668
4 0 12.534 12.757 -7.587 12.486 12.732 -7.668 12.386 12.997 -7.82 12.434 13.022 -7.739
4 0 12.379 13.366 -7.813 12.428 13.336 -7.733 12.434 13.022 -7.739 12.386 12.997 -7.82
4 0 12.524 13.6 -7.559 12.428 13.336 -7.733 12.379 13.366 -7.813 12.475 13.63 -7.64
4 0 12.47 13.837 -7.638 12.518 13.863 -7.557 12.524 13.6 -7.559 12.475 13.63 -7.64
4 0 12.386 14.051 -7.766 12.431 14.083 -7.689 12.518 13.863 -7.557 12.47 13.837 -7.638
4 0 12.347 14.323 -7.816 12.397 14.32 -7.733 12.431 14.083 -7.689 12.386 14.051 -7.766
3 0 12.397 14.32 -7.733 12.347 14.323 -7.816 12.457 14.606 -7.605
3 0 12.457 14.606 -7.605 12.347 14.323 -7.816 12.406 14.629 -7.683

0 // Grey
4 7 10.502 10.526 -12.871 14.082 8.088 -6.235 13.962 7.547 -6.433 12.113 8.056 -9.829
3 7 14.082 8.088 -6.235 14.078 7.547 -6.22 13.962 7.547 -6.433
3 7 12.113 8.056 -9.829 13.962 7.547 -6.433 13.964 7.172 -6.414
3 7 14.082 8.088 -6.235 10.502 10.526 -12.871 13.703 8.798 -5.85
3 7 10.502 10.526 -12.871 9.893 11.866 -12.023 13.703 8.798 -5.85
3 7 12.113 8.056 -9.829 10.495 9.207 -12.756 10.502 10.526 -12.871
4 7 14.082 8.088 -6.235 13.703 8.798 -5.85 13.987 8.441 -4.98 14.36 7.792 -4.98
3 7 14.206 7.547 -5.654 14.36 7.792 -4.98 14.205 7.222 -5.649
4 7 14.192 6.968 -5.703 14.205 7.222 -5.649 14.36 7.792 -4.98 14.358 6.753 -4.98
4 7 12.01 14.608 -8.313 12.243 14.817 -7.917 12 13.977 -8.411 12 14.514 -8.341
4 7 14.082 8.088 -6.235 14.36 7.792 -4.98 14.206 7.547 -5.654 14.078 7.547 -6.22
3 7 12.367 10.573 -7.978 12.493 10.628 -7.766 12.499 10.483 -7.763
3 7 12.493 10.628 -7.766 12.367 10.573 -7.978 12.514 10.745 -7.725
4 7 13.023 10.343 -6.901 12.706 10.343 -7.427 12.966 10.802 -6.97 13.012 10.612 -6.904
4 7 13.029 11.082 -6.852 12.576 10.802 -7.619 12.575 10.816 -7.62 13.022 11.3 -6.852
3 7 12.576 10.802 -7.619 13.029 11.082 -6.852 12.979 10.991 -6.939
4 7 12.55 10.449 -7.681 12.543 10.612 -7.684 12.966 10.802 -6.97 12.706 10.343 -7.427
4 7 12.576 10.802 -7.619 12.979 10.991 -6.939 12.966 10.802 -6.97 12.543 10.612 -7.684
3 7 12.243 14.817 -7.917 12.01 14.608 -8.313 12.045 14.68 -8.248
3 7 13.072 11.032 -6.782 13.016 10.811 -6.886 13.026 10.946 -6.864
4 7 13.373 11.75 -6.245 13.059 10.632 -6.824 13.016 10.811 -6.886 13.072 11.032 -6.782
3 7 13.077 10.253 -6.814 13.293 9.944 -6.471 12.835 10.255 -7.217
3 7 13.373 11.75 -6.245 13.095 11.171 -6.737 13.064 11.346 -6.78
4 7 13.077 10.253 -6.814 13.059 10.632 -6.824 13.373 11.75 -6.245 13.293 9.944 -6.471
3 7 13.373 11.75 -6.245 13.072 11.032 -6.782 13.095 11.171 -6.737
4 7 12.422 12.001 -7.812 12.428 11.171 -7.846 12.367 10.573 -7.978 12 13.145 -8.455
4 7 12 13.145 -8.455 12.49 12.611 -7.668 12.46 12.438 -7.727 12.409 12.308 -7.818
4 7 12.449 11.346 -7.802 12.422 12.001 -7.812 12.472 11.902 -7.735 12.488 11.425 -7.733
3 7 12.514 10.745 -7.725 12.511 10.947 -7.719 12.526 10.812 -7.702
3 7 12.514 10.745 -7.725 12.46 11.032 -7.8 12.511 10.947 -7.719
4 7 12.386 12.997 -7.82 12.486 12.732 -7.668 12.49 12.611 -7.668 12 13.145 -8.455
4 7 12.367 10.573 -7.978 12.428 11.171 -7.846 12.46 11.032 -7.8 12.514 10.745 -7.725
3 7 12.394 12.155 -7.852 12 13.145 -8.455 12.409 12.308 -7.818
3 7 12.428 11.171 -7.846 12.422 12.001 -7.812 12.449 11.346 -7.802
3 7 12.394 12.155 -7.852 12.422 12.001 -7.812 12 13.145 -8.455
4 7 12.479 11.175 -7.761 12.494 11.3 -7.73 12.538 11.389 -7.652 12.956 11.935 -6.928
3 7 12.895 12.595 -6.996 12.434 13.022 -7.739 12.89 12.757 -6.995
4 7 12.444 12.157 -7.768 12.504 12.393 -7.656 12.519 11.935 -7.654 12.465 12.044 -7.739
4 7 12.956 11.935 -6.928 12.519 11.935 -7.654 12.504 12.393 -7.656 12.54 12.595 -7.586
3 7 13.018 12.157 -6.814 12.943 12.393 -6.926 12.999 12.268 -6.839
4 7 12.534 12.757 -7.587 12.943 12.393 -6.926 13.018 12.157 -6.814 13.004 12.044 -6.843
4 7 13.022 11.3 -6.852 12.575 10.816 -7.62 12.556 10.991 -7.643 12.972 11.389 -6.93
4 7 12.479 11.175 -7.761 12.956 11.935 -6.928 12.972 11.389 -6.93 12.556 10.991 -7.643
4 7 12.534 12.757 -7.587 12.434 13.022 -7.739 12.895 12.595 -6.996 12.943 12.393 -6.926
4 7 12.54 12.595 -7.586 12.534 12.757 -7.587 13.004 12.044 -6.843 12.956 11.935 -6.928
3 7 12.519 11.935 -7.654 12.956 11.935 -6.928 12.538 11.389 -7.652
3 7 13.373 11.75 -6.245 13.049 12.001 -6.77 13.068 12.155 -6.73
3 7 13.02 11.425 -6.849 13.373 11.75 -6.245 13.064 11.346 -6.78
4 7 12.94 12.73 -6.914 13.043 12.308 -6.765 12.985 12.438 -6.855 12.943 12.611 -6.915
4 7 13.02 11.425 -6.849 13.006 11.902 -6.847 13.049 12.001 -6.77 13.373 11.75 -6.245
4 7 13.043 12.308 -6.765 12.94 12.73 -6.914 13.023 12.997 -6.762 13.354 12.946 -6.215
4 7 13.373 11.75 -6.245 13.068 12.155 -6.73 13.043 12.308 -6.765 13.354 12.946 -6.215
4 7 12.96 13.336 -6.849 12.973 13.022 -6.843 12.518 13.863 -7.557 12.847 13.6 -7.023
4 7 12.89 12.757 -6.995 12.434 13.022 -7.739 12.428 13.336 -7.733 12.973 13.022 -6.843
3 7 12.524 13.6 -7.559 12.973 13.022 -6.843 12.428 13.336 -7.733
3 7 12.518 13.863 -7.557 12.973 13.022 -6.843 12.524 13.6 -7.559
3 7 12.837 13.863 -7.026 12.847 13.6 -7.023 12.518 13.863 -7.557
4 7 12.379 13.366 -7.813 12 13.145 -8.455 12 13.977 -8.411 12.47 13.837 -7.638
3 7 12 13.145 -8.455 12.379 13.366 -7.813 12.386 12.997 -7.82
3 7 12.379 13.366 -7.813 12.47 13.837 -7.638 12.475 13.63 -7.64
4 7 13.354 12.946 -6.215 13.007 13.366 -6.769 12.895 13.63 -6.942 12.887 13.837 -6.944
3 7 13.007 13.366 -6.769 13.354 12.946 -6.215 13.023 12.997 -6.762
3 7 12 13.977 -8.411 12.386 14.051 -7.766 12.47 13.837 -7.638
3 7 12.347 14.323 -7.816 12.386 14.051 -7.766 12 13.977 -8.411
4 7 13.354 12.946 -6.215 12.887 13.837 -6.944 12.957 14.047 -6.817 13.277 13.812 -6.297
4 7 12.837 13.863 -7.026 12.518 13.863 -7.557 12.929 14.32 -6.849 12.91 14.083 -6.893
3 7 12.431 14.083 -7.689 12.929 14.32 -6.849 12.518 13.863 -7.557
4 7 12.957 14.047 -6.817 12.978 14.302 -6.77 13.159 14.379 -6.464 13.277 13.812 -6.297
3 7 12.929 14.32 -6.849 12.874 14.853 -6.913 12.978 14.302 -6.77
4 7 12.431 14.083 -7.689 12.397 14.32 -7.733 12.874 14.853 -6.913 12.929 14.32 -6.849
4 7 12.978 14.302 -6.77 12.874 14.853 -6.913 13.011 14.712 -6.693 13.159 14.379 -6.464
4 7 12.397 14.32 -7.733 12.457 14.606 -7.605 12.698 14.956 -7.178 12.874 14.853 -6.913
4 7 12.347 14.323 -7.816 12 13.977 -8.411 12.243 14.817 -7.917 12.406 14.629 -7.683
4 7 12.457 14.606 -7.605 12.406 14.629 -7.683 12.243 14.817 -7.917 12.698 14.956 -7.178

0 // Grey Front
3 7 6.152 12.642 -16.785 6.156 13.275 -16.855 6.223 13.924 -15.179
3 7 6.156 13.275 -16.855 6.157 14.429 -15.223 6.223 13.924 -15.179
3 7 6.152 12.642 -16.785 6.223 13.924 -15.179 10.502 10.526 -12.871
3 7 6.157 14.429 -15.223 6.156 13.275 -16.855 6.244 15.194 -17.837
3 7 6.244 15.194 -17.837 6.731 15.304 -17.48 6.785 15.135 -16.914
3 7 6.692 15.426 -17.614 6.731 15.304 -17.48 6.244 15.194 -17.837
3 7 10.502 10.526 -12.871 10.495 9.207 -12.756 9.319 9.848 -13.66
4 7 6.244 15.194 -17.837 6.785 15.135 -16.914 6.983 14.517 -14.452 6.157 14.429 -15.223
3 7 6.244 15.194 -17.837 6.247 16.819 -18.447 6.692 15.426 -17.614
4 7 6.152 12.642 -16.785 10.502 10.526 -12.871 9.319 9.848 -13.66 8.371 10.64 -14.586
3 7 10.502 10.526 -12.871 6.223 13.924 -15.179 9.893 11.866 -12.023

0 // Main Front
4 16 4.928 2.204 -16.489 0 2.205 -17.517 0 2.205 -17.114 4.768 2.207 -16.121
3 16 10.733 2.205 -12.457 4.928 2.204 -16.489 4.768 2.207 -16.121
3 16 10.733 2.205 -12.457 4.768 2.207 -16.121 10.456 2.236 -12.151
3 16 0 18.262 -20.904 1.2 18.262 -20.651 0 18.132 -20.868
4 16 5.083 19.675 -20.249 5.007 18.257 -19.849 1.85 18.914 -20.693 1.85 19.69 -20.915
3 16 5.007 18.257 -19.849 1.799 18.659 -20.634 1.85 18.914 -20.693
3 16 1.2 18.262 -20.651 5.007 18.257 -19.849 0 18.132 -20.868
3 16 5.007 18.257 -19.849 1.66 18.453 -20.606 1.799 18.659 -20.634
3 16 1.453 18.313 -20.612 5.007 18.257 -19.849 1.2 18.262 -20.651
3 16 5.007 18.257 -19.849 1.453 18.313 -20.612 1.66 18.453 -20.606
3 16 1.85 20.259 -20.772 5.083 19.675 -20.249 1.85 19.69 -20.915
3 16 5.083 19.675 -20.249 1.85 20.259 -20.772 1.8 20.506 -20.72
4 16 5.083 19.675 -20.249 1.8 20.506 -20.72 1.66 20.659 -20.717 4.966 20.86 -20.038
4 16 1.2 20.799 -20.778 .512 20.831 -20.905 .40505712890625 20.95276171875 -20.901328125 4.966 20.86 -20.038
3 16 .512 20.831 -20.905 1.2 20.799 -20.778 .641 20.799 -20.886
3 16 1.453 20.747 -20.739 4.966 20.86 -20.038 1.66 20.659 -20.717
3 16 4.966 20.86 -20.038 1.453 20.747 -20.739 1.2 20.799 -20.778
3 16 .40505712890625 20.95276171875 -20.901328125 0 20.961 -20.978 4.547 21.455 -19.16
3 16 4.547 21.455 -19.16 4.966 20.86 -20.038 .40505712890625 20.95276171875 -20.901328125
3 16 0 20.961 -20.978 0 21.455 -20.125 4.547 21.455 -19.16
4 16 6.156 13.275 -16.855 6.152 12.642 -16.785 2.66 12.409 -17.718 3.151 13.058 -17.661
4 16 0 12.598 -18.476 0 12.84 -18.508 .87 12.898 -18.274 .39 12.64 -18.374
4 16 7.183 4.461 -14.651 4.731 5.031 -16.471 4.703 7.204 -16.74 10.478 6.259 -12.5
4 16 4.768 2.207 -16.121 8.008 2.565 -13.89 10.459 2.723 -12.193 10.456 2.236 -12.151
3 16 9.663 3.96 -12.861 10.478 6.259 -12.5 10.464 3.706 -12.278
3 16 10.478 6.259 -12.5 9.663 3.96 -12.861 7.183 4.461 -14.651
4 16 3.721 15.159 -18.516 1.884 13.551 -18.306 0 12.84 -18.508 0 15.108 -19.518
3 16 4.178 14.415 -18.059 4.827 15.174 -18.219 6.244 15.194 -17.837
3 16 1.884 13.551 -18.306 .87 12.898 -18.274 0 12.84 -18.508
4 16 4.178 14.415 -18.059 6.244 15.194 -17.837 6.156 13.275 -16.855 3.151 13.058 -17.661
3 16 0 15.108 -19.518 0 18.132 -20.868 5.007 18.257 -19.849
4 16 3.721 15.159 -18.516 0 15.108 -19.518 5.007 18.257 -19.849 5.506 17.023 -19.038
3 16 4.827 15.174 -18.219 5.795 16.307 -18.568 6.244 15.194 -17.837
3 16 6.157 14.429 -15.223 6.983 14.517 -14.452 6.223 13.924 -15.179
3 16 9.893 11.866 -12.023 6.983 14.517 -14.452 9.739 14.812 -11.88
4 16 6.731 15.304 -17.48 11.419 16.357 -14.052 9.739 14.812 -11.88 6.785 15.135 -16.914
3 16 6.983 14.517 -14.452 9.893 11.866 -12.023 6.223 13.924 -15.179
4 16 11.989 18.17 -14.974 6.692 15.426 -17.614 6.247 16.819 -18.447 7.49 18.226 -18.116
4 16 6.692 15.426 -17.614 11.989 18.17 -14.974 11.419 16.357 -14.052 6.731 15.304 -17.48
3 16 9.739 14.812 -11.88 6.983 14.517 -14.452 6.785 15.135 -16.914
3 16 5.795 16.307 -18.568 6.247 16.819 -18.447 6.244 15.194 -17.837
3 16 5.506 17.023 -19.038 5.007 18.257 -19.849 6.687 18.235 -18.676
4 16 4.703 7.204 -16.74 9.319 9.848 -13.66 10.495 9.207 -12.756 10.478 6.259 -12.5
4 16 4.765 2.474 -16.154 4.768 2.207 -16.121 0 2.205 -17.114 0 2.463 -17.148
4 16 2.429 7.14 -17.229 4.703 7.204 -16.74 3.011 6.018 -16.966 2.617 6.56 -17.118
4 16 3.011 6.018 -16.966 4.703 7.204 -16.74 4.731 5.031 -16.471 3.603 5.454 -16.769
4 16 8.2 18.996 -17.868 8.671 19.504 -17.571 12 19.346 -15.086 11.989 18.17 -14.974
3 16 7.916 19.54 -18.134 7.538 19.14 -18.374 5.083 19.675 -20.249
3 16 7.49 18.226 -18.116 8.2 18.996 -17.868 11.989 18.17 -14.974
4 16 7.538 19.14 -18.374 6.687 18.235 -18.676 5.007 18.257 -19.849 5.083 19.675 -20.249
3 16 8.671 19.504 -17.571 9.069 19.977 -17.15 12 19.346 -15.086
4 16 8.449 20.11 -17.586 7.916 19.54 -18.134 5.083 19.675 -20.249 4.966 20.86 -20.038
3 16 11.786 20.266 -14.94 9.143 20.408 -16.945 8.943 20.515 -17.063
3 16 9.18 20.197 -16.988 12 19.346 -15.086 9.069 19.977 -17.15
3 16 4.966 20.86 -20.038 8.794 20.479 -17.192 8.449 20.11 -17.586
3 16 8.794 20.479 -17.192 4.966 20.86 -20.038 8.943 20.515 -17.063
3 16 4.547 21.455 -19.16 8.943 20.515 -17.063 4.966 20.86 -20.038
3 16 4.547 21.455 -19.16 11.786 20.266 -14.94 8.943 20.515 -17.063
3 16 10.476 21.449 -14.043 11.786 20.266 -14.94 4.547 21.455 -19.16
4 16 2.429 7.14 -17.229 1.4 10.252 -17.862 1.384 10.534 -17.903 4.703 7.204 -16.74
3 16 4.703 7.204 -16.74 1.384 10.534 -17.903 1.433 10.7 -17.914
4 16 1.63 11.041 -17.888 2.66 12.409 -17.718 6.152 12.642 -16.785 4.703 7.204 -16.74
4 16 1.63 11.041 -17.888 4.703 7.204 -16.74 1.433 10.7 -17.914 1.503 10.85 -17.907
3 16 4.703 7.204 -16.74 6.152 12.642 -16.785 8.371 10.64 -14.586
3 16 4.703 7.204 -16.74 8.371 10.64 -14.586 9.319 9.848 -13.66
4 16 9.18 20.197 -16.988 9.143 20.408 -16.945 11.786 20.266 -14.94 12 19.346 -15.086
3 16 8.008 2.565 -13.89 4.768 2.207 -16.121 4.765 2.474 -16.154

0 // Black Visor
4 0 1.66 20.659 -20.717 1.18 20.096 -20.951 1.127 20.176 -20.942 1.453 20.747 -20.739
4 0 .5 18.999 -21 .35 18.998 -21.031 .408 19.696 -21.212 .566 19.695 -21.179
3 0 1.2 18.262 -20.651 .75 18.749 -20.879 .95 18.749 -20.837
4 0 1.85 20.259 -20.772 1.85 19.69 -20.915 1.2 19.693 -21.049 1.2 19.999 -20.972
4 0 .35 18.998 -21.031 .5 18.999 -21 .518 18.9 -20.969 .33 18.901 -21.009
3 0 .194 20.374 -21.086 .40505712890625 20.95276171875 -20.901328125 .512 20.831 -20.905
3 0 1.18 20.096 -20.951 1.66 20.659 -20.717 1.8 20.506 -20.72
3 0 .444 20.124 -21.097 .614 20.096 -21.069 .594 19.999 -21.097
4 0 .569 18.828 -20.939 .277 18.822 -20.998 .33 18.901 -21.009 .518 18.9 -20.969
4 0 .569 18.828 -20.939 .653 18.768 -20.905 .197 18.768 -21 .277 18.822 -20.998
3 0 .197 18.768 -21 0 18.262 -20.904 .1 18.747 -21.015
3 0 .197 18.768 -21 .653 18.768 -20.905 0 18.262 -20.904
3 0 .1 18.747 -21.015 0 18.262 -20.904 0 18.749 -21.037
4 0 .653 18.768 -20.905 .75 18.749 -20.879 1.2 18.262 -20.651 0 18.262 -20.904
3 0 1.2 20.799 -20.778 1.047 20.229 -20.945 .95 20.249 -20.961
4 0 0 20.374 -21.126 0 20.961 -20.978 .40505712890625 20.95276171875 -20.901328125 .194 20.374 -21.086
3 0 .512 20.831 -20.905 .292 20.354 -21.07 .194 20.374 -21.086
3 0 .641 20.799 -20.886 .747 20.229 -21.008 .371 20.301 -21.067
3 0 .641 20.799 -20.886 .844 20.249 -20.982 .747 20.229 -21.008
4 0 .641 20.799 -20.886 .371 20.301 -21.067 .292 20.354 -21.07 .512 20.831 -20.905
4 0 1.453 18.313 -20.612 1.2 18.262 -20.651 1.047 18.768 -20.822 1.127 18.822 -20.82
3 0 1.2 18.262 -20.651 .95 18.749 -20.837 1.047 18.768 -20.822
4 0 .425 20.221 -21.076 .371 20.301 -21.067 .747 20.229 -21.008 .667 20.176 -21.038
4 0 1.453 18.313 -20.612 1.127 18.822 -20.82 1.184 18.898 -20.828 1.66 18.453 -20.606
4 0 .667 20.176 -21.038 .614 20.096 -21.069 .444 20.124 -21.097 .425 20.221 -21.076
4 0 .566 19.695 -21.179 .408 19.696 -21.212 .444 20.124 -21.097 .594 19.999 -21.097
3 0 1.85 18.914 -20.693 1.184 18.898 -20.828 1.2 18.999 -20.853
4 0 .95 20.249 -20.961 .844 20.249 -20.982 .641 20.799 -20.886 1.2 20.799 -20.778
4 0 1.047 20.229 -20.945 1.2 20.799 -20.778 1.453 20.747 -20.739 1.127 20.176 -20.942
4 0 1.2 19.999 -20.972 1.18 20.096 -20.951 1.8 20.506 -20.72 1.85 20.259 -20.772
4 0 1.85 19.69 -20.915 1.85 18.914 -20.693 1.2 18.999 -20.853 1.2 19.693 -21.049
4 0 1.66 18.453 -20.606 1.184 18.898 -20.828 1.85 18.914 -20.693 1.799 18.659 -20.634
3 0 .39 12.64 -18.374 .983 12.172 -18.156 .632 11.994 -18.237
4 0 9.663 3.96 -12.861 8.008 2.565 -13.89 4.765 2.474 -16.154 7.183 4.461 -14.651
4 0 10.464 3.706 -12.278 10.459 2.723 -12.193 8.008 2.565 -13.89 9.663 3.96 -12.861
3 0 7.183 4.461 -14.651 4.765 2.474 -16.154 4.731 5.031 -16.471
4 0 3.603 5.454 -16.769 4.731 5.031 -16.471 4.765 2.474 -16.154 0 2.463 -17.148
3 0 0 12.598 -18.476 .296 11.916 -18.322 0 11.916 -18.387
4 0 1.384 10.534 -17.903 .65 10.908 -18.112 .296 11.916 -18.322 .983 11.121 -18.067
3 0 3.603 5.454 -16.769 0 2.463 -17.148 3.011 6.018 -16.966
3 0 3.011 6.018 -16.966 0 2.463 -17.148 2.617 6.56 -17.118
3 0 .296 11.916 -18.322 .632 11.994 -18.237 .983 11.121 -18.067
3 0 2.617 6.56 -17.118 0 2.463 -17.148 2.429 7.14 -17.229
4 0 .65 10.908 -18.112 1.384 10.534 -17.903 1.4 10.252 -17.862 .455 10.784 -18.139
3 0 1.4 10.252 -17.862 .243 10.695 -18.174 .455 10.784 -18.139
3 0 1.4 10.252 -17.862 0 10.642 -18.22 .243 10.695 -18.174
4 0 2.429 7.14 -17.229 0 2.463 -17.148 0 10.642 -18.22 1.4 10.252 -17.862
3 0 1.384 10.534 -17.903 .983 11.121 -18.067 1.433 10.7 -17.914
4 0 1.149 11.28 -18.038 1.503 10.85 -17.907 1.433 10.7 -17.914 .983 11.121 -18.067
3 0 1.503 10.85 -17.907 1.149 11.28 -18.038 1.63 11.041 -17.888
4 0 0 12.598 -18.476 .39 12.64 -18.374 .632 11.994 -18.237 .296 11.916 -18.322
4 0 1.545 11.833 -17.975 1.63 11.041 -17.888 1.149 11.28 -18.038 1.289 11.503 -18.018
3 0 1.63 11.041 -17.888 1.545 11.833 -17.975 2.66 12.409 -17.718
3 0 .87 12.898 -18.274 1.283 12.343 -18.089 .983 12.172 -18.156
3 0 1.85 12.355 -17.94 1.95 12.526 -17.929 2.66 12.409 -17.718
3 0 2.66 12.409 -17.718 1.545 11.833 -17.975 1.85 12.355 -17.94
3 0 .87 12.898 -18.274 .983 12.172 -18.156 .39 12.64 -18.374
4 0 2.66 12.409 -17.718 1.95 12.526 -17.929 1.832 12.775 -17.994 3.151 13.058 -17.661
4 0 .87 12.898 -18.274 1.884 13.551 -18.306 4.178 14.415 -18.059 3.151 13.058 -17.661
4 0 4.827 15.174 -18.219 4.178 14.415 -18.059 1.884 13.551 -18.306 3.721 15.159 -18.516
4 0 5.795 16.307 -18.568 4.827 15.174 -18.219 3.721 15.159 -18.516 5.506 17.023 -19.038
3 0 6.687 18.235 -18.676 7.49 18.226 -18.116 6.247 16.819 -18.447
4 0 6.247 16.819 -18.447 5.795 16.307 -18.568 5.506 17.023 -19.038 6.687 18.235 -18.676
3 0 .87 12.898 -18.274 1.832 12.775 -17.994 1.283 12.343 -18.089
4 0 6.687 18.235 -18.676 7.538 19.14 -18.374 8.2 18.996 -17.868 7.49 18.226 -18.116
4 0 8.671 19.504 -17.571 8.2 18.996 -17.868 7.538 19.14 -18.374 7.916 19.54 -18.134
4 0 9.069 19.977 -17.15 8.671 19.504 -17.571 7.916 19.54 -18.134 8.449 20.11 -17.586
4 0 9.143 20.408 -16.945 9.18 20.197 -16.988 9.069 19.977 -17.15 8.943 20.515 -17.063
4 0 1.289 11.503 -18.018 .983 12.172 -18.156 1.283 12.343 -18.089 1.545 11.833 -17.975
4 0 8.449 20.11 -17.586 8.794 20.479 -17.192 8.943 20.515 -17.063 9.069 19.977 -17.15
3 0 .87 12.898 -18.274 3.151 13.058 -17.661 1.832 12.775 -17.994

0 // Dark Bluish Grey
3 72 .566 19.695 -21.179 1.2 19.999 -20.972 1.2 19.693 -21.049
3 72 .566 19.695 -21.179 1.18 20.096 -20.951 1.2 19.999 -20.972
4 72 .747 20.229 -21.008 .844 20.249 -20.982 .614 20.096 -21.069 .667 20.176 -21.038
4 72 1.18 20.096 -20.951 .566 19.695 -21.179 .594 19.999 -21.097 1.127 20.176 -20.942
3 72 .844 20.249 -20.982 .95 20.249 -20.961 1.047 20.229 -20.945
4 72 .844 20.249 -20.982 1.047 20.229 -20.945 1.127 20.176 -20.942 .614 20.096 -21.069
3 72 1.127 20.176 -20.942 .594 19.999 -21.097 .614 20.096 -21.069
4 72 0 19.698 -21.296 0 20.374 -21.126 .194 20.374 -21.086 .408 19.696 -21.212
3 72 .425 20.221 -21.076 .408 19.696 -21.212 .371 20.301 -21.067
3 72 .425 20.221 -21.076 .444 20.124 -21.097 .408 19.696 -21.212
4 72 .197 18.768 -21 .1 18.747 -21.015 0 18.749 -21.037 0 19.698 -21.296
3 72 .197 18.768 -21 .33 18.901 -21.009 .277 18.822 -20.998
4 72 .35 18.998 -21.031 .33 18.901 -21.009 .197 18.768 -21 0 19.698 -21.296
4 72 .518 18.9 -20.969 .5 18.999 -21 .566 19.695 -21.179 1.2 18.999 -20.853
4 72 1.184 18.898 -20.828 1.127 18.822 -20.82 1.047 18.768 -20.822 .95 18.749 -20.837
3 72 .653 18.768 -20.905 .95 18.749 -20.837 .75 18.749 -20.879
4 72 .569 18.828 -20.939 1.184 18.898 -20.828 .95 18.749 -20.837 .653 18.768 -20.905
4 72 .518 18.9 -20.969 1.2 18.999 -20.853 1.184 18.898 -20.828 .569 18.828 -20.939
4 72 .371 20.301 -21.067 .408 19.696 -21.212 .194 20.374 -21.086 .292 20.354 -21.07
3 72 1.2 19.693 -21.049 1.2 18.999 -20.853 .566 19.695 -21.179
3 72 .408 19.696 -21.212 .35 18.998 -21.031 0 19.698 -21.296
4 72 .243 10.695 -18.174 0 10.642 -18.22 0 11.916 -18.387 .296 11.916 -18.322
4 72 .296 11.916 -18.322 .65 10.908 -18.112 .455 10.784 -18.139 .243 10.695 -18.174
3 72 1.149 11.28 -18.038 .983 11.121 -18.067 .632 11.994 -18.237
3 72 1.85 12.355 -17.94 1.832 12.775 -17.994 1.95 12.526 -17.929
3 72 1.85 12.355 -17.94 1.283 12.343 -18.089 1.832 12.775 -17.994
3 72 1.85 12.355 -17.94 1.545 11.833 -17.975 1.283 12.343 -18.089
4 72 .632 11.994 -18.237 .983 12.172 -18.156 1.289 11.503 -18.018 1.149 11.28 -18.038
