0 ~Sticker  0.8 x  1.9 with Red Stripe on Black and Yellow Background Left - Upper Section 2
0 Name: s\6142622ps02.dat
0 Author: Massimo Maso [Sirio]
0 !LICENSE Licensed under CC BY 4.0 : see CAreadme.txt
0 BFC CERTIFY CCW
1 0 1.375 -.25 -2.1047 1 0 0 0 1 0 0 0 1 2-4ndis.dat
1 4 1.375 -.25 -2.1047 1 0 0 0 1 0 0 0 1 2-4chrd.dat
4 4 .375 -.25 -2.1047 .375 -.25 -7.3435 2.375 -.25 -7.3435 2.375 -.25 -2.1047
4 0 1.375 -.25 -1.1047 2.375 -.25 -1.1047 8 -.25 .0121 -1.125 -.25 .0121
3 0 1.375 -.25 -1.1047 -1.125 -.25 .0121 .375 -.25 -1.1047
3 0 .375 -.25 -2.1047 .375 -.25 -1.1047 -1.125 -.25 .0121
4 0 .375 -.25 -2.1047 -1.125 -.25 .0121 -1.125 -.25 -7.3435 .375 -.25 -7.3435
3 0 8 -.25 .0121 2.375 -.25 -1.1047 2.375 -.25 -2.1047
4 0 8 -.25 .0121 2.375 -.25 -2.1047 2.375 -.25 -7.3435 8 -.25 -7.3435
3 14 -8 -.25 -7.3435 -1.125 -.25 .0121 -8 -.25 .0121
3 14 -8 -.25 -7.3435 -1.125 -.25 -7.3435 -1.125 -.25 .0121
