0 ~Sticker  1.9 x  0.8 with Red "P1" and Grey Triangle on Black Background Right - Third Face
0 Name: s\6142275zs03.dat
0 Author: Massimo Maso [Sirio]
0 !LICENSE Licensed under CC BY 4.0 : see CAreadme.txt
0 BFC CERTIFY CCW
1 0 -4.8 -.25 6.2172 -1.3 0 0 0 1 0 0 0 -1.3 1-4ndis.dat
1 4 -4.8 -.25 6.2172 -.5 0 0 0 1 0 0 0 -.5 1-4ring1.dat
1 4 -4.8 -.25 6.2172 -.2 0 0 0 1 0 0 0 -.2 1-4ring5.dat
1 4 -4.8 -.25 6.2172 -.1 0 0 0 1 0 0 0 -.1 1-4ring12.dat
1 15 -4.8 -.25 6.2172 -.5 0 0 0 1 0 0 0 -.5 1-4chrd.dat
1 0 2.4 -.25 6.2172 1.3 0 0 0 1 0 0 0 -1.3 1-4ndis.dat
1 4 2.4 -.25 6.2172 .5 0 0 0 1 0 0 0 -.5 1-4ring1.dat
1 4 2.4 -.25 6.2172 .2 0 0 0 1 0 0 0 -.2 1-4ring5.dat
1 4 2.4 -.25 6.2172 .1 0 0 0 1 0 0 0 -.1 1-4ring12.dat
1 15 2.4 -.25 6.2172 .5 0 0 0 1 0 0 0 -.5 1-4chrd.dat
4 0 -8 -.25 7.2284 -8 -.25 -.0128 -6.1 -.25 6.2172 -6.1 -.25 7.2284
3 0 -8 -.25 -.0128 -6.1 -.25 4.9172 -6.1 -.25 6.2172
3 0 -8 -.25 -.0128 -4.8 -.25 4.9172 -6.1 -.25 4.9172
4 0 -8 -.25 -.0128 3.2473 -.25 -.0128 2.4 -.25 4.9172 -4.8 -.25 4.9172
3 0 5.2185 -.25 7.2284 3.7 -.25 7.2284 3.7 -.25 6.2172
3 0 5.2185 -.25 7.2284 3.7 -.25 6.2172 3.7 -.25 4.9172
3 0 5.2185 -.25 7.2284 3.7 -.25 4.9172 3.2473 -.25 -.0128
3 0 3.2473 -.25 -.0128 3.7 -.25 4.9172 2.4 -.25 4.9172
4 71 8 -.25 7.2284 5.2185 -.25 7.2284 3.2473 -.25 -.0128 8 -.25 -.0128
4 4 -5.3 -.25 7.2284 -6.1 -.25 7.2284 -6.1 -.25 6.2172 -6 -.25 6.2172
3 4 -5.3 -.25 7.2284 -6 -.25 6.2172 -5.8 -.25 6.2172
3 4 -5.3 -.25 7.2284 -5.8 -.25 6.2172 -5.3 -.25 6.2172
3 4 2.9 -.25 7.2284 2.9 -.25 6.2172 3.4 -.25 6.2172
3 4 2.9 -.25 7.2284 3.4 -.25 6.2172 3.6 -.25 6.2172
4 4 2.9 -.25 7.2284 3.6 -.25 6.2172 3.7 -.25 6.2172 3.7 -.25 7.2284
4 4 -4.8 -.25 5.7172 -4.8 -.25 5.2172 2.4 -.25 5.2172 2.4 -.25 5.7172
4 4 -4.8 -.25 5.2172 -4.8 -.25 5.0172 2.4 -.25 5.0172 2.4 -.25 5.2172
4 4 -4.8 -.25 5.0172 -4.8 -.25 4.9172 2.4 -.25 4.9172 2.4 -.25 5.0172
4 15 -5.3 -.25 7.2284 -5.3 -.25 6.2172 2.9 -.25 6.2172 2.9 -.25 7.2284
4 15 -5.3 -.25 6.2172 -4.8 -.25 5.7172 2.4 -.25 5.7172 2.9 -.25 6.2172
