0 ~Glass for Panel  1 x  4 x  3 with Fixed Glass
0 Name: s\6156s01.dat
0 Author: Magnus Forsberg [MagFors]
0 !LDRAW_ORG Unofficial_Subpart
0 !LICENSE Redistributable under CCAL version 2.0 : see CAreadme.txt

0 BFC CERTIFY CCW


2 24 -27 4 -3 27 4 -3
2 24 27 4 -3 29 4 -1
2 24 29 4 -1 29 4 6
2 24 -27 4 -3 -29 4 -1
2 24 -29 4 -1 -29 4 6
4 16 27 4 -3 -27 4 -3 -29 4 -1 29 4 -1
4 16 -29 4 6 29 4 6 29 4 -1 -29 4 -1

5 24 29 4 -1 29 2 -1 29 2 6 27 2 -3
5 24 27 4 -3 27 2 -3 29 2 -1 -27 2 -3
5 24 -27 4 -3 -27 2 -3 -29 2 -1 27 2 -3
5 24 -29 4 -1 -29 2 -1 -27 2 -3 -29 2 6
4 16 27 2 -3 27 4 -3 29 4 -1 29 2 -1
4 16 -27 2 -3 -27 4 -3 27 4 -3 27 2 -3
4 16 29 2 -1 29 4 -1 29 4 10 29 2 6
4 16 -29 2 -1 -29 4 -1 -27 4 -3 -27 2 -3
4 16 -29 2 6 -29 4 10 -29 4 -1 -29 2 -1
4 16 -29 2 -1 -27 2 -3 27 2 -3 29 2 -1
4 16 29 2 -1 29 2 6 -29 2 6 -29 2 -1

4 16 -31 4 10 -31 4 8 -29 4 6 -29 4 10
4 16 -34 4 8 -34 4 6 -29 4 6 -31 4 8
4 16 -31 4 8 -33 6 8 -36 6 8 -34 4 8
4 16 -36 6 8 -33 6 8 -33 46 8 -36 58 8
4 16 -34 60 8 -36 58 8 -33 46 8 -31 48 8
3 16 -34 60 8 -31 48 8 -32 60 8

4 16 29 4 6 31 4 8 31 4 10 29 4 10
4 16 29 4 6 34 4 6 34 4 8 31 4 8
4 16 31 4 8 34 4 8 36 6 8 33 6 8
4 16 33 46 8 33 6 8 36 6 8 36 58 8
4 16 33 46 8 36 58 8 34 60 8 31 48 8
3 16 31 48 8 34 60 8 32 60 8
4 16 29 4 10 -29 4 10 -29 2 6 29 2 6

0 // back
2 24 32 60 6 32 64 6
2 24 -32 60 6 -32 64 6
2 24 32 60 6 34 60 6
2 24 34 60 6 36 58 6
2 24 36 6 6 34 4 6
2 24 -34 4 6 -36 6 6
2 24 -36 6 6 -36 58 6
2 24 36 6 6 36 58 6
2 24 -36 58 6 -34 60 6
2 24 -34 60 6 -32 60 6
2 24 34 4 8 34 4 6
5 24 -36 6 8 -36 6 6 -36 58 6 -34 4 6
2 24 32 60 8 32 60 6
2 24 -32 60 8 -32 60 6
5 24 -36 58 8 -36 58 6 -36 6 6 -34 60 6
5 24 -34 60 8 -34 60 6 -32 60 6 -36 58 6
2 24 -34 4 8 -34 4 6
5 24 36 58 8 36 58 6 36 6 6 34 60 6
5 24 34 60 8 34 60 6 32 60 6 36 58 6
5 24 36 6 8 36 6 6 36 58 6 34 4 6
4 16 36 6 6 36 6 8 34 4 8 34 4 6
4 16 32 60 6 32 60 8 34 60 8 34 60 6
4 16 32 68 6 32 64 8 32 60 8 32 60 6
4 16 36 58 6 36 58 8 36 6 8 36 6 6
4 16 34 60 6 34 60 8 36 58 8 36 58 6
4 16 -36 58 8 -34 60 8 -34 60 6 -36 58 6
4 16 -34 60 8 -32 60 8 -32 60 6 -34 60 6
4 16 -34 4 8 -36 6 8 -36 6 6 -34 4 6
4 16 -36 6 8 -36 58 8 -36 58 6 -36 6 6
4 16 -32 60 8 -32 64 8 -32 68 6 -32 60 6

0 // bottom
2 24 28 64 -1 -28 64 -1
2 24 -32 64 6 -28 64 4
2 24 -28 64 4 -28 64 -1
2 24 28 64 -1 28 64 4
2 24 28 64 4 32 64 6
4 16 -32 64 6 -28 64 4 28 64 4 32 64 6
4 16 -28 64 4 -28 64 -1 28 64 -1 28 64 4
2 24 32 64 6 32 68 6
2 24 28 64 4 28 68 4
2 24 -28 64 -1 -28 68 -1
2 24 28 64 -1 28 68 -1
2 24 -32 64 6 -32 68 6
2 24 -28 64 4 -28 68 4
4 16 28 64 4 28 64 -1 28 68 -1 28 68 4
4 16 32 64 6 28 64 4 28 68 4 32 68 6
4 16 -28 64 -1 -28 64 4 -28 68 4 -28 68 -1
4 16 28 64 -1 -28 64 -1 -28 68 -1 28 68 -1
4 16 -28 64 4 -32 64 6 -32 68 6 -28 68 4
4 16 28 68 4 -28 68 4 -32 68 6 32 68 6
4 16 28 68 -1 -28 68 -1 -28 68 4 28 68 4
4 16 32 68 6 -32 68 6 -32 64 8 32 64 8

0 // front
2 24 33 46 10 31 48 10
2 24 31 48 10 -31 48 10
2 24 -31 48 10 -33 46 10
2 24 -33 46 10 -33 6 10
2 24 -33 6 10 -31 4 10
2 24 -31 4 10 31 4 10
2 24 31 4 10 33 6 10
2 24 33 6 10 33 46 10
4 16 31 4 10 31 48 10 -31 48 10 -31 4 10
4 16 -33 46 10 -33 6 10 -31 4 10 -31 48 10
4 16 33 6 10 33 46 10 31 48 10 31 4 10

5 24 31 48 10 31 48 8 33 46 8 -31 48 8
5 24 -31 48 10 -31 48 8 31 48 8 -33 46 8
5 24 -33 46 10 -33 46 8 -31 48 8 -33 6 8
2 24 31 4 10 31 4 8
5 24 33 6 10 33 6 8 31 4 8 33 46 8
5 24 -33 6 10 -33 6 8 -33 46 8 -31 4 8
2 24 -31 4 10 -31 4 8
5 24 33 46 10 33 46 8 33 6 8 31 48 8
4 16 33 46 8 33 46 10 33 6 10 33 6 8
4 16 31 48 8 31 48 10 33 46 10 33 46 8
4 16 -31 48 8 -31 48 10 31 48 10 31 48 8
4 16 -33 46 8 -33 46 10 -31 48 10 -31 48 8
4 16 33 6 8 33 6 10 31 4 10 31 4 8
4 16 -33 6 8 -33 6 10 -33 46 10 -33 46 8
4 16 -31 4 8 -31 4 10 -33 6 10 -33 6 8
4 16 32 64 8 -32 64 8 -32 60 8 32 60 8
4 16 31 48 8 32 60 8 -32 60 8 -31 48 8


2 24 34 4 6 -34 4 6

4 16 -32 64 6 32 64 6 32 60 6 -32 60 6
4 16 34 60 6 34 4 6 -34 4 6 -34 60 6
4 16 -36 6 6 -36 58 6 -34 60 6 -34 4 6
4 16 34 60 6 36 58 6 36 6 6 34 4 6

2 24 -31 4 8 -33 6 8
2 24 31 48 8 -31 48 8
2 24 28 68 4 28 68 -1
2 24 -29 4 10 -29 4 6
2 24 36 6 8 36 58 8
2 24 -36 6 8 -34 4 8
2 24 32 68 6 -32 68 6
2 24 29 2 -1 27 2 -3
2 24 29 4 6 29 4 10
2 24 29 4 10 29 2 6
2 24 33 46 8 33 6 8
2 24 -28 68 -1 -28 68 4
2 24 32 68 6 32 64 8
2 24 -29 2 6 -29 2 -1
2 24 28 68 4 32 68 6
2 24 31 4 8 34 4 8
2 24 33 6 8 31 4 8
2 24 34 4 8 36 6 8
2 24 33 46 8 31 48 8
2 24 -32 64 8 -32 68 6
2 24 -32 60 8 -32 64 8
2 24 -32 64 6 32 64 6
2 24 -34 4 8 -31 4 8
2 24 -29 2 6 -29 4 10
2 24 32 64 8 32 60 8
2 24 -33 46 8 -33 6 8
2 24 -36 58 8 -36 6 8
2 24 27 2 -3 -27 2 -3
2 24 -31 48 8 -33 46 8
2 24 28 68 -1 -28 68 -1
2 24 -27 2 -3 -29 2 -1
2 24 -29 4 10 29 4 10
2 24 29 2 6 29 2 -1
2 24 34 60 8 32 60 8
2 24 -32 64 8 32 64 8
2 24 -34 60 8 -36 58 8
2 24 29 2 6 -29 2 6
2 24 -32 68 6 -28 68 4
2 24 36 58 8 34 60 8
2 24 -32 60 8 -34 60 8
