0 ~Sticker  0.8 x  1.8 with Yellow 1 2 on Black Background - Common Part
0 Name: s\6221655ags01.dat
0 Author: Massimo Maso [Sirio]
0 !LICENSE Licensed under CC BY 4.0 : see CAreadme.txt
0 BFC CERTIFY CCW
1 16 -6.5 0 16.5 -1.5 0 0 0 -1 0 0 0 1.5 1-4chrd.dat
1 16 6.5 0 16.5 1.5 0 0 0 -1 0 0 0 1.5 1-4chrd.dat
1 16 0 -.25 0 6.5 0 0 0 .25 0 0 0 18 box3u12.dat
1 16 -6.5 0 -16.5 -1.5 0 0 0 -1 0 0 0 -1.5 1-4chrd.dat
1 16 6.5 0 -16.5 1.5 0 0 0 -1 0 0 0 -1.5 1-4chrd.dat
1 16 -6.5 -.25 16.5 -1.5 0 0 0 .25 0 0 0 1.5 1-4cyli.dat
1 16 6.5 -.25 16.5 1.5 0 0 0 .25 0 0 0 1.5 1-4cyli.dat
1 16 -6.5 -.25 -16.5 -1.5 0 0 0 .25 0 0 0 -1.5 1-4cyli.dat
1 16 6.5 -.25 -16.5 1.5 0 0 0 .25 0 0 0 -1.5 1-4cyli.dat
1 0 -6.5 -.25 16.5 -1.5 0 0 0 1 0 0 0 1.5 1-4chrd.dat
1 0 6.5 -.25 16.5 1.5 0 0 0 1 0 0 0 1.5 1-4chrd.dat
1 0 -6.5 -.25 -16.5 -1.5 0 0 0 1 0 0 0 -1.5 1-4chrd.dat
1 0 6.5 -.25 -16.5 1.5 0 0 0 1 0 0 0 -1.5 1-4chrd.dat
4 16 -6.5 0 18 -6.5 0 -18 -8 0 -16.5 -8 0 16.5
4 16 6.5 0 18 8 0 16.5 8 0 -16.5 6.5 0 -18
3 16 -8 0 16.5 -8 -.25 .5 -8 -.25 16.5
4 16 -8 0 16.5 -8 0 -16.5 -8 -.25 -.5 -8 -.25 .5
3 16 -8 0 -16.5 -8 -.25 -16.5 -8 -.25 -.5
3 16 8 0 16.5 8 -.25 16.5 8 -.25 .5
4 16 8 0 16.5 8 -.25 .5 8 -.25 -.5 8 0 -16.5
3 16 8 0 -16.5 8 -.25 -.5 8 -.25 -16.5
4 0 -8 -.25 16.5 8 -.25 16.5 6.5 -.25 18 -6.5 -.25 18
4 0 -8 -.25 -16.5 -6.5 -.25 -18 6.5 -.25 -18 8 -.25 -16.5
4 14 -8 -.25 .5 -8 -.25 -.5 8 -.25 -.5 8 -.25 .5
