0 ~Duplo Baseplate 16 x 24 without Top Surface
0 Name: s\6475s01.dat
0 Author: Steffen [Steffen]
0 !LDRAW_ORG Unofficial_Subpart
0 !LICENSE Redistributable under CCAL version 2.0 : see CAreadme.txt

0 BFC CERTIFY CCW

4 16 408 4 248 408 4 -248 -408 4 -248 -408 4 248
4 16 408 4 248 480 4 248 480 4 -248 408 4 -248
4 16 -480 4 248 -408 4 248 -408 4 -248 -480 4 -248
4 16 408 4 -248 408 4 -320 -408 4 -320 -408 4 -248
4 16 408 4 320 408 4 248 -408 4 248 -408 4 320
1 16 408 4 248 72 0 0 0 -1 0 0 0 72 48\1-4disc.dat
1 16 -408 4 248 -72 0 0 0 -1 0 0 0 72 48\1-4disc.dat
1 16 -408 4 -248 -72 0 0 0 -1 0 0 0 -72 48\1-4disc.dat
1 16 408 4 -248 72 0 0 0 -1 0 0 0 -72 48\1-4disc.dat
1 16 408 0 248 72 0 0 0 4 0 0 0 72 48\1-4cyli.dat
1 16 -408 0 248 -72 0 0 0 4 0 0 0 72 48\1-4cyli.dat
1 16 -408 0 -248 -72 0 0 0 4 0 0 0 -72 48\1-4cyli.dat
1 16 408 0 -248 72 0 0 0 4 0 0 0 -72 48\1-4cyli.dat
1 16 408 0 248 72 0 0 0 1 0 0 0 72 48\1-4edge.dat
1 16 -408 0 248 -72 0 0 0 1 0 0 0 72 48\1-4edge.dat
1 16 -408 0 -248 -72 0 0 0 1 0 0 0 -72 48\1-4edge.dat
1 16 408 0 -248 72 0 0 0 1 0 0 0 -72 48\1-4edge.dat
1 16 408 4 248 72 0 0 0 1 0 0 0 72 48\1-4edge.dat
1 16 -408 4 248 -72 0 0 0 1 0 0 0 72 48\1-4edge.dat
1 16 -408 4 -248 -72 0 0 0 1 0 0 0 -72 48\1-4edge.dat
1 16 408 4 -248 72 0 0 0 1 0 0 0 -72 48\1-4edge.dat
4 16 -408 4 -320 408 4 -320 408 0 -320 -408 0 -320
4 16 408 4 320 -408 4 320 -408 0 320 408 0 320
4 16 -480 4 248 -480 4 -248 -480 0 -248 -480 0 248
4 16 480 4 -248 480 4 248 480 0 248 480 0 -248
2 24 -408 0 -320 408 0 -320
2 24 -408 4 -320 408 4 -320
2 24 -408 0 320 408 0 320
2 24 -408 4 320 408 4 320
2 24 -480 0 -248 -480 0 248
2 24 -480 4 -248 -480 4 248
2 24 480 0 -248 480 0 248
2 24 480 4 -248 480 4 248
