0 ~Technic Axle Joiner Ridge Segment
0 Name: s\6538s02.dat
0 Author: Mark Kennedy [mkennedy]
0 !LICENSE Licensed under CC BY 4.0 : see CAreadme.txt
0 BFC CERTIFY CW
2 24 10 0 0 9.24 3.83 0
2 24 9.24 3.83 0 7.57 4.55 1
2 24 9 0 1 8.31 3.44 1
2 24 8.31 3.44 1 7.57 4.55 1
2 24 9.24 3.83 0 7.57 4.55 -1
2 24 9 0 -1 8.31 3.44 -1
2 24 8.31 3.44 -1 7.57 4.55 -1
4 16 9.24 3.83 0 10 0 0 9 0 1 8.31 3.44 1
4 16 9.24 3.83 0 8.31 3.44 -1 9 0 -1 10 0 0
3 16 7.57 4.55 1 9.24 3.83 0 8.31 3.44 1
3 16 9.24 3.83 0 7.57 4.55 -1 8.31 3.44 -1
3 16 7.57 4.55 -1 9.24 3.83 0 7.57 4.55 1
5 24 9.24 3.83 0 8.31 3.44 1 7.57 4.55 1 9 0 1
5 24 9.24 3.83 0 8.31 3.44 -1 7.57 4.55 -1 9 0 -1
5 24 10 0 0 9 0 1 9.24 3.83 0 9.24 -3.83 0
