0 ~Minifig Soccer Ball Pentagonal Facet
0 Name: s\72824s02.dat
0 Author: Philippe Hurbain [Philo]
0 !LICENSE Licensed under CC BY 4.0 : see CAreadme.txt
0 BFC CERTIFY CW
3 16 0 0 -18 5.465 -1.776 -16.983 3.378 4.649 -16.983
3 16 0 0 -18 0 -5.747 -16.983 5.465 -1.776 -16.983
3 16 0 0 -18 -5.465 -1.776 -16.983 0 -5.747 -16.983
3 16 0 0 -18 -3.378 4.649 -16.983 -5.465 -1.776 -16.983
3 16 0 0 -18 3.378 4.649 -16.983 -3.378 4.649 -16.983
5 24 0 0 -18 5.465 -1.776 -16.983 3.378 4.649 -16.983 0 -5.747 -16.983
5 24 3.378 4.649 -16.983 0 0 -18 5.465 -1.776 -16.983 -3.378 4.649 -16.983
5 24 0 0 -18 0 -5.747 -16.983 5.465 -1.776 -16.983 -5.465 -1.776 -16.983
5 24 0 0 -18 -5.465 -1.776 -16.983 0 -5.747 -16.983 -3.378 4.649 -16.983
5 24 0 0 -18 -3.378 4.649 -16.983 -5.465 -1.776 -16.983 3.378 4.649 -16.983
