0 ~Minifig Helmet Mandalorian Half
0 Name: s\87610s01.dat
0 Author: Magnus Forsberg [MagFors]
0 !LDRAW_ORG Unofficial_Subpart
0 !LICENSE Redistributable under CCAL version 2.0 : see CAreadme.txt

0 BFC CERTIFY CCW


1 16 16 0 0 0 -1.5 -.225 0 0 -3 -3 0 0 2-4cylo.dat
0 BFC INVERTNEXT
1 16 16 0 0 .15 -3.05 0 2 0 0 0 0 2 4-4cylo.dat
1 16 12.95 0 0 0 1 .15 0 0 2 -2 0 0 2-4ndis.dat
1 16 12.95 0 0 0 1 -.03 0 0 -.4 -.4 0 0 2-4ring5.dat
0 BFC INVERTNEXT
1 16 0 -1 0 0 0 3.25 0 -5 0 3.25 0 0 3-16con3.dat
0 BFC INVERTNEXT
1 16 0 -1 0 0 0 3.25 0 -5 0 -3.25 0 0 3-16con3.dat

0 // forehead
3 16 6.2457 -6.5362 -12.0704 0 -6.6206 -14.067 0 -2.8219 -16.0068
4 16 5.1463 -9.6867 -9.4677 0 -9.7351 -11.1509 0 -6.6206 -14.067 6.2457 -6.5362 -12.0704
4 16 3.3852 -11.7293 -6.1633 0 -11.749 -7.2681 0 -9.7351 -11.1509 5.1463 -9.6867 -9.4677
3 16 7.1517 -2.7213 -13.4784 6.2457 -6.5362 -12.0704 0 -2.8219 -16.0068
4 16 0 .0008 -16.7637 7.0216 .001 -14.2864 7.1517 -2.7213 -13.4784 0 -2.8219 -16.0068
4 16 7.1517 -2.7213 -13.4784 11.5946 -2.5644 -8.9789 11.0974 -6.3414 -7.0852 6.2457 -6.5362 -12.0704
3 16 7.1517 -2.7213 -13.4784 7.0216 .001 -14.2864 11.5946 -2.5644 -8.9789
3 16 11.5946 -2.5644 -8.9789 7.0216 .001 -14.2864 11.0546 .0011 -10.312
3 16 11.0974 -6.3414 -7.0852 14.3409 -2.1213 -2.1213 14.2921 -2.7717 -1.1481
3 16 11.0974 -6.3414 -7.0852 11.5946 -2.5644 -8.9789 14.3409 -2.1213 -2.1213
3 16 11.5946 -2.5644 -8.9789 11.0546 .0011 -10.312 14.5 0 -3
3 16 14.2921 -2.7717 -1.1481 14.275 -3 0 13.1186 -6.2117 -.3825
3 16 14.2921 -2.7717 -1.1481 13.1186 -6.2117 -.3825 11.0974 -6.3414 -7.0852
3 16 14.2921 -2.7717 1.1481 14.3409 -2.1213 2.1213 11.2656 -6.3082 6.3817
3 16 14.275 -3 0 14.2921 -2.7717 1.1481 13.1186 -6.2117 -.3825
3 16 11.2656 -6.3082 6.3817 13.1186 -6.2117 -.3825 14.2921 -2.7717 1.1481
3 16 11.2656 -6.3082 6.3817 14.3409 -2.1213 2.1213 12.2996 -2.4654 7.4839
3 16 6.3419 -6.5081 11.6236 11.2656 -6.3082 6.3817 12.2996 -2.4654 7.4839
3 16 6.3419 -6.5081 11.6236 12.2996 -2.4654 7.4839 6.9036 -2.6461 13.0372
3 16 14.4139 -1.1481 -2.7717 14.3409 -2.1213 -2.1213 11.5946 -2.5644 -8.9789
3 16 14.5 0 -3 14.4139 -1.1481 -2.7717 11.5946 -2.5644 -8.9789
4 16 11.2656 -6.3082 6.3817 6.3419 -6.5081 11.6236 5.1376 -9.6986 9.2404 9.0596 -9.5374 5.0346
4 16 9.0596 -9.5374 5.0346 10.5552 -9.4485 -.2847 13.1186 -6.2117 -.3825 11.2656 -6.3082 6.3817
4 16 11.0974 -6.3414 -7.0852 13.1186 -6.2117 -.3825 10.5552 -9.4485 -.2847 8.9948 -9.5366 -5.4666
4 16 6.2457 -6.5362 -12.0704 11.0974 -6.3414 -7.0852 8.9948 -9.5366 -5.4666 5.1463 -9.6867 -9.4677
4 16 8.9948 -9.5366 -5.4666 10.5552 -9.4485 -.2847 6.9391 -11.6296 -.1847 5.9147 -11.6659 -3.5578
4 16 5.9147 -11.6659 -3.5578 3.3852 -11.7293 -6.1633 5.1463 -9.6867 -9.4677 8.9948 -9.5366 -5.4666
5 24 6.2457 -6.5362 -12.0704 0 -6.6206 -14.067 0 -2.8219 -16.0068 5.1463 -9.6867 -9.4677
5 24 0 -2.8219 -16.0068 6.2457 -6.5362 -12.0704 0 -6.6206 -14.067 7.1517 -2.7213 -13.4784
5 24 5.1463 -9.6867 -9.4677 0 -9.7351 -11.1509 0 -6.6206 -14.067 3.3852 -11.7293 -6.1633
5 24 6.2457 -6.5362 -12.0704 5.1463 -9.6867 -9.4677 0 -6.6206 -14.067 8.9948 -9.5366 -5.4666
5 24 5.1463 -9.6867 -9.4677 3.3852 -11.7293 -6.1633 0 -9.7351 -11.1509 5.9147 -11.6659 -3.5578
5 24 5.1376 -9.6986 9.2404 6.3419 -6.5081 11.6236 0 -9.5603 11.2572 11.2656 -6.3082 6.3817
5 24 7.1517 -2.7213 -13.4784 6.2457 -6.5362 -12.0704 0 -2.8219 -16.0068 11.0974 -6.3414 -7.0852
5 24 0 -2.8219 -16.0068 7.1517 -2.7213 -13.4784 6.2457 -6.5362 -12.0704 0 .0008 -16.7637
5 24 7.0216 .001 -14.2864 7.1517 -2.7213 -13.4784 0 .0008 -16.7637 11.5946 -2.5644 -8.9789
5 24 7.1517 -2.7213 -13.4784 11.5946 -2.5644 -8.9789 11.0974 -6.3414 -7.0852 7.0216 .001 -14.2864
5 24 11.5946 -2.5644 -8.9789 11.0974 -6.3414 -7.0852 7.1517 -2.7213 -13.4784 14.3409 -2.1213 -2.1213
5 24 7.0216 .001 -14.2864 11.5946 -2.5644 -8.9789 7.1517 -2.7213 -13.4784 11.0546 .0011 -10.312
5 24 11.0546 .0011 -10.312 11.5946 -2.5644 -8.9789 7.0216 .001 -14.2864 14.5 0 -3
5 24 11.0974 -6.3414 -7.0852 6.2457 -6.5362 -12.0704 7.1517 -2.7213 -13.4784 8.9948 -9.5366 -5.4666
5 24 14.2921 -2.7717 -1.1481 11.0974 -6.3414 -7.0852 13.1186 -6.2117 -.3825 14.3409 -2.1213 -2.1213
5 24 11.0974 -6.3414 -7.0852 14.3409 -2.1213 -2.1213 11.5946 -2.5644 -8.9789 14.2921 -2.7717 -1.1481
5 24 13.1186 -6.2117 -.3825 11.0974 -6.3414 -7.0852 10.5552 -9.4485 -.2847 14.2921 -2.7717 -1.1481
5 24 14.2921 -2.7717 1.1481 11.2656 -6.3082 6.3817 14.3409 -2.1213 2.1213 13.1186 -6.2117 -.3825
5 24 14.3409 -2.1213 2.1213 11.2656 -6.3082 6.3817 12.2996 -2.4654 7.4839 14.2921 -2.7717 1.1481
5 24 11.2656 -6.3082 6.3817 13.1186 -6.2117 -.3825 9.0596 -9.5374 5.0346 14.2921 -2.7717 1.1481
5 24 12.2996 -2.4654 7.4839 11.2656 -6.3082 6.3817 14.3409 -2.1213 2.1213 6.3419 -6.5081 11.6236
5 24 6.3419 -6.5081 11.6236 11.2656 -6.3082 6.3817 12.2996 -2.4654 7.4839 5.1376 -9.6986 9.2404
5 24 12.2996 -2.4654 7.4839 6.3419 -6.5081 11.6236 11.2656 -6.3082 6.3817 6.9036 -2.6461 13.0372
5 24 5.1376 -9.6986 9.2404 9.0596 -9.5374 5.0346 11.2656 -6.3082 6.3817 3.3813 -11.7401 6.0233
5 24 9.0596 -9.5374 5.0346 11.2656 -6.3082 6.3817 5.1376 -9.6986 9.2404 13.1186 -6.2117 -.3825
5 24 10.5552 -9.4485 -.2847 13.1186 -6.2117 -.3825 9.0596 -9.5374 5.0346 11.0974 -6.3414 -7.0852
5 24 9.0596 -9.5374 5.0346 10.5552 -9.4485 -.2847 13.1186 -6.2117 -.3825 5.9563 -11.6697 3.279
5 24 10.5552 -9.4485 -.2847 8.9948 -9.5366 -5.4666 11.0974 -6.3414 -7.0852 6.9391 -11.6296 -.1847
5 24 8.9948 -9.5366 -5.4666 11.0974 -6.3414 -7.0852 10.5552 -9.4485 -.2847 6.2457 -6.5362 -12.0704
5 24 8.9948 -9.5366 -5.4666 5.1463 -9.6867 -9.4677 6.2457 -6.5362 -12.0704 5.9147 -11.6659 -3.5578
5 24 6.9391 -11.6296 -.1847 10.5552 -9.4485 -.2847 5.9563 -11.6697 3.279 8.9948 -9.5366 -5.4666
5 24 6.9391 -11.6296 -.1847 5.9147 -11.6659 -3.5578 8.9948 -9.5366 -5.4666 2.9998 -12.8037 -.0006
5 24 5.9147 -11.6659 -3.5578 8.9948 -9.5366 -5.4666 6.9391 -11.6296 -.1847 5.1463 -9.6867 -9.4677
5 24 5.9147 -11.6659 -3.5578 3.3852 -11.7293 -6.1633 5.1463 -9.6867 -9.4677 2.598 -12.8039 -1.5008
5 24 14.4139 -1.1481 -2.7717 11.5946 -2.5644 -8.9789 14.3409 -2.1213 -2.1213 14.5 0 -3
5 24 14.2921 -2.7717 1.1481 13.1186 -6.2117 -.3825 14.275 -3 0 11.2656 -6.3082 6.3817
5 24 14.2921 -2.7717 -1.1481 13.1186 -6.2117 -.3825 14.275 -3 0 11.0974 -6.3414 -7.0852
5 24 11.5946 -2.5644 -8.9789 14.5 0 -3 14.4138925 -1.1481 -2.7717 11.0546 .0011 -10.312
5 24 11.5946 -2.5644 -8.9789 14.3409025 -2.1213 -2.1213 14.4138925 -1.1481 -2.7717 11.0974 -6.3414 -7.0852
5 24 13.1186 -6.2117 -.3825 14.275 -3 0 14.2921 -2.7717 -1.1481 14.2921 -2.7717 1.1481
5 24 14.3409025 -2.1213 2.1213 12.2996 -2.4654 7.4839 11.2656 -6.3082 6.3817 14.4138925 -1.1481 2.7717

0 // upper front
3 16 6.8109 4.8164 -16.1835 7.5707 .0009 -14.9769 0 .001 -17.6574
4 16 6.8109 4.8164 -16.1835 0 .001 -17.6574 0 4.6196 -18.353 5.5023 12.7514 -17.7727
3 16 11.8161 .0009 -10.7511 7.5707 .0009 -14.9769 10.165 8.4782 -13.8426
3 16 7.5707 .0009 -14.9769 6.8109 4.8164 -16.1835 10.165 8.4782 -13.8426
3 16 11.9084 6.8538 -11.3497 13.6517 5.8294 -8.8567 11.8161 .0009 -10.7511
3 16 10.165 8.4782 -13.8426 11.9084 6.8538 -11.3497 11.8161 .0009 -10.7511
3 16 13.6517 5.8294 -8.8567 14.9503 5.7525 -5.876 15.4205 0 -3
3 16 15.6845 5.1193 -3.0004 15.4205 0 -3 14.9503 5.7525 -5.876
3 16 15.4205 0 -3 11.8161 .0009 -10.7511 13.6517 5.8294 -8.8567
3 16 5.5023 12.7514 -17.7727 0 4.6196 -18.353 0 12.5782 -19.1499
3 16 10.165 8.4782 -13.8426 6.8109 4.8164 -16.1835 7.8584 13.4126 -16.4593
3 16 5.5023 12.7514 -17.7727 7.8584 13.4126 -16.4593 6.8109 4.8164 -16.1835
3 16 15.3249 7.015 -4.8433 15.6994 8.9574 -4.1905 15.6845 5.1193 -3.0004
3 16 14.9503 5.7525 -5.876 15.3249 7.015 -4.8433 15.6845 5.1193 -3.0004
3 16 15.6994 8.9574 -4.1905 16.6065 18.9993 -2.9931 15.6845 5.1193 -3.0004
3 16 16.5394 19.0383 -3.3831 16.6065 18.9993 -2.9931 15.6994 8.9574 -4.1905
3 16 5.5023 12.7514 -17.7727 0 12.5782 -19.1499 4.5497 20.5952 -18.9524
3 16 0 12.5782 -19.1499 0 20.6885 -19.8853 4.5497 20.5952 -18.9524
3 16 7.1011 18.2762 -17.4612 7.8584 13.4126 -16.4593 5.5023 12.7514 -17.7727
3 16 5.5023 12.7514 -17.7727 4.5497 20.5952 -18.9524 7.1011 18.2762 -17.4612
3 16 7.0195 20.4677 -17.6774 7.1011 18.2762 -17.4612 4.5497 20.5952 -18.9524
5 24 6.8109 4.8164 -16.1835 7.5707 .0009 -14.9769 0 .001 -17.6574 10.165 8.4782 -13.8426
5 24 0 .001 -17.6574 6.8109 4.8164 -16.1835 7.5707 .0009 -14.9769 0 4.6196 -18.353
5 24 0 4.6196 -18.353 5.5023 12.7514 -17.7727 6.8109 4.8164 -16.1835 0 12.5782 -19.1499
5 24 5.5023 12.7514 -17.7727 6.8109 4.8164 -16.1835 0 4.6196 -18.353 7.8584 13.4126 -16.4593
5 24 7.5707 .0009 -14.9769 10.165 8.4782 -13.8426 11.8161 .0009 -10.7511 6.8109 4.8164 -16.1835
5 24 6.8109 4.8164 -16.1835 10.165 8.4782 -13.8426 7.5707 .0009 -14.9769 7.8584 13.4126 -16.4593
5 24 13.6517 5.8294 -8.8567 15.4205 0 -3 14.9503 5.7525 -5.876 11.8161 .0009 -10.7511
5 24 15.4205 0 -3 14.9503 5.7525 -5.876 15.6845 5.1193 -3.0004 13.6517 5.8294 -8.8567
5 24 0 12.5782 -19.1499 5.5023 12.7514 -17.7727 0 4.6196 -18.353 4.5497 20.5952 -18.9524
5 24 6.8109 4.8164 -16.1835 7.8584 13.4126 -16.4593 10.165 8.4782 -13.8426 5.5023 12.7514 -17.7727
5 24 5.5023 12.7514 -17.7727 7.8584 13.4126 -16.4593 6.8109 4.8164 -16.1835 7.1011 18.2762 -17.4612
5 24 15.6994 8.9574 -4.1905 16.6065 18.9993 -2.9931 15.6845 5.1193 -3.0004 16.5394 19.0383 -3.3831
5 24 0 12.5782 -19.1499 4.5497 20.5952 -18.9524 5.5023 12.7514 -17.7727 0 20.6885 -19.8853
5 24 4.5497 20.5952 -18.9524 5.5023 12.7514 -17.7727 0 12.5782 -19.1499 7.1011 18.2762 -17.4612
5 24 5.5023 12.7514 -17.7727 7.1011 18.2762 -17.4612 7.8584 13.4126 -16.4593 4.5497 20.5952 -18.9524
5 24 4.5497 20.5952 -18.9524 7.1011 18.2762 -17.4612 5.5023 12.7514 -17.7727 7.0195 20.4677 -17.6774
5 24 11.8161 .0009 -10.7511 11.9084 6.8538 -11.3497 13.6517 5.8294 -8.8567 10.165 8.4782 -13.8426
5 24 15.6845 5.1193 -3.0004 15.3249 7.015 -4.8433 15.6994 8.9574 -4.1905 14.9503 5.7525 -5.876
5 24 14.9503 5.7525 -5.876 15.6845 5.1193 -3.0004 15.3249 7.015 -4.8433 15.4205 0 -3
5 24 15.6994 8.9574 -4.1905 15.6845 5.1193 -3.0004 15.3249 7.015 -4.8433 16.6065 18.9993 -2.9931
5 24 10.165 8.4782 -13.8426 11.8161 .0009 -10.7511 11.9084 6.8538 -11.3497 7.5707 .0009 -14.9769
5 24 11.8161 .0009 -10.7511 13.6517 5.8294 -8.8567 11.9084 6.8538 -11.3497 15.4205 0 -3

0 // middle front
2 24 11.9084 6.8538 -11.3497 13.6517 5.8294 -8.8567
2 24 10.165 8.4782 -13.8426 11.9084 6.8538 -11.3497
2 24 13.6517 5.8294 -8.8567 14.9503 5.7525 -5.876
2 24 7.8584 13.4126 -16.4593 10.165 8.4782 -13.8426
2 24 15.3249 7.015 -4.8433 15.6994 8.9574 -4.1905
2 24 14.9503 5.7525 -5.876 15.3249 7.015 -4.8433
2 24 15.6994 8.9574 -4.1905 16.5394 19.0383 -3.3831
2 24 7.1011 18.2762 -17.4612 7.8584 13.4126 -16.4593
2 24 7.0195 20.4677 -17.6774 7.1011 18.2762 -17.4612
2 24 14.3292 14.6188 -5.1859 12.8441 12.7205 -8.2913
2 24 14.8511 19.1317 -4.3172 14.3292 14.6188 -5.1859
2 24 12.8441 12.7205 -8.2913 11.1842 13.7565 -11.1669
2 24 11.1842 13.7565 -11.1669 9.27 16.2015 -13.6628
2 24 8.1024 18.2425 -14.9358 7.437 20.2617 -15.6169
2 24 9.27 16.2015 -13.6628 8.1024 18.2425 -14.9358
3 16 10.165 8.4782 -13.8426 12.5572 8.4947 -9.6071 14.9503 5.7525 -5.876
3 16 14.9503 5.7525 -5.876 11.9084 6.8538 -11.3497 10.165 8.4782 -13.8426
3 16 11.7896 10.9486 -10.445 10.165 8.4782 -13.8426 9.7226 12.3642 -13.7389
3 16 9.7226 12.3642 -13.7389 11.1842 13.7565 -11.1669 11.7896 10.9486 -10.445
3 16 14.9503 5.7525 -5.876 12.5572 8.4947 -9.6071 13.7615 9.2766 -7.1865
3 16 13.7615 9.2766 -7.1865 15.3249 7.015 -4.8433 14.9503 5.7525 -5.876
3 16 14.9503 5.7525 -5.876 13.6517 5.8294 -8.8567 11.9084 6.8538 -11.3497
3 16 13.7615 9.2766 -7.1865 15.0746 12.1061 -4.5319 15.3249 7.015 -4.8433
3 16 15.6994 8.9574 -4.1905 15.3249 7.015 -4.8433 15.0746 12.1061 -4.5319
3 16 7.1011 18.2762 -17.4612 7.3532 19.0478 -16.5084 7.8584 13.4126 -16.4593
3 16 7.3532 19.0478 -16.5084 8.0024 15.7669 -15.674 7.8584 13.4126 -16.4593
3 16 10.165 8.4782 -13.8426 7.8584 13.4126 -16.4593 9.7226 12.3642 -13.7389
3 16 9.7226 12.3642 -13.7389 7.8584 13.4126 -16.4593 8.0024 15.7669 -15.674
3 16 7.1011 18.2762 -17.4612 7.0195 20.4677 -17.6774 7.3532 19.0478 -16.5084
3 16 15.0746 12.1061 -4.5319 14.8511 19.1317 -4.3172 16.5394 19.0383 -3.3831
3 16 15.6994 8.9574 -4.1905 15.0746 12.1061 -4.5319 16.5394 19.0383 -3.3831
3 16 7.437 20.2617 -15.6169 7.3532 19.0478 -16.5084 7.0195 20.4677 -17.6774
3 16 12.8441 12.7205 -8.2913 14.3292 14.6188 -5.1859 13.7615 9.2766 -7.1865
3 16 15.0746 12.1061 -4.5319 13.7615 9.2766 -7.1865 14.3292 14.6188 -5.1859
3 16 14.8511 19.1317 -4.3172 15.0746 12.1061 -4.5319 14.3292 14.6188 -5.1859
3 16 11.1842 13.7565 -11.1669 12.8441 12.7205 -8.2913 11.7896 10.9486 -10.445
3 16 11.7896 10.9486 -10.445 12.8441 12.7205 -8.2913 13.7615 9.2766 -7.1865
3 16 11.7896 10.9486 -10.445 13.7615 9.2766 -7.1865 12.5572 8.4947 -9.6071
3 16 9.27 16.2015 -13.6628 11.1842 13.7565 -11.1669 9.7226 12.3642 -13.7389
3 16 10.165 8.4782 -13.8426 11.7896 10.9486 -10.445 12.5572 8.4947 -9.6071
3 16 8.0024 15.7669 -15.674 9.27 16.2015 -13.6628 9.7226 12.3642 -13.7389
3 16 8.1024 18.2425 -14.9358 9.27 16.2015 -13.6628 8.0024 15.7669 -15.674
3 16 8.0024 15.7669 -15.674 7.3532 19.0478 -16.5084 8.1024 18.2425 -14.9358
3 16 7.3532 19.0478 -16.5084 7.437 20.2617 -15.6169 8.1024 18.2425 -14.9358
5 24 11.9084 6.8538 -11.3497 14.9503 5.7525 -5.876 13.6517 5.8294 -8.8567 10.165 8.4782 -13.8426
5 24 11.7896 10.9486 -10.445 10.165 8.4782 -13.8426 9.7226 12.3642 -13.7389 12.5572 8.4947 -9.6071
5 24 14.9503 5.7525 -5.876 12.5572 8.4947 -9.6071 10.165 8.4782 -13.8426 13.7615 9.2766 -7.1865
5 24 12.5572 8.4947 -9.6071 13.7615 9.2766 -7.1865 11.7896 10.9486 -10.445 14.9503 5.7525 -5.876
5 24 13.7615 9.2766 -7.1865 15.0746 12.1061 -4.5319 14.3292 14.6188 -5.1859 15.3249 7.015 -4.8433
5 24 7.1011 18.2762 -17.4612 7.3532 19.0478 -16.5084 7.8584 13.4126 -16.4593 7.0195 20.4677 -17.6774
5 24 7.3532 19.0478 -16.5084 7.8584 13.4126 -16.4593 7.1011 18.2762 -17.4612 8.0024 15.7669 -15.674
5 24 7.3532 19.0478 -16.5084 8.0024 15.7669 -15.674 7.8584 13.4126 -16.4593 8.1024 18.2425 -14.9358
5 24 8.0024 15.7669 -15.674 7.8584 13.4126 -16.4593 7.3532 19.0478 -16.5084 9.7226 12.3642 -13.7389
5 24 7.8584 13.4126 -16.4593 9.7226 12.3642 -13.7389 10.165 8.4782 -13.8426 8.0024 15.7669 -15.674
5 24 8.0024 15.7669 -15.674 9.7226 12.3642 -13.7389 7.8584 13.4126 -16.4593 9.27 16.2015 -13.6628
5 24 15.0746 12.1061 -4.5319 14.8511 19.1317 -4.3172 16.5394 19.0383 -3.3831 14.3292 14.6188 -5.1859
5 24 16.5394 19.0383 -3.3831 15.0746 12.1061 -4.5319 14.8511 19.1317 -4.3172 15.6994 8.9574 -4.1905
5 24 7.437 20.2617 -15.6169 7.3532 19.0478 -16.5084 7.0195 20.4677 -17.6774 8.1024 18.2425 -14.9358
5 24 14.3292 14.6188 -5.1859 13.7615 9.2766 -7.1865 12.8441 12.7205 -8.2913 15.0746 12.1061 -4.5319
5 24 13.7615 9.2766 -7.1865 12.8441 12.7205 -8.2913 14.3292 14.6188 -5.1859 11.7896 10.9486 -10.445
5 24 14.3292 14.6188 -5.1859 15.0746 12.1061 -4.5319 13.7615 9.2766 -7.1865 14.8511 19.1317 -4.3172
5 24 12.8441 12.7205 -8.2913 11.7896 10.9486 -10.445 11.1842 13.7565 -11.1669 13.7615 9.2766 -7.1865
5 24 11.7896 10.9486 -10.445 11.1842 13.7565 -11.1669 12.8441 12.7205 -8.2913 9.7226 12.3642 -13.7389
5 24 13.7615 9.2766 -7.1865 11.7896 10.9486 -10.445 12.8441 12.7205 -8.2913 12.5572 8.4947 -9.6071
5 24 12.5572 8.4947 -9.6071 11.7896 10.9486 -10.445 13.7615 9.2766 -7.1865 10.165 8.4782 -13.8426
5 24 9.7226 12.3642 -13.7389 11.1842 13.7565 -11.1669 11.7896 10.9486 -10.445 9.27 16.2015 -13.6628
5 24 9.7226 12.3642 -13.7389 9.27 16.2015 -13.6628 11.1842 13.7565 -11.1669 8.0024 15.7669 -15.674
5 24 8.0024 15.7669 -15.674 9.27 16.2015 -13.6628 9.7226 12.3642 -13.7389 8.1024 18.2425 -14.9358
5 24 8.0024 15.7669 -15.674 8.1024 18.2425 -14.9358 9.27 16.2015 -13.6628 7.3532 19.0478 -16.5084
5 24 7.3532 19.0478 -16.5084 8.1024 18.2425 -14.9358 8.0024 15.7669 -15.674 7.437 20.2617 -15.6169
5 24 14.9503 5.7525 -5.876 10.165 8.4782 -13.8426 11.9084 6.8538 -11.3497 12.5572 8.4947 -9.6071
5 24 9.7226 12.3642 -13.7389 10.165 8.4782 -13.8426 11.7896 10.9486 -10.445 7.8584 13.4126 -16.4593
5 24 9.7226 12.3642 -13.7389 11.7896 10.9486 -10.445 10.165 8.4782 -13.8426 11.1842 13.7565 -11.1669
5 24 10.165 8.4782 -13.8426 12.5572 8.4947 -9.6071 11.7896 10.9486 -10.445 14.9503 5.7525 -5.876
5 24 15.0746 12.1061 -4.5319 15.3249 7.015 -4.8433 15.6994 8.9574 -4.1905 13.7615 9.2766 -7.1865
5 24 13.7615 9.2766 -7.1865 15.3249 7.015 -4.8433 15.0746 12.1061 -4.5319 14.9503 5.7525 -5.876
5 24 15.0746 12.1061 -4.5319 15.6994 8.9574 -4.1905 15.3249 7.015 -4.8433 16.5394 19.0383 -3.3831
5 24 14.9503 5.7525 -5.876 13.7615 9.2766 -7.1865 15.3249 7.015 -4.8433 12.5572 8.4947 -9.6071
5 24 7.0195 20.4677 -17.6774 7.3532 19.0478 -16.5084 7.437 20.2617 -15.6169 7.1011 18.2762 -17.4612

0 // lower front
3 16 12.8441 12.7205 -8.2913 12.8674 19.6148 -9.1481 14.341 19.3012 -6.0119
3 16 14.341 19.3012 -6.0119 14.3292 14.6188 -5.1859 12.8441 12.7205 -8.2913
3 16 14.341 19.3012 -6.0119 14.8511 19.1317 -4.3172 14.3292 14.6188 -5.1859
3 16 11.1842 13.7565 -11.1669 9.9401 20.0341 -13.3405 12.8674 19.6148 -9.1481
3 16 12.8674 19.6148 -9.1481 12.8441 12.7205 -8.2913 11.1842 13.7565 -11.1669
3 16 9.9401 20.0341 -13.3405 11.1842 13.7565 -11.1669 9.27 16.2015 -13.6628
3 16 9.9401 20.0341 -13.3405 8.1024 18.2425 -14.9358 7.437 20.2617 -15.6169
3 16 9.27 16.2015 -13.6628 8.1024 18.2425 -14.9358 9.9401 20.0341 -13.3405
5 24 12.8441 12.7205 -8.2913 12.8674 19.6148 -9.1481 14.341 19.3012 -6.0119 11.1842 13.7565 -11.1669
5 24 14.341 19.3012 -6.0119 12.8441 12.7205 -8.2913 12.8674 19.6148 -9.1481 14.3292 14.6188 -5.1859
5 24 14.341 19.3012 -6.0119 14.3292 14.6188 -5.1859 12.8441 12.7205 -8.2913 14.8511 19.1317 -4.3172
5 24 11.1842 13.7565 -11.1669 9.9401 20.0341 -13.3405 12.8674 19.6148 -9.1481 9.27 16.2015 -13.6628
5 24 12.8674 19.6148 -9.1481 11.1842 13.7565 -11.1669 9.9401 20.0341 -13.3405 12.8441 12.7205 -8.2913
5 24 9.27 16.2015 -13.6628 9.9401 20.0341 -13.3405 11.1842 13.7565 -11.1669 8.1024 18.2425 -14.9358
5 24 9.9401 20.0341 -13.3405 8.1024 18.2425 -14.9358 7.437 20.2617 -15.6169 9.27 16.2015 -13.6628

0 // side with hole
1 16 16 0 0 0 -1 .15 0 0 2 -2 0 0 2-4ndis.dat
1 16 16 0 0 0 -1 -.075 0 0 -1 -1 0 0 2-4ring2.dat
4 16 16.1877 2.2771 3.0025 16.187 2.2772 -2.9992 17.5605 18.9993 -2.9932 17.5162 18.398 3.0203
3 16 16.1877 2.2771 3.0025 16 0 3 16 0 2
3 16 16.15 2 2 16.1877 2.2771 3.0025 16 0 2
3 16 16.1877 2.2771 3.0025 16.15 2 0 16.187 2.2772 -2.9992
3 16 16.1877 2.2771 3.0025 16.15 2 2 16.15 2 0
3 16 16.15 2 -2 16.187 2.2772 -2.9992 16.15 2 0
3 16 16.187 2.2772 -2.9992 16 0 -2 16 0 -3
3 16 16.187 2.2772 -2.9992 16.15 2 -2 16 0 -2

0 // the rest
3 16 2.6045 1.9936 16.708 2.1245 2.0371 17.1654 2.1442 1.862 16.8488
3 16 2.6245 10.2457 16.9615 2.1246 10.302 17.4878 2.1442 10.1134 17.0826
3 16 2.6398 13.0059 17.0358 2.1244 13.0438 17.5799 2.1442 12.8618 17.1605
4 16 0 -1 -13 4.9751 -1 -12.0107 5.0134 3.2508 -12.1031 0 3.2508 -13.1
4 16 5.0134 3.2508 -12.1031 3.9925 3.2509 -15.1598 0 3.2509 -15.6241 0 3.2508 -13.1
4 16 3.9924 20.2159 -15.1591 0 20.2627 -15.6268 0 3.2509 -15.6241 3.9925 3.2509 -15.1598
4 16 4.5497 20.5952 -18.9524 0 20.6885 -19.8853 0 20.2627 -15.6268 3.9924 20.2159 -15.1591
4 16 4.5497 20.5952 -18.9524 3.9924 20.2159 -15.1591 7.437 20.2617 -15.6169 7.0195 20.4677 -17.6774
4 16 9.9401 20.0341 -13.3405 7.437 20.2617 -15.6169 3.9924 20.2159 -15.1591 6.1242 19.8466 -11.4662
3 16 0 -12.8018 -3.0001 0 -11.749 -7.2681 1.4998 -12.8039 -2.599
3 16 1.4998 -12.8039 -2.599 0 -11.749 -7.2681 3.3852 -11.7293 -6.1633
3 16 1.4998 -12.8039 -2.599 0 -12.8743 -.0005 0 -12.8018 -3.0001
3 16 0 -12.8743 -.0005 2.5982 -12.8038 1.4996 1.4998 -12.8038 2.5979
3 16 0 -12.8743 -.0005 2.9998 -12.8037 -.0006 2.5982 -12.8038 1.4996
3 16 0 -12.8743 -.0005 2.598 -12.8039 -1.5008 2.9998 -12.8037 -.0006
3 16 0 -12.8743 -.0005 1.4998 -12.8039 -2.599 2.598 -12.8039 -1.5008
3 16 1.4998 -12.8038 2.5979 0 -12.8037 2.9998 0 -12.8743 -.0005
3 16 0 -11.6679 7.4191 0 -12.8037 2.9998 3.3813 -11.7401 6.0233
3 16 1.4998 -12.8038 2.5979 3.3813 -11.7401 6.0233 0 -12.8037 2.9998
3 16 0 -9.5603 11.2572 0 -11.6679 7.4191 5.1376 -9.6986 9.2404
3 16 0 -11.6679 7.4191 3.3813 -11.7401 6.0233 5.1376 -9.6986 9.2404
3 16 0 -6.5459 13.8065 0 -9.5603 11.2572 6.3419 -6.5081 11.6236
3 16 6.3419 -6.5081 11.6236 0 -9.5603 11.2572 5.1376 -9.6986 9.2404
4 16 6.9036 -2.6461 13.0372 0 -2.9796 15.3287 0 -6.5459 13.8065 6.3419 -6.5081 11.6236
3 16 14.4139 -1.1481 2.7717 14.5 0 3 12.2996 -2.4654 7.4839
3 16 14.3409 -2.1213 2.1213 14.4139 -1.1481 2.7717 12.2996 -2.4654 7.4839
3 16 14.5 0 3 12.3334 .0008 8.0412 12.2996 -2.4654 7.4839
3 16 6.7027 .0008 13.6868 6.9036 -2.6461 13.0372 12.3334 .0008 8.0412
3 16 12.3334 .0008 8.0412 6.9036 -2.6461 13.0372 12.2996 -2.4654 7.4839
3 16 6.9036 -2.6461 13.0372 6.7027 .0008 13.6868 0 -2.9796 15.3287
3 16 6.7027 .0008 13.6868 0 .0007 15.8814 0 -2.9796 15.3287
4 16 7.0216 .001 -14.2864 0 .0008 -16.7637 0 .001 -17.6574 7.5707 .0009 -14.9769
4 16 7.5707 .0009 -14.9769 11.8161 .0009 -10.7511 11.0546 .0011 -10.312 7.0216 .001 -14.2864
4 16 11.0546 .0011 -10.312 11.8161 .0009 -10.7511 15.4205 0 -3 14.5 0 -3
4 16 14.5 0 3 15.3388 0 3 14.842 .0009 4.7937 13.1763 .001 8.3517
3 16 14.5 0 3 13.1763 .001 8.3517 12.3334 .0008 8.0412
4 16 7.6983 .0006 14.0838 6.7027 .0008 13.6868 12.3334 .0008 8.0412 13.1763 .001 8.3517
4 16 4.341 .0009 15.892 0 .0007 15.8814 6.7027 .0008 13.6868 7.6983 .0006 14.0838
4 16 0 .0006 16.7629 0 .0007 15.8814 4.341 .0009 15.892 2.1442 0 16.6489
4 16 9.0596 -9.5374 5.0346 5.1376 -9.6986 9.2404 3.3813 -11.7401 6.0233 5.9563 -11.6697 3.279
4 16 5.9563 -11.6697 3.279 6.9391 -11.6296 -.1847 10.5552 -9.4485 -.2847 9.0596 -9.5374 5.0346
3 16 3.3813 -11.7401 6.0233 1.4998 -12.8038 2.5979 5.9563 -11.6697 3.279
3 16 1.4998 -12.8038 2.5979 2.5982 -12.8038 1.4996 5.9563 -11.6697 3.279
4 16 2.5982 -12.8038 1.4996 2.9998 -12.8037 -.0006 6.9391 -11.6296 -.1847 5.9563 -11.6697 3.279
4 16 2.9998 -12.8037 -.0006 2.598 -12.8039 -1.5008 5.9147 -11.6659 -3.5578 6.9391 -11.6296 -.1847
3 16 1.4998 -12.8039 -2.599 3.3852 -11.7293 -6.1633 2.598 -12.8039 -1.5008
3 16 5.9147 -11.6659 -3.5578 2.598 -12.8039 -1.5008 3.3852 -11.7293 -6.1633
4 16 15.4205 0 -3 15.6845 5.1193 -3.0004 16.187 2.2772 -2.9992 16 0 -3
4 16 16.6065 18.9993 -2.9931 17.5605 18.9993 -2.9932 16.187 2.2772 -2.9992 15.6845 5.1193 -3.0004
4 16 17.5605 18.9993 -2.9932 16.6065 18.9993 -2.9931 13.1 18.4624 2.3761 17.5162 18.398 3.0203
4 16 12.8674 19.6148 -9.1481 9.9401 20.0341 -13.3405 6.1242 19.8466 -11.4662 9.263 19.626 -9.2602
4 16 6.1242 19.8466 -11.4662 3.9924 20.2159 -15.1591 3.9925 3.2509 -15.1598 6.1208 3.2508 -11.3935
4 16 14.341 19.3012 -6.0119 12.8674 19.6148 -9.1481 9.263 19.626 -9.2602 12.0931 19.201 -5.0097
3 16 9.1923 -1 -9.1923 9.263 19.626 -9.2602 6.1208 3.2508 -11.3935
3 16 6.1242 19.8466 -11.4662 6.1208 3.2508 -11.3935 9.263 19.626 -9.2602
4 16 12.0931 19.201 -5.0097 12.7307 18.9372 -2.372 14.8511 19.1317 -4.3172 14.341 19.3012 -6.0119
4 16 14.8511 19.1317 -4.3172 12.7307 18.9372 -2.372 13.1 18.9372 -2.372 16.5394 19.0383 -3.3831
4 16 13.1 18.4624 2.3761 16.6065 18.9993 -2.9931 16.5394 19.0383 -3.3831 13.1 18.9372 -2.372
4 16 12.7307 18.9372 -2.372 12.0931 19.201 -5.0097 12.0007 -1 -4.9751 12.6133 0 -2.4
4 16 9.263 19.626 -9.2602 9.1923 -1 -9.1923 12.0007 -1 -4.9751 12.0931 19.201 -5.0097
4 16 12.6133 0 -2.4 12.95 0 -2.4 13.1 18.9372 -2.372 12.7307 18.9372 -2.372
3 16 12.3415 -1.405 -1.6846 12.0007 -1 -4.9751 9.008 -6 -3.7313
3 16 12.3415 -1.405 -1.6846 9.008 -6 -3.7313 9.75 -6 0
3 16 9.008 -6 3.7313 12.3418 -1.4036 1.6848 9.75 -6 0
3 16 12.3418 -1.4036 1.6848 9.008 -6 3.7313 12.0007 -1 4.9751
4 16 13.1 18.4624 2.3761 13.1 18.9372 -2.372 13.1 2 0 13.1 2 2
3 16 13.1 2 -2 13.1 2 0 13.1 18.9372 -2.372
3 16 13.1 2 -2 13.1 18.9372 -2.372 12.95 0 -2.4
3 16 12.95 0 -2.4 12.95 0 -2 13.1 2 -2
5 24 13.1 2 -2 12.95 0 -2.4 13.1 18.9372 -2.372 12.95 0 -2
4 16 13.1 18.4624 2.3761 12.7301 18.4624 2.3761 12.5821 18.411 2.9003 17.5162 18.398 3.0203
4 16 13.1 18.4624 2.3761 12.95 0 2.4 12.6132 0 2.4 12.7301 18.4624 2.3761
3 16 13.1 2 2 12.95 0 2 12.95 0 2.4
3 16 12.95 0 2.4 13.1 18.4624 2.3761 13.1 2 2
5 24 12.95 0 2.4 13.1 2 2 13.1 18.4624 2.3761 12.95 0 2
4 16 12.5821 18.411 2.9003 12.7301 18.4624 2.3761 12.6132 0 2.4 12.5705 15.9998 2.8982
3 16 17.5162 18.398 3.0203 12.5821 18.411 2.9003 15.8708 16 2.965
3 16 12.5821 18.411 2.9003 12.5705 15.9998 2.8982 15.8708 16 2.965
3 16 5.0134 3.2508 -12.1031 6.1208 3.2508 -11.3935 3.9925 3.2509 -15.1598
3 16 4.9751 -1 -12.0107 6.1208 3.2508 -11.3935 5.0134 3.2508 -12.1031
3 16 6.1208 3.2508 -11.3935 4.9751 -1 -12.0107 9.1923 -1 -9.1923
3 16 12.1713 -2.2491 -.0005 12.3415 -1.405 -1.6846 9.75 -6 0
3 16 12.1713 -2.2491 -.0005 9.75 -6 0 12.3418 -1.4036 1.6848
3 16 12.1713 -2.2491 -.0005 12.3418 -1.4036 1.6848 12.7814 -2.2477 0
3 16 12.3418 -1.4036 1.6848 12.8402 -1.4636 1.6446 12.7814 -2.2477 0
3 16 12.3415 -1.405 -1.6846 12.1713 -2.2491 -.0005 12.7814 -2.2477 0
3 16 12.7814 -2.2477 0 12.8399 -1.4681 -1.6407 12.3415 -1.405 -1.6846
3 16 12.8399 -1.4681 -1.6407 12.95 0 -2.4 12.3415 -1.405 -1.6846
3 16 12.0007 -1 -4.9751 12.3415 -1.405 -1.6846 12.6133 0 -2.4
4 16 0 -1 13 0 16 13.1 5.0134 16 12.1031 4.9751 -1 12.0107
4 16 9.263 16 9.263 9.1923 -1 9.1923 4.9751 -1 12.0107 5.0134 16 12.1031
4 16 12.0007 -1 4.9751 12.1031 16 5.0134 12.5705 15.9998 2.8982 12.6132 0 2.4
4 16 12.1031 16 5.0134 12.0007 -1 4.9751 9.1923 -1 9.1923 9.263 16 9.263
3 16 12.3418 -1.4036 1.6848 12.0007 -1 4.9751 12.6132 0 2.4
3 16 12.3418 -1.4036 1.6848 12.6132 0 2.4 12.95 0 2.4
3 16 12.95 0 2.4 12.8402 -1.4636 1.6446 12.3418 -1.4036 1.6848
3 16 12.95 0 -2.4 12.6133 0 -2.4 12.3415 -1.405 -1.6846
4 16 4.3746 16 16.1411 0 16 13.1 2.1442 16 17.2489 4.3745 16 16.6687
4 16 0 16 13.1 4.3746 16 16.1411 7.4925 16 14.6832 5.0134 16 12.1031
4 16 5.0134 16 12.1031 7.4925 16 14.6832 13.2974 16 8.7079 9.263 16 9.263
4 16 12.1031 16 5.0134 9.263 16 9.263 13.2974 16 8.7079 14.8118 16 6.3329
4 16 14.8118 16 6.3329 15.8708 16 2.965 12.5705 15.9998 2.8982 12.1031 16 5.0134
4 16 2.7195 14.3463 17.053 4.3745 16 16.6687 2.1442 16 17.2489 2.1442 14.5577 17.2085
3 16 2.9531 13.9749 16.9818 4.3745 16 16.6687 2.7195 14.3463 17.053
3 16 12.7281 2.0008 8.3385 14.7156 13.965 6.2428 13.2974 16 8.7079
3 16 14.8118 16 6.3329 13.2974 16 8.7079 14.7156 13.965 6.2428
4 16 15.8708 16 2.965 14.8118 16 6.3329 14.7156 13.965 6.2428 15.7568 14.2227 2.9896
4 16 16.2681 14.2227 2.9996 17.5162 18.398 3.0203 15.8708 16 2.965 15.7568 14.2227 2.9896
3 16 17.5162 18.398 3.0203 16.2681 14.2227 2.9996 15.75 2.272 3
3 16 15.75 2.272 3 16.1877 2.2771 3.0025 17.5162 18.398 3.0203
3 16 16 0 3 15.75 2.272 3 15.3388 0 3
3 16 14.842 .0009 4.7937 15.3388 0 3 15.75 2.272 3
3 16 15.75 2.272 3 15.2605 13.9653 6.2409 14.5416 2.0008 5.9285
3 16 14.5416 2.0008 5.9285 14.842 .0009 4.7937 15.75 2.272 3
4 16 15.2605 13.9653 6.2409 14.7156 13.965 6.2428 13.9994 2.0008 5.9283 14.5416 2.0008 5.9285
3 16 14.5416 2.0008 5.9285 13.1762 2.0006 8.5677 13.1763 .001 8.3517
3 16 13.1763 .001 8.3517 14.842 .0009 4.7937 14.5416 2.0008 5.9285
4 16 13.1762 2.0006 8.5677 14.5416 2.0008 5.9285 13.9994 2.0008 5.9283 12.7281 2.0008 8.3385
3 16 7.4304 2.0007 14.4914 7.6983 .0006 14.0838 13.1762 2.0006 8.5677
3 16 7.6983 .0006 14.0838 13.1763 .001 8.3517 13.1762 2.0006 8.5677
4 16 7.4304 2.0007 14.4914 13.1762 2.0006 8.5677 12.7281 2.0008 8.3385 7.2087 2.0008 14.1103
4 16 7.4304 2.0007 14.4914 7.2087 2.0008 14.1103 4.3745 2.0008 15.5815 4.3745 2.0006 16.1482
4 16 4.3745 2.0006 16.1482 4.341 .0009 15.892 7.6983 .0006 14.0838 7.4304 2.0007 14.4914
3 16 2.8663 2.2852 16.6361 2.6045 1.9936 16.708 4.341 .0009 15.892
4 16 4.341 .0009 15.892 2.6045 1.9936 16.708 2.1442 1.862 16.8488 2.1442 0 16.6489
3 16 0 .0006 16.7629 2.1442 0 16.6489 2.1442 1.862 16.8488
3 16 2.9821 2.6569 16.6133 2.8663 2.2852 16.6361 4.3745 2.0006 16.1482
3 16 4.3745 2.0006 16.1482 2.8663 2.2852 16.6361 4.341 .0009 15.892
4 16 2.8911 5.0822 16.7325 4.3745 2.0006 16.1482 4.3745 8.9812 16.4084 2.9662 5.6037 16.7282
4 16 2.9821 2.6569 16.6133 4.3745 2.0006 16.1482 2.8911 5.0822 16.7325 2.9583 2.9171 16.6305
3 16 4.3745 8.9812 16.4084 2.9669 10.7849 16.8878 2.8773 10.5208 16.9036
3 16 2.5509 8.9283 16.9433 2.9633 8.3843 16.8207 4.3745 8.9812 16.4084
3 16 2.9662 5.6037 16.7282 4.3745 8.9812 16.4084 2.8503 7.7702 16.8327
3 16 2.9633 8.3843 16.8207 2.9766 8.1279 16.81 4.3745 8.9812 16.4084
3 16 4.3745 8.9812 16.4084 2.9766 8.1279 16.81 2.8503 7.7702 16.8327
4 16 2.6398 13.0059 17.0358 2.5428 11.6824 17.0235 2.9681 11.1756 16.8986 2.891 13.3217 16.9794
3 16 2.9531 13.9749 16.9818 2.9932 13.7153 16.964 4.3745 16 16.6687
4 16 2.891 13.3217 16.9794 4.3745 8.9812 16.4084 4.3745 16 16.6687 2.9932 13.7153 16.964
3 16 2.891 13.3217 16.9794 2.9681 11.1756 16.8986 4.3745 8.9812 16.4084
3 16 2.9669 10.7849 16.8878 4.3745 8.9812 16.4084 2.9681 11.1756 16.8986
3 16 2.8773 10.5208 16.9036 2.5509 8.9283 16.9433 4.3745 8.9812 16.4084
4 16 4.3745 2.0006 16.1482 4.3745 2.0008 15.5815 4.3746 16 16.1411 4.3745 8.9812 16.4084
3 16 4.3745 16 16.6687 4.3745 8.9812 16.4084 4.3746 16 16.1411
4 16 2.8911 5.0822 16.7325 2.5902 4.736 16.8143 2.5562 3.4549 16.7802 2.9583 2.9171 16.6305
3 16 2.7255 5.2743 17.2641 2.4902 4.8239 17.161 2.8911 5.0822 16.7325
3 16 2.8911 5.0822 16.7325 2.4902 4.8239 17.161 2.5902 4.736 16.8143
4 16 2.5562 3.4549 16.7802 2.5902 4.736 16.8143 2.1442 4.6031 16.9265 2.1442 3.5612 16.8967
3 16 2.1248 4.897 17.3773 2.1442 4.6031 16.9265 2.4902 4.8239 17.161
3 16 2.1442 4.6031 16.9265 2.5902 4.736 16.8143 2.4902 4.8239 17.161
3 16 2.7115 3.1494 17.0143 2.5562 3.4549 16.7802 2.1644 3.2981 17.2437
3 16 2.1644 3.2981 17.2437 2.5562 3.4549 16.7802 2.1442 3.5612 16.8967
3 16 2.7115 3.1494 17.0143 2.9583 2.9171 16.6305 2.5562 3.4549 16.7802
3 16 2.7115 3.1494 17.0143 2.7658 2.738 17.1393 2.9583 2.9171 16.6305
3 16 2.9583 2.9171 16.6305 2.7658 2.738 17.1393 2.9821 2.6569 16.6133
3 16 2.7658 2.738 17.1393 2.6647 2.3166 17.1269 2.9821 2.6569 16.6133
3 16 2.9821 2.6569 16.6133 2.6647 2.3166 17.1269 2.8663 2.2852 16.6361
3 16 2.8663 2.2852 16.6361 2.6647 2.3166 17.1269 2.6045 1.9936 16.708
4 16 15.2605 13.9653 6.2409 16.2681 14.2227 2.9996 15.7568 14.2227 2.9896 14.7156 13.965 6.2428
3 16 2.1245 14.3439 17.6148 2.6873 14.2008 17.4041 2.1442 14.5577 17.2085
3 16 2.1442 14.5577 17.2085 2.6873 14.2008 17.4041 2.7195 14.3463 17.053
3 16 2.6873 14.2008 17.4041 2.9531 13.9749 16.9818 2.7195 14.3463 17.053
3 16 2.7635 13.7827 17.5468 2.9932 13.7153 16.964 2.9531 13.9749 16.9818
3 16 2.9531 13.9749 16.9818 2.6873 14.2008 17.4041 2.7635 13.7827 17.5468
3 16 2.6735 13.3429 17.5428 2.891 13.3217 16.9794 2.7635 13.7827 17.5468
3 16 2.7635 13.7827 17.5468 2.891 13.3217 16.9794 2.9932 13.7153 16.964
3 16 2.891 13.3217 16.9794 2.6735 13.3429 17.5428 2.6398 13.0059 17.0358
4 16 2.5428 11.6824 17.0235 2.6398 13.0059 17.0358 2.1442 12.8618 17.1605 2.1442 11.811 17.1307
3 16 2.5428 11.6824 17.0235 2.1442 11.811 17.1307 2.1245 11.582 17.5253
3 16 2.1245 11.582 17.5253 2.7043 11.421 17.3079 2.5428 11.6824 17.0235
3 16 2.7043 11.421 17.3079 2.9681 11.1756 16.8986 2.5428 11.6824 17.0235
3 16 2.9669 10.7849 16.8878 2.9681 11.1756 16.8986 2.7631 11.011 17.4468
3 16 2.7043 11.421 17.3079 2.7631 11.011 17.4468 2.9681 11.1756 16.8986
3 16 2.7631 11.011 17.4468 2.6647 10.5852 17.4455 2.9669 10.7849 16.8878
3 16 2.9669 10.7849 16.8878 2.6647 10.5852 17.4455 2.8773 10.5208 16.9036
3 16 2.5509 8.9283 16.9433 2.8773 10.5208 16.9036 2.6245 10.2457 16.9615
3 16 2.8773 10.5208 16.9036 2.6647 10.5852 17.4455 2.6245 10.2457 16.9615
4 16 2.5509 8.9283 16.9433 2.6245 10.2457 16.9615 2.1442 10.1134 17.0826 2.1442 9.0563 17.0527
3 16 2.1247 8.8347 17.4032 2.7162 8.6485 17.2101 2.5509 8.9283 16.9433
3 16 2.5509 8.9283 16.9433 2.1442 9.0563 17.0527 2.1247 8.8347 17.4032
3 16 2.7162 8.6485 17.2101 2.9633 8.3843 16.8207 2.5509 8.9283 16.9433
3 16 2.7162 8.6485 17.2101 2.7627 8.2451 17.3465 2.9633 8.3843 16.8207
3 16 2.9633 8.3843 16.8207 2.7627 8.2451 17.3465 2.9766 8.1279 16.81
3 16 2.8503 7.7702 16.8327 2.5976 7.4904 16.8904 2.9662 5.6037 16.7282
3 16 2.7627 8.2451 17.3465 2.6582 7.8302 17.3473 2.9766 8.1279 16.81
3 16 2.9766 8.1279 16.81 2.6582 7.8302 17.3473 2.8503 7.7702 16.8327
3 16 2.5976 7.4904 16.8904 2.5653 6.1649 16.8613 2.9662 5.6037 16.7282
3 16 2.8503 7.7702 16.8327 2.6582 7.8302 17.3473 2.5976 7.4904 16.8904
3 16 2.6582 7.8302 17.3473 2.4274 7.5056 17.2129 2.5976 7.4904 16.8904
4 16 2.5653 6.1649 16.8613 2.5976 7.4904 16.8904 2.1442 7.365 17.0047 2.1442 6.3017 16.9746
3 16 2.4274 7.5056 17.2129 2.1442 7.365 17.0047 2.5976 7.4904 16.8904
3 16 2.4274 7.5056 17.2129 2.1245 7.549 17.3638 2.1442 7.365 17.0047
3 16 2.5653 6.1649 16.8613 2.1442 6.3017 16.9746 2.1247 5.9757 17.4134
3 16 2.1247 5.9757 17.4134 2.7475 5.788 17.1562 2.5653 6.1649 16.8613
3 16 2.7475 5.788 17.1562 2.9662 5.6037 16.7282 2.5653 6.1649 16.8613
3 16 2.8911 5.0822 16.7325 2.9662 5.6037 16.7282 2.7255 5.2743 17.2641
3 16 2.7475 5.788 17.1562 2.7255 5.2743 17.2641 2.9662 5.6037 16.7282
3 16 16.1877 2.2771 3.0025 15.75 2.272 3 16 0 3
3 16 12.7281 2.0008 8.3385 13.9994 2.0008 5.9283 14.7156 13.965 6.2428
3 16 7.4925 16 14.6832 4.3746 16 16.1411 7.2087 2.0008 14.1103
3 16 4.3745 2.0008 15.5815 7.2087 2.0008 14.1103 4.3746 16 16.1411
4 16 13.2974 16 8.7079 7.4925 16 14.6832 7.2087 2.0008 14.1103 12.7281 2.0008 8.3385
3 16 2.6735 13.3429 17.5428 2.1245 13.4459 17.8464 2.1244 13.0438 17.5799
3 16 2.1244 13.0438 17.5799 2.6398 13.0059 17.0358 2.6735 13.3429 17.5428
3 16 2.1245 13.4459 17.8464 2.6735 13.3429 17.5428 2.1244 13.9281 17.8592
3 16 2.6735 13.3429 17.5428 2.7635 13.7827 17.5468 2.1244 13.9281 17.8592
3 16 2.6873 14.2008 17.4041 2.1245 14.3439 17.6148 2.1244 13.9281 17.8592
3 16 2.1244 13.9281 17.8592 2.7635 13.7827 17.5468 2.6873 14.2008 17.4041
3 16 2.1246 10.302 17.4878 2.6245 10.2457 16.9615 2.6647 10.5852 17.4455
3 16 2.6647 10.5852 17.4455 2.1245 10.6945 17.7442 2.1246 10.302 17.4878
3 16 2.1245 10.6945 17.7442 2.6647 10.5852 17.4455 2.1245 11.1712 17.7594
3 16 2.6647 10.5852 17.4455 2.7631 11.011 17.4468 2.1245 11.1712 17.7594
3 16 2.7043 11.421 17.3079 2.1245 11.582 17.5253 2.1245 11.1712 17.7594
3 16 2.1245 11.1712 17.7594 2.7631 11.011 17.4468 2.7043 11.421 17.3079
3 16 2.1245 7.549 17.3638 2.4274 7.5056 17.2129 2.1245 7.8953 17.6254
3 16 2.6582 7.8302 17.3473 2.1245 7.8953 17.6254 2.4274 7.5056 17.2129
3 16 2.1245 7.8953 17.6254 2.6582 7.8302 17.3473 2.1245 8.3277 17.6633
3 16 2.7627 8.2451 17.3465 2.1245 8.3277 17.6633 2.6582 7.8302 17.3473
3 16 2.1245 8.3277 17.6633 2.7627 8.2451 17.3465 2.7162 8.6485 17.2101
3 16 2.7162 8.6485 17.2101 2.1247 8.8347 17.4032 2.1245 8.3277 17.6633
3 16 2.1248 4.897 17.3773 2.4902 4.8239 17.161 2.7255 5.2743 17.2641
3 16 2.7255 5.2743 17.2641 2.1248 5.43 17.5816 2.1248 4.897 17.3773
3 16 2.1248 5.43 17.5816 2.7255 5.2743 17.2641 2.7475 5.788 17.1562
3 16 2.7475 5.788 17.1562 2.1247 5.9757 17.4134 2.1248 5.43 17.5816
3 16 2.1246 2.4234 17.4323 2.1245 2.0371 17.1654 2.6647 2.3166 17.1269
3 16 2.1245 2.0371 17.1654 2.6045 1.9936 16.708 2.6647 2.3166 17.1269
3 16 2.1246 2.8919 17.4612 2.1246 2.4234 17.4323 2.7658 2.738 17.1393
3 16 2.1246 2.4234 17.4323 2.6647 2.3166 17.1269 2.7658 2.738 17.1393
3 16 2.7658 2.738 17.1393 2.7115 3.1494 17.0143 2.1246 2.8919 17.4612
3 16 2.1246 2.8919 17.4612 2.7115 3.1494 17.0143 2.1644 3.2981 17.2437
3 16 15.75 2.272 3 16.2681 14.2227 2.9996 15.2605 13.9653 6.2409
2 24 4.5497 20.5952 -18.9524 0 20.6885 -19.8853
2 24 7.0195 20.4677 -17.6774 4.5497 20.5952 -18.9524
2 24 0 .001 -17.6574 7.5707 .0009 -14.9769
2 24 7.5707 .0009 -14.9769 11.8161 .0009 -10.7511
2 24 11.8161 .0009 -10.7511 15.4205 0 -3
2 24 15.6845 5.1193 -3.0004 15.4205 0 -3
2 24 16.6065 18.9993 -2.9931 15.6845 5.1193 -3.0004
2 24 16.5394 19.0383 -3.3831 16.6065 18.9993 -2.9931
2 24 7.437 20.2617 -15.6169 7.0195 20.4677 -17.6774
2 24 14.8511 19.1317 -4.3172 16.5394 19.0383 -3.3831
2 24 17.5605 18.9993 -2.9932 16.187 2.2772 -2.9992
2 24 17.5162 18.398 3.0203 17.5605 18.9993 -2.9932
2 24 17.5162 18.398 3.0203 16.1877 2.2771 3.0025
2 24 16 0 -3 16.187 2.2772 -2.9992
2 24 16 0 3 16.1877 2.2771 3.0025
2 24 9.9401 20.0341 -13.3405 7.437 20.2617 -15.6169
2 24 12.8674 19.6148 -9.1481 9.9401 20.0341 -13.3405
2 24 14.341 19.3012 -6.0119 12.8674 19.6148 -9.1481
2 24 14.8511 19.1317 -4.3172 14.341 19.3012 -6.0119
2 24 2.1442 1.862 16.8488 2.6045 1.9936 16.708
2 24 2.1442 10.1134 17.0826 2.6245 10.2457 16.9615
2 24 2.1442 12.8618 17.1605 2.6398 13.0059 17.0358
2 24 5.0134 3.2508 -12.1031 0 3.2508 -13.1
2 24 3.9925 3.2509 -15.1598 0 3.2509 -15.6241
2 24 3.9924 20.2159 -15.1591 0 20.2627 -15.6268
2 24 3.9925 3.2509 -15.1598 3.9924 20.2159 -15.1591
2 24 0 .0008 -16.7637 7.0216 .001 -14.2864
2 24 7.0216 .001 -14.2864 11.0546 .0011 -10.312
2 24 14.5 0 3 12.3334 .0008 8.0412
2 24 12.3334 .0008 8.0412 6.7027 .0008 13.6868
2 24 6.7027 .0008 13.6868 0 .0007 15.8814
2 24 11.0546 .0011 -10.312 14.5 0 -3
2 24 14.5 0 -3 15.4205 0 -3
2 24 14.5 0 3 15.3388 0 3
2 24 15.3388 0 3 14.842 .0009 4.7937
2 24 14.842 .0009 4.7937 13.1763 .001 8.3517
2 24 13.1763 .001 8.3517 7.6983 .0006 14.0838
2 24 7.6983 .0006 14.0838 4.341 .0009 15.892
2 24 2.1442 0 16.6489 0 .0006 16.7629
2 24 4.341 .0009 15.892 2.1442 0 16.6489
2 24 16.6065 18.9993 -2.9931 17.5605 18.9993 -2.9932
2 24 13.1 18.9372 -2.372 13.1 18.4624 2.3761
2 24 3.9924 20.2159 -15.1591 6.1242 19.8466 -11.4662
2 24 3.9925 3.2509 -15.1598 6.1208 3.2508 -11.3935
2 24 6.1242 19.8466 -11.4662 9.263 19.626 -9.2602
2 24 12.0931 19.201 -5.0097 12.7307 18.9372 -2.372
2 24 9.263 19.626 -9.2602 12.0931 19.201 -5.0097
2 24 12.7307 18.9372 -2.372 13.1 18.9372 -2.372
2 24 12.6133 0 -2.4 12.7307 18.9372 -2.372
2 24 12.95 0 -2.4 13.1 18.9372 -2.372
2 24 12.7301 18.4624 2.3761 12.5821 18.411 2.9003
2 24 13.1 18.4624 2.3761 12.7301 18.4624 2.3761
2 24 12.5821 18.411 2.9003 17.5162 18.398 3.0203
2 24 13.1 18.4624 2.3761 12.95 0 2.4
2 24 12.6132 0 2.4 12.7301 18.4624 2.3761
2 24 12.5705 15.9998 2.8982 12.5821 18.411 2.9003
2 24 12.5705 15.9998 2.8982 15.8708 16 2.965
2 24 5.0134 3.2508 -12.1031 6.1208 3.2508 -11.3935
2 24 12.1713 -2.2491 -.0005 12.3415 -1.405 -1.6846
2 24 12.3418 -1.4036 1.6848 12.1713 -2.2491 -.0005
5 24 12.1713 -2.2491 -.0005 12.7814 -2.2477 0 12.3418 -1.4036 1.6848 12.3415 -1.405 -1.6846
2 24 12.8402 -1.4636 1.6446 12.7814 -2.2477 0
2 24 12.7814 -2.2477 0 12.8399 -1.4681 -1.6407
2 24 12.8399 -1.4681 -1.6407 12.95 0 -2.4
2 24 12.3415 -1.405 -1.6846 12.6133 0 -2.4
2 24 5.0134 16 12.1031 9.263 16 9.263
2 24 0 16 13.1 5.0134 16 12.1031
2 24 12.1031 16 5.0134 12.5705 15.9998 2.8982
2 24 9.263 16 9.263 12.1031 16 5.0134
2 24 12.6132 0 2.4 12.3418 -1.4036 1.6848
2 24 12.95 0 2.4 12.8402 -1.4636 1.6446
2 24 4.3746 16 16.1411 7.4925 16 14.6832
2 24 7.4925 16 14.6832 13.2974 16 8.7079
2 24 13.2974 16 8.7079 14.8118 16 6.3329
2 24 14.8118 16 6.3329 15.8708 16 2.965
2 24 2.1442 16 17.2489 4.3745 16 16.6687
2 24 4.3745 16 16.6687 4.3746 16 16.1411
2 24 2.1442 14.5577 17.2085 2.7195 14.3463 17.053
2 24 2.7195 14.3463 17.053 2.9531 13.9749 16.9818
2 24 15.7568 14.2227 2.9896 16.2681 14.2227 2.9996
2 24 15.8708 16 2.965 15.7568 14.2227 2.9896
2 24 14.7156 13.965 6.2428 15.7568 14.2227 2.9896
2 24 15.75 2.272 3 15.3388 0 3
2 24 15.2605 13.9653 6.2409 14.5416 2.0008 5.9285
2 24 14.7156 13.965 6.2428 13.9994 2.0008 5.9283
2 24 15.2605 13.9653 6.2409 14.7156 13.965 6.2428
2 24 13.9994 2.0008 5.9283 14.5416 2.0008 5.9285
2 24 14.5416 2.0008 5.9285 13.1762 2.0006 8.5677
2 24 13.9994 2.0008 5.9283 12.7281 2.0008 8.3385
2 24 13.1762 2.0006 8.5677 7.4304 2.0007 14.4914
2 24 12.7281 2.0008 8.3385 7.2087 2.0008 14.1103
2 24 7.2087 2.0008 14.1103 4.3745 2.0008 15.5815
2 24 7.4304 2.0007 14.4914 4.3745 2.0006 16.1482
2 24 4.3745 2.0008 15.5815 4.3745 2.0006 16.1482
2 24 2.8663 2.2852 16.6361 2.6045 1.9936 16.708
2 24 2.9821 2.6569 16.6133 2.8663 2.2852 16.6361
2 24 2.9583 2.9171 16.6305 2.9821 2.6569 16.6133
2 24 4.3745 2.0006 16.1482 4.3745 8.9812 16.4084
2 24 2.5509 8.9283 16.9433 2.9633 8.3843 16.8207
2 24 2.5653 6.1649 16.8613 2.9662 5.6037 16.7282
2 24 2.9633 8.3843 16.8207 2.9766 8.1279 16.81
2 24 2.5428 11.6824 17.0235 2.9681 11.1756 16.8986
2 24 2.891 13.3217 16.9794 2.6398 13.0059 17.0358
2 24 2.9531 13.9749 16.9818 2.9932 13.7153 16.964
2 24 2.9662 5.6037 16.7282 2.8911 5.0822 16.7325
2 24 4.3745 8.9812 16.4084 4.3745 16 16.6687
2 24 2.9932 13.7153 16.964 2.891 13.3217 16.9794
2 24 2.9681 11.1756 16.8986 2.9669 10.7849 16.8878
2 24 2.9669 10.7849 16.8878 2.8773 10.5208 16.9036
2 24 4.3745 2.0008 15.5815 4.3746 16 16.1411
2 24 2.8911 5.0822 16.7325 2.5902 4.736 16.8143
2 24 2.5562 3.4549 16.7802 2.9583 2.9171 16.6305
2 24 2.5902 4.736 16.8143 2.1442 4.6031 16.9265
2 24 2.1442 3.5612 16.8967 2.5562 3.4549 16.7802
2 24 15.2605 13.9653 6.2409 16.2681 14.2227 2.9996
2 24 2.1442 11.811 17.1307 2.5428 11.6824 17.0235
2 24 2.8773 10.5208 16.9036 2.6245 10.2457 16.9615
2 24 2.1442 9.0563 17.0527 2.5509 8.9283 16.9433
2 24 2.9766 8.1279 16.81 2.8503 7.7702 16.8327
2 24 2.8503 7.7702 16.8327 2.5976 7.4904 16.8904
2 24 2.5976 7.4904 16.8904 2.1442 7.365 17.0047
2 24 2.1442 6.3017 16.9746 2.5653 6.1649 16.8613
2 24 15.75 2.272 3 16.2681 14.2227 2.9996
5 24 2.6045 1.9936 16.708 2.1245 2.0371 17.1654 2.1442 1.862 16.8488 2.6647 2.3166 17.1269
5 24 2.6245 10.2457 16.9615 2.1246 10.302 17.4878 2.1442 10.1134 17.0826 2.6647 10.5852 17.4455
5 24 2.6398 13.0059 17.0358 2.1244 13.0438 17.5799 2.1442 12.8618 17.1605 2.6735 13.3429 17.5428
5 24 3.3852 -11.7293 -6.1633 0 -11.749 -7.2681 0 -9.7351 -11.1509 1.4998 -12.8039 -2.599
5 24 0 -11.749 -7.2681 1.4998 -12.8039 -2.599 0 -12.8018 -3.0001 3.3852 -11.7293 -6.1633
5 24 1.4998 -12.8039 -2.599 0 -12.8018 -3.0001 0 -11.749 -7.2681 0 -12.8743 -.0005
5 24 3.3852 -11.7293 -6.1633 1.4998 -12.8039 -2.599 0 -11.749 -7.2681 2.598 -12.8039 -1.5008
5 24 1.4998 -12.8039 -2.599 0 -12.8743 -.0005 0 -12.8018 -3.0001 2.598 -12.8039 -1.5008
5 24 0 -12.8743 -.0005 2.5982 -12.8038 1.4996 1.4998 -12.8038 2.5979 2.9998 -12.8037 -.0006
5 24 2.5982 -12.8038 1.4996 1.4998 -12.8038 2.5979 0 -12.8743 -.0005 5.9563 -11.6697 3.279
5 24 1.4998 -12.8038 2.5979 0 -12.8743 -.0005 2.5982 -12.8038 1.4996 0 -12.8037 2.9998
5 24 0 -12.8743 -.0005 2.9998 -12.8037 -.0006 2.5982 -12.8038 1.4996 2.598 -12.8039 -1.5008
5 24 2.9998 -12.8037 -.0006 2.5982 -12.8038 1.4996 0 -12.8743 -.0005 6.9391 -11.6296 -.1847
5 24 0 -12.8743 -.0005 2.598 -12.8039 -1.5008 2.9998 -12.8037 -.0006 1.4998 -12.8039 -2.599
5 24 2.598 -12.8039 -1.5008 2.9998 -12.8037 -.0006 0 -12.8743 -.0005 5.9147 -11.6659 -3.5578
5 24 1.4998 -12.8039 -2.599 2.598 -12.8039 -1.5008 0 -12.8743 -.0005 3.3852 -11.7293 -6.1633
5 24 1.4998 -12.8038 2.5979 0 -12.8037 2.9998 0 -12.8743 -.0005 3.3813 -11.7401 6.0233
5 24 0 -12.8037 2.9998 3.3813 -11.7401 6.0233 0 -11.6679 7.4191 1.4998 -12.8038 2.5979
5 24 3.3813 -11.7401 6.0233 0 -11.6679 7.4191 0 -12.8037 2.9998 5.1376 -9.6986 9.2404
5 24 1.4998 -12.8038 2.5979 3.3813 -11.7401 6.0233 0 -12.8037 2.9998 5.9563 -11.6697 3.279
5 24 0 -11.6679 7.4191 5.1376 -9.6986 9.2404 0 -9.5603 11.2572 3.3813 -11.7401 6.0233
5 24 5.1376 -9.6986 9.2404 0 -9.5603 11.2572 0 -11.6679 7.4191 6.3419 -6.5081 11.6236
5 24 3.3813 -11.7401 6.0233 5.1376 -9.6986 9.2404 0 -11.6679 7.4191 9.0596 -9.5374 5.0346
5 24 0 -9.5603 11.2572 6.3419 -6.5081 11.6236 0 -6.5459 13.8065 5.1376 -9.6986 9.2404
5 24 6.3419 -6.5081 11.6236 0 -6.5459 13.8065 0 -9.5603 11.2572 6.9036 -2.6461 13.0372
5 24 6.9036 -2.6461 13.0372 0 -2.9796 15.3287 0 -6.5459 13.8065 6.7027 .0008 13.6868
5 24 6.3419 -6.5081 11.6236 6.9036 -2.6461 13.0372 0 -6.5459 13.8065 12.2996 -2.4654 7.4839
5 24 12.3334 .0008 8.0412 12.2996 -2.4654 7.4839 14.5 0 3 6.9036 -2.6461 13.0372
5 24 6.7027 .0008 13.6868 6.9036 -2.6461 13.0372 12.3334 .0008 8.0412 0 -2.9796 15.3287
5 24 6.9036 -2.6461 13.0372 12.3334 .0008 8.0412 6.7027 .0008 13.6868 12.2996 -2.4654 7.4839
5 24 6.9036 -2.6461 13.0372 12.2996 -2.4654 7.4839 12.3334 .0008 8.0412 6.3419 -6.5081 11.6236
5 24 6.7027 .0008 13.6868 0 -2.9796 15.3287 6.9036 -2.6461 13.0372 0 .0007 15.8814
5 24 3.3813 -11.7401 6.0233 5.9563 -11.6697 3.279 9.0596 -9.5374 5.0346 1.4998 -12.8038 2.5979
5 24 5.9563 -11.6697 3.279 9.0596 -9.5374 5.0346 3.3813 -11.7401 6.0233 10.5552 -9.4485 -.2847
5 24 5.9563 -11.6697 3.279 6.9391 -11.6296 -.1847 10.5552 -9.4485 -.2847 2.5982 -12.8038 1.4996
5 24 1.4998 -12.8038 2.5979 5.9563 -11.6697 3.279 3.3813 -11.7401 6.0233 2.5982 -12.8038 1.4996
5 24 2.5982 -12.8038 1.4996 5.9563 -11.6697 3.279 1.4998 -12.8038 2.5979 6.9391 -11.6296 -.1847
5 24 2.9998 -12.8037 -.0006 6.9391 -11.6296 -.1847 2.5982 -12.8038 1.4996 5.9147 -11.6659 -3.5578
5 24 2.598 -12.8039 -1.5008 5.9147 -11.6659 -3.5578 2.9998 -12.8037 -.0006 3.3852 -11.7293 -6.1633
5 24 3.3852 -11.7293 -6.1633 2.598 -12.8039 -1.5008 1.4998 -12.8039 -2.599 5.9147 -11.6659 -3.5578
5 24 6.1208 3.2508 -11.3935 6.1242 19.8466 -11.4662 3.9925 3.2509 -15.1598 9.263 19.626 -9.2602
5 24 9.263 19.626 -9.2602 6.1208 3.2508 -11.3935 9.1923 -1 -9.1923 6.1242 19.8466 -11.4662
5 24 12.3418 -1.4036 1.6848 12.7814 -2.2477 0 12.1713 -2.2491 -.0005 12.8402 -1.4636 1.6446
5 24 12.3418 -1.4036 1.6848 12.8402 -1.4636 1.6446 12.7814 -2.2477 0 12.95 0 2.4
5 24 12.7814 -2.2477 0 12.3415 -1.405 -1.6846 12.8399 -1.4681 -1.6407 12.1713 -2.2491 -.0005
5 24 12.8399 -1.4681 -1.6407 12.3415 -1.405 -1.6846 12.95 0 -2.4 12.7814 -2.2477 0
5 24 12.95 0 -2.4 12.3415 -1.405 -1.6846 12.8399 -1.4681 -1.6407 12.6133 0 -2.4
5 24 12.3418 -1.4036 1.6848 12.95 0 2.4 12.6132 0 2.4 12.8402 -1.4636 1.6446
5 24 15.75 2.272 3 14.842 .0009 4.7937 15.3388 0 3 14.5416 2.0008 5.9285
5 24 15.75 2.272 3 15.2605 13.9653 6.2409 16.2681 14.2227 2.9996 14.5416 2.0008 5.9285
5 24 14.5416 2.0008 5.9285 15.75 2.272 3 14.842 .0009 4.7937 15.2605 13.9653 6.2409
5 24 14.5416 2.0008 5.9285 14.842 .0009 4.7937 15.75 2.272 3 13.1763 .001 8.3517
5 24 13.1763 .001 8.3517 14.5416 2.0008 5.9285 14.842 .0009 4.7937 13.1762 2.0006 8.5677
5 24 13.1762 2.0006 8.5677 13.1763 .001 8.3517 7.6983 .0006 14.0838 14.5416 2.0008 5.9285
5 24 7.4304 2.0007 14.4914 7.6983 .0006 14.0838 13.1762 2.0006 8.5677 4.341 .0009 15.892
5 24 7.6983 .0006 14.0838 13.1762 2.0006 8.5677 7.4304 2.0007 14.4914 13.1763 .001 8.3517
5 24 4.3745 2.0006 16.1482 4.341 .0009 15.892 7.4304 2.0007 14.4914 2.8663 2.2852 16.6361
5 24 2.6045 1.9936 16.708 4.341 .0009 15.892 2.8663 2.2852 16.6361 2.1442 0 16.6489
5 24 4.341 .0009 15.892 2.8663 2.2852 16.6361 2.6045 1.9936 16.708 4.3745 2.0006 16.1482
5 24 2.8663 2.2852 16.6361 4.3745 2.0006 16.1482 2.9821 2.6569 16.6133 4.341 .0009 15.892
5 24 2.8773 10.5208 16.9036 4.3745 8.9812 16.4084 2.5509 8.9283 16.9433 2.9669 10.7849 16.8878
5 24 2.5509 8.9283 16.9433 4.3745 8.9812 16.4084 2.9633 8.3843 16.8207 2.8773 10.5208 16.9036
5 24 4.3745 8.9812 16.4084 2.9669 10.7849 16.8878 2.9681 11.1756 16.8986 2.8773 10.5208 16.9036
5 24 2.9633 8.3843 16.8207 4.3745 8.9812 16.4084 2.5509 8.9283 16.9433 2.9766 8.1279 16.81
5 24 2.9662 5.6037 16.7282 4.3745 8.9812 16.4084 4.3745 2.0006 16.1482 2.8503 7.7702 16.8327
5 24 2.9662 5.6037 16.7282 2.5976 7.4904 16.8904 2.5653 6.1649 16.8613 2.8503 7.7702 16.8327
5 24 2.9766 8.1279 16.81 4.3745 8.9812 16.4084 2.9633 8.3843 16.8207 2.8503 7.7702 16.8327
5 24 4.3745 8.9812 16.4084 2.8503 7.7702 16.8327 2.9766 8.1279 16.81 2.9662 5.6037 16.7282
5 24 2.9681 11.1756 16.8986 2.891 13.3217 16.9794 2.6398 13.0059 17.0358 4.3745 8.9812 16.4084
5 24 2.9932 13.7153 16.964 4.3745 16 16.6687 2.9531 13.9749 16.9818 4.3745 8.9812 16.4084
5 24 2.891 13.3217 16.9794 4.3745 8.9812 16.4084 2.9932 13.7153 16.964 2.9681 11.1756 16.8986
5 24 2.7255 5.2743 17.2641 2.4902 4.8239 17.161 2.8911 5.0822 16.7325 2.1248 4.897 17.3773
5 24 2.4902 4.8239 17.161 2.8911 5.0822 16.7325 2.7255 5.2743 17.2641 2.5902 4.736 16.8143
5 24 2.8911 5.0822 16.7325 2.7255 5.2743 17.2641 2.4902 4.8239 17.161 2.9662 5.6037 16.7282
5 24 2.4902 4.8239 17.161 2.5902 4.736 16.8143 2.8911 5.0822 16.7325 2.1442 4.6031 16.9265
5 24 2.1442 4.6031 16.9265 2.4902 4.8239 17.161 2.1248 4.897 17.3773 2.5902 4.736 16.8143
5 24 2.4902 4.8239 17.161 2.1248 4.897 17.3773 2.1442 4.6031 16.9265 2.7255 5.2743 17.2641
5 24 2.7115 3.1494 17.0143 2.5562 3.4549 16.7802 2.1644 3.2981 17.2437 2.9583 2.9171 16.6305
5 24 2.5562 3.4549 16.7802 2.1644 3.2981 17.2437 2.7115 3.1494 17.0143 2.1442 3.5612 16.8967
5 24 2.1644 3.2981 17.2437 2.7115 3.1494 17.0143 2.5562 3.4549 16.7802 2.1246 2.8919 17.4612
5 24 2.7115 3.1494 17.0143 2.9583 2.9171 16.6305 2.5562 3.4549 16.7802 2.7658 2.738 17.1393
5 24 2.7115 3.1494 17.0143 2.7658 2.738 17.1393 2.9583 2.9171 16.6305 2.1246 2.8919 17.4612
5 24 2.7658 2.738 17.1393 2.9583 2.9171 16.6305 2.7115 3.1494 17.0143 2.9821 2.6569 16.6133
5 24 2.7658 2.738 17.1393 2.9821 2.6569 16.6133 2.9583 2.9171 16.6305 2.6647 2.3166 17.1269
5 24 2.7658 2.738 17.1393 2.6647 2.3166 17.1269 2.9821 2.6569 16.6133 2.1246 2.4234 17.4323
5 24 2.6647 2.3166 17.1269 2.9821 2.6569 16.6133 2.7658 2.738 17.1393 2.8663 2.2852 16.6361
5 24 2.6647 2.3166 17.1269 2.8663 2.2852 16.6361 2.9821 2.6569 16.6133 2.6045 1.9936 16.708
5 24 2.6647 2.3166 17.1269 2.6045 1.9936 16.708 2.8663 2.2852 16.6361 2.1245 2.0371 17.1654
5 24 2.1245 14.3439 17.6148 2.6873 14.2008 17.4041 2.1442 14.5577 17.2085 2.1244 13.9281 17.8592
5 24 2.6873 14.2008 17.4041 2.1442 14.5577 17.2085 2.1245 14.3439 17.6148 2.7195 14.3463 17.053
5 24 2.6873 14.2008 17.4041 2.7195 14.3463 17.053 2.1442 14.5577 17.2085 2.9531 13.9749 16.9818
5 24 2.6873 14.2008 17.4041 2.9531 13.9749 16.9818 2.7195 14.3463 17.053 2.7635 13.7827 17.5468
5 24 2.7635 13.7827 17.5468 2.9932 13.7153 16.964 2.891 13.3217 16.9794 2.9531 13.9749 16.9818
5 24 2.9531 13.9749 16.9818 2.7635 13.7827 17.5468 2.6873 14.2008 17.4041 2.9932 13.7153 16.964
5 24 2.6873 14.2008 17.4041 2.7635 13.7827 17.5468 2.1244 13.9281 17.8592 2.9531 13.9749 16.9818
5 24 2.6735 13.3429 17.5428 2.891 13.3217 16.9794 2.7635 13.7827 17.5468 2.6398 13.0059 17.0358
5 24 2.891 13.3217 16.9794 2.7635 13.7827 17.5468 2.6735 13.3429 17.5428 2.9932 13.7153 16.964
5 24 2.7635 13.7827 17.5468 2.6735 13.3429 17.5428 2.891 13.3217 16.9794 2.1244 13.9281 17.8592
5 24 2.6735 13.3429 17.5428 2.6398 13.0059 17.0358 2.891 13.3217 16.9794 2.1244 13.0438 17.5799
5 24 2.1245 11.582 17.5253 2.5428 11.6824 17.0235 2.7043 11.421 17.3079 2.1442 11.811 17.1307
5 24 2.7043 11.421 17.3079 2.5428 11.6824 17.0235 2.9681 11.1756 16.8986 2.1245 11.582 17.5253
5 24 2.1245 11.582 17.5253 2.7043 11.421 17.3079 2.1245 11.1712 17.7594 2.5428 11.6824 17.0235
5 24 2.7043 11.421 17.3079 2.9681 11.1756 16.8986 2.5428 11.6824 17.0235 2.7631 11.011 17.4468
5 24 2.9681 11.1756 16.8986 2.7631 11.011 17.4468 2.9669 10.7849 16.8878 2.7043 11.421 17.3079
5 24 2.7631 11.011 17.4468 2.9669 10.7849 16.8878 2.9681 11.1756 16.8986 2.6647 10.5852 17.4455
5 24 2.7043 11.421 17.3079 2.7631 11.011 17.4468 2.9681 11.1756 16.8986 2.1245 11.1712 17.7594
5 24 2.7631 11.011 17.4468 2.6647 10.5852 17.4455 2.9669 10.7849 16.8878 2.1245 11.1712 17.7594
5 24 2.6647 10.5852 17.4455 2.9669 10.7849 16.8878 2.7631 11.011 17.4468 2.8773 10.5208 16.9036
5 24 2.6647 10.5852 17.4455 2.8773 10.5208 16.9036 2.9669 10.7849 16.8878 2.6245 10.2457 16.9615
5 24 2.6647 10.5852 17.4455 2.6245 10.2457 16.9615 2.8773 10.5208 16.9036 2.1246 10.302 17.4878
5 24 2.1247 8.8347 17.4032 2.7162 8.6485 17.2101 2.5509 8.9283 16.9433 2.1245 8.3277 17.6633
5 24 2.1247 8.8347 17.4032 2.5509 8.9283 16.9433 2.7162 8.6485 17.2101 2.1442 9.0563 17.0527
5 24 2.7162 8.6485 17.2101 2.5509 8.9283 16.9433 2.9633 8.3843 16.8207 2.1247 8.8347 17.4032
5 24 2.7162 8.6485 17.2101 2.9633 8.3843 16.8207 2.5509 8.9283 16.9433 2.7627 8.2451 17.3465
5 24 2.7162 8.6485 17.2101 2.7627 8.2451 17.3465 2.9633 8.3843 16.8207 2.1245 8.3277 17.6633
5 24 2.7627 8.2451 17.3465 2.9633 8.3843 16.8207 2.7162 8.6485 17.2101 2.9766 8.1279 16.81
5 24 2.7627 8.2451 17.3465 2.9766 8.1279 16.81 2.9633 8.3843 16.8207 2.6582 7.8302 17.3473
5 24 2.7627 8.2451 17.3465 2.6582 7.8302 17.3473 2.9766 8.1279 16.81 2.1245 8.3277 17.6633
5 24 2.6582 7.8302 17.3473 2.9766 8.1279 16.81 2.7627 8.2451 17.3465 2.8503 7.7702 16.8327
5 24 2.6582 7.8302 17.3473 2.8503 7.7702 16.8327 2.9766 8.1279 16.81 2.5976 7.4904 16.8904
5 24 2.6582 7.8302 17.3473 2.5976 7.4904 16.8904 2.8503 7.7702 16.8327 2.4274 7.5056 17.2129
5 24 2.6582 7.8302 17.3473 2.4274 7.5056 17.2129 2.5976 7.4904 16.8904 2.1245 7.8953 17.6254
5 24 2.4274 7.5056 17.2129 2.5976 7.4904 16.8904 2.6582 7.8302 17.3473 2.1442 7.365 17.0047
5 24 2.4274 7.5056 17.2129 2.1442 7.365 17.0047 2.5976 7.4904 16.8904 2.1245 7.549 17.3638
5 24 2.4274 7.5056 17.2129 2.1245 7.549 17.3638 2.1442 7.365 17.0047 2.1245 7.8953 17.6254
5 24 2.1247 5.9757 17.4134 2.5653 6.1649 16.8613 2.7475 5.788 17.1562 2.1442 6.3017 16.9746
5 24 2.7475 5.788 17.1562 2.5653 6.1649 16.8613 2.9662 5.6037 16.7282 2.1247 5.9757 17.4134
5 24 2.1247 5.9757 17.4134 2.7475 5.788 17.1562 2.5653 6.1649 16.8613 2.1248 5.43 17.5816
5 24 2.7475 5.788 17.1562 2.9662 5.6037 16.7282 2.5653 6.1649 16.8613 2.7255 5.2743 17.2641
5 24 2.9662 5.6037 16.7282 2.7255 5.2743 17.2641 2.8911 5.0822 16.7325 2.7475 5.788 17.1562
5 24 2.7475 5.788 17.1562 2.7255 5.2743 17.2641 2.9662 5.6037 16.7282 2.1248 5.43 17.5816
5 24 4.3746 16 16.1411 7.2087 2.0008 14.1103 7.4925 16 14.6832 4.3745 2.0008 15.5815
5 24 7.2087 2.0008 14.1103 7.4925 16 14.6832 4.3746 16 16.1411 12.7281 2.0008 8.3385
5 24 2.6735 13.3429 17.5428 2.1245 13.4459 17.8464 2.1244 13.9281 17.8592 2.1244 13.0438 17.5799
5 24 2.6735 13.3429 17.5428 2.1244 13.0438 17.5799 2.1245 13.4459 17.8464 2.6398 13.0059 17.0358
5 24 2.6735 13.3429 17.5428 2.1244 13.9281 17.8592 2.1245 13.4459 17.8464 2.7635 13.7827 17.5468
5 24 2.7635 13.7827 17.5468 2.1244 13.9281 17.8592 2.6735 13.3429 17.5428 2.6873 14.2008 17.4041
5 24 2.6873 14.2008 17.4041 2.1244 13.9281 17.8592 2.1245 14.3439 17.6148 2.7635 13.7827 17.5468
5 24 2.6647 10.5852 17.4455 2.1246 10.302 17.4878 2.1245 10.6945 17.7442 2.6245 10.2457 16.9615
5 24 2.6647 10.5852 17.4455 2.1245 10.6945 17.7442 2.1245 11.1712 17.7594 2.1246 10.302 17.4878
5 24 2.6647 10.5852 17.4455 2.1245 11.1712 17.7594 2.1245 10.6945 17.7442 2.7631 11.011 17.4468
5 24 2.7631 11.011 17.4468 2.1245 11.1712 17.7594 2.6647 10.5852 17.4455 2.7043 11.421 17.3079
5 24 2.7043 11.421 17.3079 2.1245 11.1712 17.7594 2.1245 11.582 17.5253 2.7631 11.011 17.4468
5 24 2.4274 7.5056 17.2129 2.1245 7.8953 17.6254 2.1245 7.549 17.3638 2.6582 7.8302 17.3473
5 24 2.6582 7.8302 17.3473 2.1245 7.8953 17.6254 2.4274 7.5056 17.2129 2.1245 8.3277 17.6633
5 24 2.6582 7.8302 17.3473 2.1245 8.3277 17.6633 2.1245 7.8953 17.6254 2.7627 8.2451 17.3465
5 24 2.7627 8.2451 17.3465 2.1245 8.3277 17.6633 2.6582 7.8302 17.3473 2.7162 8.6485 17.2101
5 24 2.1245 8.3277 17.6633 2.7162 8.6485 17.2101 2.7627 8.2451 17.3465 2.1247 8.8347 17.4032
5 24 2.1248 4.897 17.3773 2.7255 5.2743 17.2641 2.4902 4.8239 17.161 2.1248 5.43 17.5816
5 24 2.7255 5.2743 17.2641 2.1248 5.43 17.5816 2.7475 5.788 17.1562 2.1248 4.897 17.3773
5 24 2.1248 5.43 17.5816 2.7475 5.788 17.1562 2.7255 5.2743 17.2641 2.1247 5.9757 17.4134
5 24 2.1245 2.0371 17.1654 2.6647 2.3166 17.1269 2.1246 2.4234 17.4323 2.6045 1.9936 16.708
5 24 2.6647 2.3166 17.1269 2.1246 2.4234 17.4323 2.1245 2.0371 17.1654 2.7658 2.738 17.1393
5 24 2.1246 2.4234 17.4323 2.7658 2.738 17.1393 2.1246 2.8919 17.4612 2.6647 2.3166 17.1269
5 24 2.7658 2.738 17.1393 2.1246 2.8919 17.4612 2.1246 2.4234 17.4323 2.7115 3.1494 17.0143
5 24 2.7115 3.1494 17.0143 2.1246 2.8919 17.4612 2.7658 2.738 17.1393 2.1644 3.2981 17.2437
5 24 2.1442 0 16.6489 2.1442 1.862 16.8488 2.6045 1.9936 16.708 0 .0006 16.7629
5 24 12.1713 -2.2491 -.0005 9.75 -6 0 12.3418 -1.4036 1.6848 12.3415 -1.405 -1.6846
5 24 12.3418 -1.4036 1.6848 9.008 -6 3.7313 12.0007 -1 4.9751 9.75 -6 0
5 24 13.2974 16 8.7079 14.7156 13.965 6.2428 12.7281 2.0008 8.3385 14.8118 16 6.3329
5 24 12.0007 -1 -4.9751 12.0931 19.201 -5.0097 12.6133 0 -2.4 9.1923 -1 -9.1923
5 24 12.0007 -1 4.9751 12.3418 -1.4036 1.6848 9.008 -6 3.7313 12.6132 0 2.4
5 24 9.75 -6 0 12.3415 -1.405 -1.6846 12.1713 -2.2491 -.0005 9.008 -6 -3.7313
5 24 2.8503 7.7702 16.8327 2.9662 5.6037 16.7282 4.3745 8.9812 16.4084 2.5976 7.4904 16.8904
5 24 2.5976 7.4904 16.8904 2.5653 6.1649 16.8613 2.1442 7.365 17.0047 2.9662 5.6037 16.7282
5 24 2.9681 11.1756 16.8986 4.3745 8.9812 16.4084 2.891 13.3217 16.9794 2.9669 10.7849 16.8878
5 24 6.1208 3.2508 -11.3935 4.9751 -1 -12.0107 9.1923 -1 -9.1923 5.0134 3.2508 -12.1031
5 24 12.3415 -1.405 -1.6846 9.008 -6 -3.7313 12.0007 -1 -4.9751 9.75 -6 0
5 24 13.2974 16 8.7079 12.7281 2.0008 8.3385 14.7156 13.965 6.2428 7.4925 16 14.6832
5 24 15.8708 16 2.965 17.5162 18.398 3.0203 12.5821 18.411 2.9003 15.7568 14.2227 2.9896
5 24 15.8708 16 2.965 12.5821 18.411 2.9003 17.5162 18.398 3.0203 12.5705 15.9998 2.8982
5 24 16.2681 14.2227 2.9996 17.5162 18.398 3.0203 15.8708 16 2.965 16.1877 2.2771 3.0025
5 24 2.8773 10.5208 16.9036 2.5509 8.9283 16.9433 2.6245 10.2457 16.9615 4.3745 8.9812 16.4084
5 24 12.3418 -1.4036 1.6848 9.75 -6 0 12.1713 -2.2491 -.0005 9.008 -6 3.7313
5 24 4.9751 -1 12.0107 5.0134 16 12.1031 9.1923 -1 9.1923 0 16 13.1
5 24 12.0007 -1 4.9751 12.1031 16 5.0134 9.263 16 9.263 12.6132 0 2.4
5 24 2.5562 3.4549 16.7802 2.5902 4.736 16.8143 2.9583 2.9171 16.6305 2.1442 4.6031 16.9265
5 24 12.3415 -1.405 -1.6846 12.0007 -1 -4.9751 12.6133 0 -2.4 9.008 -6 -3.7313
5 24 4.9751 -1 -12.0107 5.0134 3.2508 -12.1031 6.1208 3.2508 -11.3935 0 3.2508 -13.1
5 24 12.7281 2.0008 8.3385 14.7156 13.965 6.2428 13.9994 2.0008 5.9283 13.2974 16 8.7079
5 24 6.1208 3.2508 -11.3935 9.1923 -1 -9.1923 9.263 19.626 -9.2602 4.9751 -1 -12.0107
5 24 9.263 16 9.263 9.1923 -1 9.1923 12.1031 16 5.0134 4.9751 -1 12.0107
5 24 9.1923 -1 -9.1923 9.263 19.626 -9.2602 12.0007 -1 -4.9751 6.1208 3.2508 -11.3935
5 24 4.9751 -1 -12.0107 9.1923 -1 -9.1923 3.7313 -6 -9.008 6.1208 3.2508 -11.3935
5 24 12.0007 -1 4.9751 12.6132 0 2.4 12.1031 16 5.0134 12.3418 -1.4036 1.6848
5 24 4.9751 -1 12.0107 0 -1 13 0 16 13.1 0 -6 9.75
5 24 12.95 0 -2.4 12.6133 0 -2.4 12.3415 -1.405 -1.6846 13.1 18.9372 -2.372
5 24 12.6132 0 2.4 12.95 0 2.4 12.7301 18.4624 2.3761 12.3418 -1.4036 1.6848
5 24 4.9751 -1 -12.0107 0 -1 -13 0 -6 -9.75 5.0134 3.2508 -12.1031
5 24 12.6133 0 -2.4 12.0007 -1 -4.9751 12.3415 -1.405 -1.6846 12.7307 18.9372 -2.372
5 24 9.1923 -1 9.1923 4.9751 -1 12.0107 3.7313 -6 9.008 5.0134 16 12.1031
5 24 12.5705 15.9998 2.8982 12.6132 0 2.4 12.5821 18.411 2.9003 12.0007 -1 4.9751
5 24 9.1923 -1 -9.1923 12.0007 -1 -4.9751 9.008 -6 -3.7313 12.0931 19.201 -5.0097
5 24 9.1923 -1 9.1923 12.0007 -1 4.9751 9.008 -6 3.7313 12.1031 16 5.0134
5 24 9.008 -6 3.7313 12.0007 -1 4.9751 9.75 -6 0 6.8942 -6 6.8942
5 24 9.008 -6 -3.7313 12.0007 -1 -4.9751 9.75 -6 0 6.8942 -6 -6.8942
5 24 14.4139 -1.1481 2.7717 12.2996 -2.4654 7.4839 14.5 0 3 14.3409 -2.1213 2.1213
5 24 2.1442 11.811 17.1307 2.1442 12.8618 17.1605 -2.1442 12.8618 17.1605 2.5428 11.6824 17.0235
5 24 2.1245 14.3439 17.6148 2.1244 13.9281 17.8592 -2.1245 14.3439 17.6148 2.6873 14.2008 17.4041
5 24 2.1245 10.6945 17.7442 2.1246 10.302 17.4878 2.6647 10.5852 17.4455 -2.1245 10.6945 17.7442
5 24 2.1245 2.0371 17.1654 2.1442 1.862 16.8488 -2.1245 2.0371 17.1654 2.6045 1.9936 16.708
5 24 2.1245 11.1712 17.7594 2.1245 10.6945 17.7442 2.6647 10.5852 17.4455 -2.1245 11.1712 17.7594
5 24 2.1442 14.5577 17.2085 2.1442 16 17.2489 -2.1442 16 17.2489 2.7195 14.3463 17.053
5 24 2.1246 2.4234 17.4323 2.1245 2.0371 17.1654 2.6647 2.3166 17.1269 -2.1246 2.4234 17.4323
5 24 2.1442 6.3017 16.9746 2.1442 7.365 17.0047 -2.1442 7.365 17.0047 2.5653 6.1649 16.8613
5 24 2.1245 7.549 17.3638 2.1442 7.365 17.0047 -2.1245 7.549 17.3638 2.4274 7.5056 17.2129
5 24 2.1248 4.897 17.3773 2.1442 4.6031 16.9265 -2.1248 4.897 17.3773 2.4902 4.8239 17.161
5 24 2.1442 9.0563 17.0527 2.1247 8.8347 17.4032 -2.1442 9.0563 17.0527 2.5509 8.9283 16.9433
5 24 2.1442 6.3017 16.9746 2.1247 5.9757 17.4134 2.5653 6.1649 16.8613 -2.1442 6.3017 16.9746
5 24 2.1442 14.5577 17.2085 2.1245 14.3439 17.6148 -2.1442 14.5577 17.2085 2.6873 14.2008 17.4041
5 24 2.1442 3.5612 16.8967 2.1442 4.6031 16.9265 2.5562 3.4549 16.7802 -2.1442 4.6031 16.9265
5 24 2.1245 7.8953 17.6254 2.1245 7.549 17.3638 -2.1245 7.8953 17.6254 2.4274 7.5056 17.2129
5 24 2.1442 9.0563 17.0527 2.1442 10.1134 17.0826 2.5509 8.9283 16.9433 -2.1442 10.1134 17.0826
5 24 2.1244 13.0438 17.5799 2.1442 12.8618 17.1605 -2.1244 13.0438 17.5799 2.6398 13.0059 17.0358
5 24 2.1245 8.3277 17.6633 2.1245 7.8953 17.6254 2.6582 7.8302 17.3473 -2.1245 8.3277 17.6633
5 24 2.1245 11.582 17.5253 2.1245 11.1712 17.7594 2.7043 11.421 17.3079 -2.1245 11.582 17.5253
5 24 2.1246 2.8919 17.4612 2.1246 2.4234 17.4323 2.7658 2.738 17.1393 -2.1246 2.8919 17.4612
5 24 2.1245 13.4459 17.8464 2.1244 13.0438 17.5799 -2.1245 13.4459 17.8464 2.6735 13.3429 17.5428
5 24 2.1248 5.43 17.5816 2.1248 4.897 17.3773 -2.1248 5.43 17.5816 2.7255 5.2743 17.2641
5 24 2.1442 3.5612 16.8967 2.1644 3.2981 17.2437 -2.1442 3.5612 16.8967 2.5562 3.4549 16.7802
5 24 2.1244 13.9281 17.8592 2.1245 13.4459 17.8464 -2.1244 13.9281 17.8592 2.6735 13.3429 17.5428
5 24 2.1247 5.9757 17.4134 2.1248 5.43 17.5816 -2.1247 5.9757 17.4134 2.7475 5.788 17.1562
5 24 2.1246 10.302 17.4878 2.1442 10.1134 17.0826 2.6245 10.2457 16.9615 -2.1246 10.302 17.4878
5 24 2.1644 3.2981 17.2437 2.1246 2.8919 17.4612 2.7115 3.1494 17.0143 -2.1644 3.2981 17.2437
5 24 2.1247 8.8347 17.4032 2.1245 8.3277 17.6633 2.7162 8.6485 17.2101 -2.1247 8.8347 17.4032
5 24 0 .0006 16.7629 2.1442 1.862 16.8488 2.1442 0 16.6489 -2.1442 1.862 16.8488
5 24 2.1442 11.811 17.1307 2.1245 11.582 17.5253 -2.1442 11.811 17.1307 2.5428 11.6824 17.0235
2 24 12.8059 -1.9211 .6562 12.7814 -2.2477 0
2 24 12.8059 -1.9217 -.6506 12.7814 -2.2477 0
2 24 12.8059 -1.9211 .6562 12.8402 -1.4636 1.6446
2 24 12.8059 -1.9217 -.6506 12.8399 -1.4681 -1.6407
5 24 14.5 0 3 12.2996 -2.4654 7.4839 12.3334 .0008 8.0412 14.4138925 -1.1481 2.7717
