0 ~Bar Grille  9 x 13 with Studs and Tips - Row of Studs
0 Name: s\89519s02.dat
0 Author: Massimo Maso [Sirio]
0 !LICENSE Licensed under CC BY 4.0 : see CAreadme.txt
0 BFC CERTIFY CCW
1 16 -60 0 0 1 0 0 0 1 0 0 0 1 s\11216s05.dat
1 16 -20 0 0 1 0 0 0 1 0 0 0 1 s\11216s05.dat
1 16 20 0 0 1 0 0 0 1 0 0 0 1 s\11216s05.dat
1 16 60 0 0 1 0 0 0 1 0 0 0 1 s\11216s05.dat
1 16 -60 0 0 4 0 0 0 -1 0 0 0 4 4-4disc.dat
1 16 -20 0 0 4 0 0 0 -1 0 0 0 4 4-4disc.dat
1 16 20 0 0 4 0 0 0 -1 0 0 0 4 4-4disc.dat
1 16 60 0 0 4 0 0 0 -1 0 0 0 4 4-4disc.dat
0 BFC INVERTNEXT
1 16 -60 0 0 4 0 0 0 4 0 0 0 4 4-4cyli.dat
0 BFC INVERTNEXT
1 16 -20 0 0 4 0 0 0 4 0 0 0 4 4-4cyli.dat
0 BFC INVERTNEXT
1 16 20 0 0 4 0 0 0 4 0 0 0 4 4-4cyli.dat
0 BFC INVERTNEXT
1 16 60 0 0 4 0 0 0 4 0 0 0 4 4-4cyli.dat
1 16 -60 0 0 4 0 0 0 1 0 0 0 4 4-4edge.dat
1 16 -20 0 0 4 0 0 0 1 0 0 0 4 4-4edge.dat
1 16 20 0 0 4 0 0 0 1 0 0 0 4 4-4edge.dat
1 16 60 0 0 4 0 0 0 1 0 0 0 4 4-4edge.dat
0 BFC INVERTNEXT
1 16 -40 4 0 10 0 0 0 -2 0 0 0 7 box3u8p.dat
0 BFC INVERTNEXT
1 16 -40 -4 0 10 0 0 0 2 0 0 0 7 box3u8p.dat
0 BFC INVERTNEXT
1 16 40 4 0 10 0 0 0 -2 0 0 0 7 box3u8p.dat
0 BFC INVERTNEXT
1 16 40 -4 0 10 0 0 0 2 0 0 0 7 box3u8p.dat
0 BFC INVERTNEXT
1 16 -73 4 0 0 0 -3 0 -2 0 7 0 0 box4-4a.dat
0 BFC INVERTNEXT
1 16 -73 -4 0 0 0 -3 0 2 0 7 0 0 box4-4a.dat
0 BFC INVERTNEXT
1 16 73 4 0 0 0 3 0 -2 0 7 0 0 box4-4a.dat
0 BFC INVERTNEXT
1 16 73 -4 0 0 0 3 0 2 0 7 0 0 box4-4a.dat
4 16 -50 4 10 -30 4 10 -30 4 7 -50 4 7
4 16 -10 4 10 10 4 10 10 4 7 -10 4 7
4 16 30 4 10 50 4 10 50 4 7 30 4 7
4 16 -50 4 -10 -50 4 -7 -30 4 -7 -30 4 -10
4 16 -10 4 -10 -10 4 -7 10 4 -7 10 4 -10
4 16 30 4 -10 30 4 -7 50 4 -7 50 4 -10
4 16 -50 -4 10 -50 -4 7 -30 -4 7 -30 -4 10
4 16 -10 -4 10 -10 -4 7 10 -4 7 10 -4 10
4 16 30 -4 10 30 -4 7 50 -4 7 50 -4 10
4 16 -50 -4 -10 -30 -4 -10 -30 -4 -7 -50 -4 -7
4 16 -10 -4 -10 10 -4 -10 10 -4 -7 -10 -4 -7
4 16 30 -4 -10 50 -4 -10 50 -4 -7 30 -4 -7
4 16 -80 4 10 -70 4 10 -70 4 7 -76 4 7
4 16 -80 4 10 -76 4 7 -76 4 -7 -80 4 -10
4 16 -80 4 -10 -76 4 -7 -70 4 -7 -70 4 -10
4 16 80 4 10 76 4 7 70 4 7 70 4 10
4 16 80 4 10 80 4 -10 76 4 -7 76 4 7
4 16 80 4 -10 70 4 -10 70 4 -7 76 4 -7
4 16 -80 -4 10 -76 -4 7 -70 -4 7 -70 -4 10
4 16 -80 -4 10 -80 -4 -10 -76 -4 -7 -76 -4 7
4 16 -80 -4 -10 -70 -4 -10 -70 -4 -7 -76 -4 -7
4 16 80 -4 10 70 -4 10 70 -4 7 76 -4 7
4 16 80 -4 10 76 -4 7 76 -4 -7 80 -4 -10
4 16 80 -4 -10 76 -4 -7 70 -4 -7 70 -4 -10
