0 ~Minifig Shield Oval without Front Face
0 Name: s\92747s01.dat
0 Author: J.C. Tchang [tchang]
0 !LICENSE Licensed under CC BY 4.0 : see CAreadme.txt
0 BFC CERTIFY CCW
1 16 0 0 0 1 0 0 0 1 0 0 0 1 handle.dat
1 16 0 0 -5 20 0 0 0 0 38.6 0 -3 0 48\4-4cylo.dat
1 16 0 0 -5 20 0 0 0 0 -38.6 0 -1 0 48\1-4chrd.dat
1 16 0 0 -5 -20 0 0 0 0 38.6 0 -1 0 48\1-4chrd.dat
1 16 0 0 -5 20 0 0 0 0 38.6 0 -1 0 48\1-4chrd.dat
1 16 0 0 -5 -20 0 0 0 0 -38.6 0 -1 0 48\1-4chrd.dat
3 16 -20 0 -5 -11 -2.5 -5 -11 2.5 -5
3 16 11 -2.5 -5 20 0 -5 11 2.5 -5
3 16 0 -38.6 -5 11 -2.5 -5 -11 -2.5 -5
3 16 -11 2.5 -5 11 2.5 -5 0 38.6 -5
3 16 11 2.5 -5 20 0 -5 0 38.6 -5
3 16 -11 2.5 -5 0 38.6 -5 -20 0 -5
3 16 -20 0 -5 0 -38.6 -5 -11 -2.5 -5
3 16 20 0 -5 11 -2.5 -5 0 -38.6 -5
