0 ~Windscreen 12 x  6 x  6 Curved without Pin Holes - Connecting surfaces
0 Name: s\94531s02.dat
0 Author: Massimo Maso [Sirio]
0 !LDRAW_ORG Unofficial_Subpart
0 !LICENSE Redistributable under CCAL version 2.0 : see CAreadme.txt

0 BFC CERTIFY CCW

0 // Vertical surface quote 20

4 16 -60 24 20 -60 20 20 -40 20 20 -40 24 20
3 16 -60 20 20 -20 0 20 -40 20 20
3 16 -40 20 20 -20 0 20 -21 20 20
3 16 -21 20 20 -20 0 20 -19 20 20
0 // Vertical surface quote 16
3 16 -44 17 16 -56 23 16 -44 23 16
4 16 -40 20 16 -21 20 16 -36 13 16 -40 15 16
3 16 -21 20 16 -21 5.5 16 -36 13 16
3 16 -19 20 16 -18.4693 4.2346 16 -19 4.5 16
3 16 -19 20 16 -18 4 16 -18.4693 4.2346 16
4 16 -19 20 16 -1 20 16 -1 4 16 -18 4 16
0 // Studs
1 16 -20 20 10 1 0 0 0 -1 0 0 0 1 stud3a.dat
4 16 -21 20 16 -19 20 16 -19 20 13.8011 -20 20 14
3 16 -21 20 16 -20 20 14 -21 20 13.8011
3 16 -21 20 6.1989 -20 20 6 -21 20 4
4 16 -20 20 6 -19 20 6.1989 -19 20 4 -21 20 4
1 16 -21 12.75 14.901 0 1 0 7.25 0 0 0 0 1.09945 rect.dat
4 16 -21.5307 7 13.6955 -21 7 13.8011 -21 20 13.8011 -21.5307 20 13.6955
1 16 -20 7 10 -1.53073 0 -3.69552 0 13 0 3.69552 0 -1.53073 3-8cyli.dat
4 16 -21.5307 20 6.3045 -21 20 6.1989 -21 7 6.1989 -21.5307 7 6.3045
1 16 -21 12.75 5.09945 0 1 0 7.25 0 0 0 0 1.09945 rect.dat
1 16 -19 12.25 5.09945 0 -1 0 7.75 0 0 0 0 1.09945 rect.dat
4 16 -18.4693 4.2346 6.3045 -19 4.5 6.1989 -19 20 6.1989 -18.4693 20 6.3045
4 16 -18 4 6.618 -18.4693 4.2346 6.3045 -18.4693 20 6.3045 -17.1716 20 7.1716
3 16 -18 4 6.618 -17.1716 20 7.1716 -17.1716 4 7.1716
1 16 -20 4 10 2.82842 0 2.82843 0 16 0 -2.82843 0 2.82842 1-4cyli.dat
3 16 -17.1716 4 12.8284 -17.1716 20 12.8284 -18 4 13.382
4 16 -17.1716 20 12.8284 -18.4693 20 13.6955 -18.4693 4.2346 13.6955 -18 4 13.382
4 16 -18.4693 20 13.6955 -19 20 13.8011 -19 4.5 13.8011 -18.469 4.2346 13.6955
1 16 -19 12.25 14.9005 0 -1 0 7.75 0 0 0 0 1.09945 rect.dat
4 16 -21.5307 5.7654 13.6955 -21 5.5 13.8011 -21 7 13.8011 -21.5307 7 13.6955
4 16 -22.8284 6.4142 12.8284 -21.5307 5.7654 13.6955 -21.5307 7 13.6955 -22.8284 7 12.8284
4 16 -23.6955 6.8478 11.5307 -22.8284 6.4142 12.8284 -22.8284 7 12.8284 -23.6955 7 11.5307
3 16 -23.6955 7 11.5307 -24 7 10 -23.6955 6.8478 11.5307
3 16 -23.6955 6.8478 8.4693 -24 7 10 -23.6955 7 8.4693
4 16 -23.6955 7 8.4693 -22.8284 7 7.1716 -22.8284 6.4142 7.1716 -23.6955 6.8478 8.4693
4 16 -22.8284 7 7.1716 -21.5307 7 6.3045 -21.5307 5.7654 6.3045 -22.8284 6.4142 7.1716
4 16 -21.5307 7 6.3045 -21 7 6.1989 -21 5.5 6.1989 -21.5307 5.7654 6.3045
1 16 -1 12 14.901 0 1 0 8 0 0 0 0 1.09945 rect.dat
4 16 -1.5307 4 13.6955 -1 4 13.8011 -1 20 13.8011 -1.5307 20 13.6955
1 16 0 4 10 -1.53073 0 -3.69552 0 16 0 3.69552 0 -1.53073 3-8cyli.dat
4 16 -1.5307 20 6.3045 -1 20 6.1989 -1 4 6.1989 -1.5307 4 6.3045
1 16 -1 12 5.099 0 1 0 8 0 0 0 0 1.09945 rect.dat
2 24 -19 20 16 -21 20 16
2 24 -19 20 13.8011 -20 20 14
2 24 -20 20 14 -21 20 13.8011
2 24 -21 20 6.1989 -20 20 6
2 24 -20 20 6 -19 20 6.1989
2 24 -19 20 4 -21 20 4
2 24 -21 20 13.8011 -21 5.5 13.8011
2 24 -21 20 6.1989 -21 5.5 6.1989
2 24 -19 20 6.1989 -19 4.5 6.1989
2 24 -19 20 13.8011 -19 4.5 13.8011
2 24 -21 5.5 14 -21 5.5 13.8011
2 24 -21 5.5 13.8011 -21.5307 5.7654 13.6955
2 24 -21.5307 5.7654 13.6955 -22.8284 6.4142 12.8284
2 24 -22.8284 6.4142 12.8284 -23.6955 6.8478 11.5307
2 24 -23.6955 6.8478 11.5307 -24 7 10
2 24 -24 7 10 -23.6955 6.8478 8.4693
2 24 -23.6955 6.8478 8.4693 -22.8284 6.4142 7.1716
2 24 -22.8284 6.4142 7.1716 -21.5307 5.7654 6.3045
2 24 -21.5307 5.7654 6.3045 -21 5.5 6.1989
2 24 -21 5.5 6.1989 -21 5.5 6
2 24 -19 4.5 6 -19 4.5 6.1989
2 24 -19 4.5 6.1989 -18.4693 4.2346 6.3045
2 24 -18.4693 4.2346 6.3045 -18 4 6.618
2 24 -18 4 6.618 -17.1716 4 7.1716
1 16 -20 4 10 2.82842 0 2.82843 0 1 0 -2.82843 0 2.82842 1-4edge.dat
2 24 -17.1716 4 12.8284 -18 4 13.382
2 24 -18 4 13.382 -18.4693 4.2346 13.6955
2 24 -18.4693 4.2346 13.6955 -19 4.5 13.8011
2 24 -19 4.5 13.8011 -19 4.5 14
2 24 -1 20 13.8011 -1 4 13.8011
2 24 -1 20 6.1989 -1 4 6.1989
2 24 -1 4 14 -1 4 13.8011
2 24 -1 4 13.8011 -1.5307 4 13.6955
1 16 0 4 10 -1.53073 0 -3.69552 0 1 0 3.69552 0 -1.53073 3-8edge.dat
2 24 -1.5307 4 6.3045 -1 4 6.1989
2 24 -1 4 6.1989 -1 4 6
5 24 -21.5307 5.7654 13.6955 -21.531 20 13.6955 -20 20 14 -22.8284 20 12.8284
5 24 -22.8284 6.4142 12.8284 -22.8284 7 12.8284 -21.5307 7 13.6955 -23.6955 7 11.5307
5 24 -23.6955 6.8478 11.5307 -23.6955 7 11.5307 -22.8284 7 12.8284 -24 7 10
5 24 -23.6955 6.8478 8.4693 -23.6955 7 8.4693 -24 7 10 -22.8284 7 7.1716
5 24 -22.8284 6.4142 7.1716 -22.8284 7 7.1716 -23.6955 7 8.4693 -21.5307 7 6.3045
5 24 -21.5307 5.7654 6.3045 -21.5307 20 6.3045 -20 20 6 -22.8284 20 7.1716
5 24 -18.4693 4.2346 6.3045 -18.4693 20 6.3045 -20 20 6 -17.1716 20 7.1716
5 24 -18.4693 4.2346 13.6955 -18.4693 20 13.6955 -20 20 14 -17.1716 20 12.8284
0 // Vertical surface quote 4
4 16 -40 15 4 -36 13 4 -21 20 4 -40 20 4
3 16 -36 13 4 -21 5.5 4 -21 20 4
3 16 -19 4.5 4 -18.4693 4.2346 4 -19 20 4
3 16 -18.4693 4.2346 4 -18 4 4 -19 20 4
4 16 -18 4 4 -1 4 4 -1 20 4 -19 20 4
0 // Vertical surface quote 0
4 16 -44 23 0 -44 69 0 -40 69 0 -40 24 0
4 16 -44 17 0 -44 23 0 -40 24 0 -40 20 0
4 16 -44 17 0 -40 20 0 -21 20 0 -40 15 0
4 16 -40 15 0 -21 20 0 -19 20 0 -18 4 0
2 24 -18 4 0 -44 17 0
0 // Horizontal surface quote 72
4 16 -60 72 20 -40 72 20 -44 72 16 -56 72 16
4 16 -60 72 3 -60 72 20 -56 72 16 -56 72 3
3 16 -40 72 20 -40 72 16 -44 72 16
1 16 -42 72 9.5 2 0 0 0 -1 0 0 0 6.5 rect1.dat
0 // Intermediate sloped surface
3 16 -36 15 11.5 -40 15 11.5 -36 13 11.5
3 16 -36 13 8.5 -40 15 8.5 -36 15 8.5
4 16 -36 13 16 -36 13 11.5 -40 15 11.5 -40 15 16
4 16 -36 13 8.5 -36 13 4 -40 15 4 -40 15 8.5
4 16 -36 13 11.5 -36 13 16 -21 5.5 16 -21 5.5 13.8011
4 16 -21 5.5 13.8011 -21 5.5 6.1989 -36 13 8.5 -36 13 11.5
4 16 -21 5.5 6.1989 -21 5.5 4 -36 13 4 -36 13 8.5
4 16 -19 4.5 16 -18.4693 4.2346 16 -18.4693 4.2346 13.6955 -19 4.5 13.8011
4 16 -18.4693 4.2346 16 -18 4 16 -18 4 13.382 -18.4693 4.2346 13.6955
4 16 -19 4.5 6.1989 -18.4693 4.2346 6.3045 -18.4693 4.2346 4 -19 4.5 4
4 16 -18.4693 4.2346 6.3045 -18 4 6.618 -18 4 4 -18.4693 4.2346 4
2 24 -40 15 16 -21 5.5 16
2 24 -19 4.5 16 -18.4693 4.2346 16
2 24 -18.4693 4.2346 16 -18 4 16
2 24 -18 4 16 -18 4 13.382
2 24 -40 15 11.5 -36 13 11.5
2 24 -40 15 8.5 -36 13 8.5
2 24 -21 5.5 4 -40 15 4
2 24 -19 4.5 4 -18.4693 4.2346 4
2 24 -18.4693 4.2346 4 -18 4 4
2 24 -18 4 4 -18 4 6.618
0 // Horizontal surface quote 4
3 16 -1 4 16 -1 4 14 -18 4 16
4 16 -18 4 13.382 -18 4 16 -1 4 14 -1 4 13.8011
4 16 -1 4 13.8011 -1 4 6.1989 -18 4 6.618 -18 4 13.382
4 16 -1 4 6.1989 -1 4 6 -18 4 4 -18 4 6.618
3 16 -1 4 4 -18 4 4 -1 4 6
2 24 -18 4 16 -1 4 16
2 24 -18 4 4 -1 4 4
0 // Lateral surface quote 56
3 16 -56 69 0 -56 69 3 -56 23 0
4 16 -56 23 0 -56 69 3 -56 69 16 -56 23 16
2 24 -56 23 16 -56 23 0
0 // Lateral surface quote 44
3 16 -44 23 0 -44 69 3 -44 69 0
4 16 -44 23 16 -44 69 16 -44 69 3 -44 23 0
2 24 -44 69 0 -44 23 0
0 // Lateral surface quote 40
3 16 -40 69 11.5 -40 72 16 -40 69 16
4 16 -40 69 8.5 -40 72 3 -40 72 16 -40 69 11.5
3 16 -40 69 3 -40 72 3 -40 69 8.5
4 16 -40 24 11.5 -40 69 11.5 -40 69 16 -40 24 16
4 16 -40 24 8.5 -40 69 8.5 -40 69 11.5 -40 24 11.5
4 16 -40 24 4 -40 69 3 -40 69 8.5 -40 24 8.5
4 16 -40 24 0 -40 69 0 -40 69 3 -40 24 4
2 24 -40 69 0 -40 24 0
2 24 -40 24 20 -40 24 16
2 24 -40 24 11.5 -40 24 8.5
2 24 -40 24 4 -40 24 0
2 24 -40 15 16 -40 15 11.5
2 24 -40 15 8.5 -40 15 4
0 // Boxes and rects
0 BFC INVERTNEXT
1 16 -50 70.5 3 0 0 -6 -1.5 0 0 0 13 0 box3u7a.dat
1 16 -58 70.5 1.5 0 2 0 0 0 1.5 1.5 0 0 box2-11.dat
1 16 -50 70.5 18 0 0 10 1.5 0 0 0 2 0 box2-9.dat
1 16 -44 69 3 0 1 0 0 0 3 -3 0 0 1-4disc.dat
1 16 -40 69 3 0 -4 0 0 0 3 -3 0 0 1-4cylo.dat
1 16 -40 69 3 0 -1 0 0 0 3 -3 0 0 1-4disc.dat
1 16 -50 46.5 18 0 0 10 22.5 0 0 0 2 0 box2-11.dat
1 16 -50 46 16 0 0 -6 23 0 0 0 1 0 rect2p.dat
1 16 -40 22 13.75 0 -1 0 2 0 0 0 0 2.25 rect2p.dat
1 16 -40 22 6.25 0 -1 0 2 0 0 0 0 2.25 rect2p.dat
0 BFC INVERTNEXT
1 16 -50 23 8 0 6 0 0 -3 -3 8 0 0 box2-7.dat
1 16 -30.5 20 18 9.5 0 0 0 4 0 0 0 2 box3u10p.dat
1 16 -30.5 20 2 9.5 0 0 0 4 0 0 0 2 box3u10p.dat
1 16 -20 20 18 1 0 0 0 4 0 0 0 2 box3u10p.dat
1 16 -20 20 2 1 0 0 0 4 0 0 0 2 box3u10p.dat
1 16 -40 17.5 13.75 0 -1 0 0 0 -2.5 2.25 0 0 rect3.dat
1 16 -40 17.5 6.25 0 -1 0 0 0 -2.5 2.25 0 0 rect3.dat
1 16 -38 15 10 0 0 2 0 9 0 1.5 0 0 box4-5a.dat
1 16 -36 14 10 0 -1 0 0 0 -1 1.5 0 0 rect3.dat
