0 ~Windscreen 12 x  6 x  6 Curved without Pin Holes - Internal surfaces
0 Name: s\94531s01.dat
0 Author: Massimo Maso [Sirio]
0 !LDRAW_ORG Unofficial_Subpart
0 !LICENSE Redistributable under CCAL version 2.0 : see CAreadme.txt

0 BFC CERTIFY CW

0 // Lateral surface
1 16 -58 48 -10 0 2 0 0 0 24 -10 0 0 box2-11.dat
3 16 -56 24 -20 -56 72 -20 -56 25.3459 -41.3469
4 16 -56 72 -20 -56 73.2919 -42.1468 -56 29.3368 -62.334 -56 25.3459 -41.3469
4 16 -56 73.2919 -42.1468 -56 77.1226 -63.9202 -56 35.9099 -82.6013 -56 29.3368 -62.334
4 16 -56 77.1226 -63.9202 -56 83.4319 -84.947 -56 44.9714 -101.789 -56 35.9099 -82.6013
4 16 -56 83.4319 -84.947 -56 92.1297 -104.854 -56 56.3335 -119.586 -56 44.9714 -101.789
4 16 -56 92.1297 -104.854 -56 103.036 -123.318 -56 69.8397 -135.666 -56 56.3335 -119.586
4 16 -56 103.036 -123.318 -56 116 -140 -56 85.224 -149.783 -56 69.8397 -135.666
4 16 -56 116 -140 -56 120.609 -171.13 -56 102.251 -161.659 -56 85.224 -149.783
3 16 -56 120.609 -171.13 -56 116 -140 -56 140 -178
4 16 -56 144 -178 -56 140 -178 -56 116 -140 -56 144 -140
0 BFC INVERTNEXT
1 16 -60 222.222 -20 0 4 0 -150.222 0 0 0 0 -169.707 48\1-8cyli.dat
1 16 -58 130 -140 -2 0 0 0 0 14 0 -1 0 rect.dat
1 16 -58 144 -159 2 0 0 0 -1 0 0 0 19 rect3.dat
1 16 -56 222.222 -20 0 -1 0 -150.222 0 0 0 0 -169.707 48\1-8edge.dat
1 16 -56 180.503 -20 0 -1 0 -156.503 0 0 0 0 -163.578 48\5-24edge.dat
2 24 -60 144 -180 -60 144 -178
0 // Sloped surface
1 16 -37 14 -10 0 0 -19 0 -1 10 10 0 0 rect2a.dat
4 16 -56 25.3459 -41.3469 -18 5.578 -46.481 -18 4 -20 -56 24 -20
4 16 -56 29.3368 -62.334 -18 10.2569 -72.5156 -18 5.578 -46.481 -56 25.3459 -41.3469
4 16 -56 35.9099 -82.6013 -18 17.9633 -97.6573 -18 10.2569 -72.5156 -56 29.3368 -62.334
3 16 -18 17.9633 -97.6573 -56 35.9099 -82.6013 -56 44.9714 -101.789
3 16 -18 17.9633 -97.6573 -56 44.9714 -101.789 -18 28.5872 -121.46
3 16 -18 28.5872 -121.46 -56 44.9714 -101.789 -56 56.3335 -119.586
3 16 -18 28.5872 -121.46 -56 56.3335 -119.586 -18 41.9083 -143.537
3 16 -18 41.9083 -143.537 -56 56.3335 -119.586 -56 69.8397 -135.666
3 16 -18 41.9083 -143.537 -56 69.8397 -135.666 -18 57.7431 -163.485
3 16 -18 57.7431 -163.485 -56 69.8397 -135.666 -56 85.224 -149.783
3 16 -18 57.7431 -163.485 -56 85.224 -149.783 -18 75.7798 -180.996
3 16 -18 75.7798 -180.996 -56 85.224 -149.783 -56 102.251 -161.659
3 16 -18 75.7798 -180.996 -56 102.251 -161.659 -18 95.7431 -195.728
3 16 -18 95.7431 -195.728 -56 102.251 -161.659 -56 120.609 -171.13
3 16 -18 95.7431 -195.728 -56 120.609 -171.13 -18 117.266 -207.477
4 16 -56 140 -178 -18 140 -216 -18 117.266 -207.477 -56 120.609 -171.13
1 16 -18 187.486 -20 0 -1 0 -183.486 0 0 0 0 -202.92 48\5-24edge.dat
5 24 -56 24 -20 -18 4 -20 -56 24 0 -56 25.3459 -41.3469
5 24 -18 5.578 -46.481 -56 25.3459 -41.3469 -18 4 -20 -56 29.3368 -62.334
5 24 -18 10.2569 -72.5156 -56 29.3368 -62.334 -18 5.578 -46.481 -56 35.9099 -82.6013
5 24 -18 17.9633 -97.6573 -56 35.9099 -82.6013 -18 10.2569 -72.5156 -56 44.9714 -101.789
5 24 -18 28.5872 -121.46 -56 44.9714 -101.789 -18 17.9633 -97.6573 -56 56.3335 -119.586
5 24 -18 41.9083 -143.537 -56 56.3335 -119.586 -18 28.5872 -121.46 -56 69.8397 -135.666
5 24 -18 57.7431 -163.485 -56 69.8397 -135.666 -18 41.9083 -143.537 -56 85.224 -149.783
5 24 -18 75.7798 -180.996 -56 85.224 -149.783 -18 57.7431 -163.485 -56 102.251 -161.659
5 24 -18 95.7431 -195.728 -56 102.251 -161.659 -18 75.7798 -180.996 -56 120.609 -171.13
5 24 -18 117.266 -207.477 -56 120.609 -171.13 -18 95.7431 -195.728 -56 140 -178
5 24 -18 17.9633 -97.6573 -56 44.9714 -101.789 -18 28.5872 -121.46 -56 35.9099 -82.6013
5 24 -18 28.5872 -121.46 -56 56.3335 -119.586 -18 41.9083 -143.537 -56 44.9714 -101.789
5 24 -18 41.9083 -143.537 -56 69.8397 -135.666 -18 57.7431 -163.485 -56 56.3335 -119.586
5 24 -18 57.7431 -163.485 -56 85.224 -149.783 -18 75.7798 -180.996 -56 69.8397 -135.666
5 24 -18 75.7798 -180.996 -56 102.251 -161.659 -18 95.7431 -195.728 -56 85.224 -149.783
5 24 -18 95.7431 -195.728 -56 120.609 -171.13 -18 117.266 -207.477 -56 102.251 -161.659
0 // Cutout surface
4 16 -56 144 -178 -60 144 -178 -60 144 -180 -59 144 -181
1 16 -55.1213 142 -181.879 2.37867 0 1.5 0 2 0 -2.37867 0 1.5 box2-9p.dat
0 BFC INVERTNEXT
1 16 -48.5 144 -188.5 1.5 0 -4.2426 0 -4 0 1.5 0 4.2426 box3u2p.dat
1 16 -38.5 142 -198.5 5.7574 0 1.5 0 2 0 -5.7574 0 1.5 box2-9p.dat
0 BFC INVERTNEXT
1 16 -28.5 144 -208.5 1.5 0 -4.2426 0 -4 0 1.5 0 4.2426 box3u2p.dat
1 16 -21.8787 142 -215.121 -2.37867 1.5 0 0 0 2 2.37867 1.5 0 box2-9p.dat
3 16 -20 144 -220 -18 144 -216 -21 144 -219
4 16 -20 144 -220 -16 144 -220 -16 144 -216 -18 144 -216
2 24 -56 140 -178 -18 140 -216
2 24 -56 144 -178 -56 140 -178
2 24 -18 144 -216 -18 140 -216
2 24 -16 144 -216 -16 140 -216
2 24 -21 144 -219 -20 144 -220
2 24 -20 144 -220 -16 144 -220
0 // Central stud
4 16 -41.5873 114 -182 -39.5964 114 -184 -18 114 -184 -18 114 -182
4 16 -16 144 -184 -18 144 -182 -18 144 -216 -16 144 -216
4 16 -18 77.1398 -182 -33.3121 98.3657 -182 -41.5873 114 -182 -18 114 -182
4 16 -39.5964 114 -184 -31.0814 97.9836 -184 -18 79.85 -184 -18 114 -184
4 16 -16 144 -184 -16 117.266 -207.477 -16 95.7431 -195.728 -16 79.85 -184
4 16 -16 117.266 -207.477 -16 144 -184 -16 144 -216 -16 140 -216
4 16 -18 114 -182 -18 114 -184 -18 144 -216 -18 144 -182
4 16 -18 79.85 -184 -18 95.7431 -195.728 -18 117.266 -207.477 -18 114 -184
4 16 -18 117.266 -207.477 -18 140 -216 -18 144 -216 -18 114 -184
3 16 0 118.66 -208 -3.0616 118.66 -207.391 -3.0616 117.108 -207.391
4 16 -3.0616 118.66 -207.391 -5.6568 118.66 -205.657 -5.6568 113.931 -205.657 -3.0616 117.108 -207.391
4 16 -5.6568 118.66 -205.657 -7.3912 118.66 -203.062 -7.3912 109.177 -203.062 -5.6568 113.931 -205.657
4 16 -7.3912 118.66 -203.062 -8 118.66 -200 -8 103.568 -200 -7.3912 109.177 -203.062
4 16 -8 118.66 -200 -7.3912 118.66 -196.938 -7.3912 97.9597 -196.938 -8 103.568 -200
4 16 -7.3912 118.66 -196.938 -5.6568 118.66 -194.343 -5.6568 93.866 -194.343 -7.3912 97.9597 -196.938
4 16 -5.6568 118.66 -194.343 -3.0616 118.66 -192.609 -3.0616 91.5158 -192.609 -5.6568 93.866 -194.343
4 16 -3.0616 118.66 -192.609 0 118.66 -192 0 90.6908 -192 -3.0616 91.5158 -192.609
3 16 0 114.56 -206 -2.2962 114.56 -205.543 -2.2962 113.723 -205.543
4 16 -2.2962 113.723 -205.543 -4.2426 111.34 -204.243 -4.2426 114.56 -204.243 -2.2962 114.56 -205.543
4 16 -4.2426 111.34 -204.243 -5.5434 107.775 -202.296 -5.5434 114.56 -202.296 -4.2426 114.56 -204.243
4 16 -5.5434 107.775 -202.296 -6 103.568 -200 -6 114.56 -200 -5.5434 114.56 -202.296
4 16 -6 103.568 -200 -5.5434 99.3619 -197.704 -5.5434 114.56 -197.704 -6 114.56 -200
4 16 -5.5434 99.3619 -197.704 -4.2426 95.7963 -195.757 -4.2426 114.56 -195.757 -5.5434 114.56 -197.704
4 16 -4.2426 95.7963 -195.757 -2.2962 94.0197 -194.457 -2.2962 114.56 -194.457 -4.2426 114.56 -195.757
4 16 -2.2962 94.0197 -194.457 0 93.401 -194 0 114.56 -194 -2.2962 114.56 -194.457
2 24 -16 140 -216 -16 117.108 -207.391
2 24 -16 117.108 -207.391 -16 95.7431 -195.728
2 24 -18 144 -216 -18 144 -182
2 24 -16 144 -216 -16 144 -184
2 24 -16 95.7431 -195.728 -16 79.85 -184
2 24 -18 79.85 -184 -18 114 -184
2 24 -18 114 -184 -18 114 -182
2 24 -18 114 -182 -41.5873 114 -182
2 24 -41.5873 114 -182 -33.3121 98.3657 -182
2 24 -33.3121 98.3657 -182 -18 77.1398 -182
2 24 -18 114 -184 -39.5964 114 -184
2 24 -39.5964 114 -184 -31.0814 97.9836 -184
2 24 -31.0814 97.9836 -184 -18 79.85 -184
2 24 -39.5964 114 -184 -41.5873 114 -182
2 24 0 90.6908 -192 -3.0616 91.5158 -192.609
2 24 -3.0616 91.5158 -192.609 -5.6568 93.866 -194.343
2 24 -5.6568 93.866 -194.343 -6.5825 95.7431 -195.728
2 24 0 93.401 -194 -2.2962 94.0197 -194.457
2 24 -2.2962 94.0197 -194.457 -4.1992 95.7431 -195.728
2 24 -7.3912 97.9597 -196.938 -6.5825 95.7431 -195.728
2 24 -7.3912 97.9597 -196.938 -8 103.568 -200
2 24 -8 103.568 -200 -7.3912 109.177 -203.062
2 24 -7.3912 109.177 -203.062 -5.6568 113.931 -205.657
2 24 -5.6568 113.931 -205.657 -3.0616 117.108 -207.391
2 24 -4.2426 95.7963 -195.757 -4.1992 95.7431 -195.728
2 24 -4.2426 95.7963 -195.757 -5.5434 99.3619 -197.704
2 24 -5.5434 99.3619 -197.704 -6 103.568 -200
2 24 -6 103.568 -200 -5.5434 107.775 -202.296
2 24 -5.5434 107.775 -202.296 -4.2426 111.34 -204.243
2 24 -4.2426 111.34 -204.243 -2.2962 113.723 -205.543
2 24 -2.2962 113.723 -205.543 0 114.56 -206
2 24 0 118.66 -208 -3.0616 117.108 -207.391
5 24 -3.0616 117.108 -207.391 -3.0616 118.66 -207.391 -5.6568 118.66 -205.657 0 118.66 -208
5 24 -5.6568 113.931 -205.657 -5.6568 118.66 -205.657 -7.3912 118.66 -203.062 -3.0616 118.66 -207.391
5 24 -7.3912 109.177 -203.062 -7.3912 118.66 -203.062 -8 118.66 -200 -5.6568 118.66 -205.657
5 24 -8 103.568 -200 -8 118.66 -200 -7.3912 118.66 -196.938 -7.3912 118.66 -203.062
5 24 -7.3912 97.9597 -196.938 -7.3912 118.66 -196.938 -6.5825 118.66 -195.728 -8 118.66 -200
5 24 -5.6568 93.866 -194.343 -5.6568 118.66 -194.343 -3.0616 118.66 -192.609 -6.5825 118.66 -195.728
5 24 -3.0616 91.5158 -192.609 -3.0616 118.66 -192.609 0 118.66 -192 -5.6568 118.66 -194.343
5 24 0 90.6908 -192 0 118.66 -192 3.0616 118.66 -192.609 -3.0616 118.66 -192.609
5 24 -2.2962 113.723 -205.543 -2.2962 114.56 -205.543 -4.2426 114.56 -204.243 0 114.56 -206
5 24 -4.2426 111.34 -204.243 -4.2426 114.56 -204.243 -5.5434 114.56 -202.296 -2.2962 114.56 -205.543
5 24 -5.5434 107.775 -202.296 -5.5434 114.56 -202.296 -6 114.56 -200 -4.2426 114.56 -204.243
5 24 -6 103.568 -200 -6 114.56 -200 -5.5434 114.56 -197.704 -5.5434 114.56 -202.296
5 24 -5.5434 99.3619 -197.704 -5.5434 114.56 -197.704 -4.2426 114.56 -195.757 -6 114.56 -200
5 24 -4.2426 95.7963 -195.757 -4.2426 114.56 -195.757 -2.2962 114.56 -194.457 -5.5434 114.56 -197.704
5 24 -2.2962 94.0197 -194.457 -2.2962 114.56 -194.457 0 114.56 -194 -4.1992 114.56 -195.728
5 24 0 93.401 -194 0 114.56 -194 2.2962 114.56 -194.457 -2.2962 114.56 -194.457
