0 ~Windscreen 12 x  6 x  6 Curved without Pin Holes - Outside printable surfaces
0 Name: s\94531s03.dat
0 Author: Massimo Maso [Sirio]
0 !LDRAW_ORG Unofficial_Subpart
0 !LICENSE Redistributable under CCAL version 2.0 : see CAreadme.txt

0 BFC CERTIFY CW

0 // Lateral surface

1 16 -60 46 0 0 1 0 -26 0 0 0 0 20 rect3.dat
3 16 -60 72 -20 -60 20 -20 -60 21.3923 -41.6171
4 16 -60 73.2919 -42.1468 -60 72 -20 -60 21.3923 -41.6171 -60 25.5208 -62.8699
4 16 -60 77.1226 -63.9202 -60 73.2919 -42.1468 -60 25.5208 -62.8699 -60 32.3206 -83.3937
4 16 -60 83.4319 -84.947 -60 77.1226 -63.9202 -60 32.3206 -83.3937 -60 41.6945 -102.824
4 16 -60 92.1297 -104.854 -60 83.4319 -84.947 -60 41.6945 -102.824 -60 53.4485 -120.847
4 16 -60 103.036 -123.318 -60 92.1297 -104.854 -60 53.4485 -120.847 -60 67.4204 -137.13
4 16 -60 116 -140 -60 103.036 -123.318 -60 67.4204 -137.13 -60 83.3351 -151.426
4 16 -60 119.941 -173.043 -60 116 -140 -60 83.3351 -151.426 -60 100.95 -163.452
3 16 -60 116 -140 -60 119.941 -173.043 -60 140 -180
4 16 -60 116 -140 -60 140 -180 -60 144 -180 -60 144 -140
1 16 -60 181.9 -20 0 -1 0 -161.9 0 0 0 0 -165.649 48\5-24edge.dat
1 16 -60 222.222 -20 0 -1 0 -150.222 0 0 0 0 -169.707 48\1-8edge.dat
0 // Sloped surface
1 16 -40 10 0 0 0.447214 -20 0 0.894427 10 20 0 0 rect1.dat
4 16 -60 21.3923 -41.6171 -60 20 -20 -20 0 -20 -20 1.6244 -47.0214
4 16 -60 25.5208 -62.8699 -60 21.3923 -41.6171 -20 1.6244 -47.0214 -20 6.4409 -73.5873
3 16 -60 25.5208 -62.8699 -20 6.4409 -73.5873 -60 32.3206 -83.3937
3 16 -20 6.4409 -73.5873 -20 14.374 -99.2422 -60 32.3206 -83.3937
3 16 -60 32.3206 -83.3937 -20 14.374 -99.2422 -60 41.6945 -102.824
3 16 -20 14.374 -99.2422 -20 25.3103 -123.53 -60 41.6945 -102.824
3 16 -60 41.6945 -102.824 -20 25.3103 -123.53 -60 53.4485 -120.847
3 16 -20 25.3103 -123.53 -20 39.0232 -146.059 -60 53.4485 -120.847
3 16 -60 53.4485 -120.847 -20 39.0232 -146.059 -60 67.4204 -137.13
3 16 -20 39.0232 -146.059 -20 55.3238 -166.413 -60 67.4204 -137.13
3 16 -60 67.4204 -137.13 -20 55.3238 -166.413 -60 83.3351 -151.426
3 16 -20 55.3238 -166.413 -20 73.891 -184.282 -60 83.3351 -151.426
3 16 -60 83.3351 -151.426 -20 73.891 -184.282 -60 100.95 -163.452
3 16 -20 73.891 -184.282 -20 94.4415 -199.315 -60 100.95 -163.452
3 16 -60 100.95 -163.452 -20 94.4415 -199.315 -60 119.941 -173.043
3 16 -20 94.4415 -199.315 -20 116.597 -211.304 -60 119.941 -173.043
3 16 -60 119.941 -173.043 -20 116.597 -211.304 -60 140 -180
3 16 -20 116.597 -211.304 -20 140 -220 -60 140 -180
5 24 -20 0 -20 -60 20 -20 -60 21.3923 -41.6171 -60 20 20
5 24 -20 6.4409 -73.5873 -60 32.3206 -83.3937 -20 14.374 -99.2422 -60 25.5208 -62.8699
5 24 -20 14.374 -99.2422 -60 41.6945 -102.824 -20 25.3103 -123.53 -60 32.3206 -83.3937
5 24 -20 25.3103 -123.53 -60 53.4485 -120.847 -20 39.0232 -146.059 -60 41.6945 -102.824
5 24 -20 39.0232 -146.059 -60 67.4204 -137.13 -20 55.3238 -166.413 -60 53.4485 -120.847
5 24 -20 55.3238 -166.413 -60 83.3351 -151.426 -20 73.891 -184.282 -60 67.4204 -137.13
5 24 -20 73.891 -184.282 -60 100.95 -163.452 -20 94.4415 -199.315 -60 83.3351 -151.426
5 24 -20 94.4415 -199.315 -60 119.941 -173.043 -20 116.597 -211.304 -60 100.95 -163.452
5 24 -20 116.597 -211.304 -60 140 -180 -20 140 -220 -60 119.941 -173.043
5 24 -60 21.3923 -41.6171 -20 1.6244 -47.0214 -20 0 -20 -60 25.5208 -62.8699
5 24 -60 25.5208 -62.8699 -20 6.4409 -73.5873 -20 1.6244 -47.0214 -60 32.3206 -83.3937
5 24 -60 32.3206 -83.3937 -20 14.374 -99.2422 -20 6.4409 -73.5873 -60 41.6945 -102.824
5 24 -60 41.6945 -102.824 -20 25.3103 -123.53 -20 14.374 -99.2422 -60 53.4485 -120.847
5 24 -60 53.4485 -120.847 -20 39.0232 -146.059 -20 25.3103 -123.53 -60 67.4204 -137.13
5 24 -60 67.4204 -137.13 -20 55.3238 -166.413 -20 39.0232 -146.059 -60 83.3351 -151.426
5 24 -60 83.3351 -151.426 -20 73.891 -184.282 -20 55.3238 -166.413 -60 100.95 -163.452
5 24 -60 100.95 -163.452 -20 94.4415 -199.315 -20 73.891 -184.282 -60 119.941 -173.043
5 24 -60 119.941 -173.043 -20 116.597 -211.304 -20 94.4415 -199.315 -60 140 -180
0 // Cutout surface
1 16 -57.1213 142 -182.879 2.8787 0 0 0 0 2 -2.8787 1 0 rect.dat
1 16 -40 142 -200 0 0.707107 -5.7574 -2 0 0 0 0.707107 5.7574 rect.dat
1 16 -22.8787 142 -217.121 0 0.707107 -2.87867 2 0 0 0 0.707107 2.87867 rect.dat
2 24 -60 140 -180 -20 140 -220
1 16 -20 188.883 -20 0 -1 0 -188.883 0 0 0 0 -207.061 48\5-24edge.dat
