0 ~Minifig Torso with Buttons and Police Badge Plain Pattern - Pocket
0 Name: s\973sp1f3.dat
0 Author: Miklos Hosszu [hmick]
0 !LICENSE Licensed under CC BY 2.0 and CC BY 4.0 : see CAreadme.txt
0 BFC CERTIFY CW
1 15 0 0 0 1 0 0 0 0 1 0 1 0 4-4disc.dat
1 16 0 0 0 1 0 0 0 0 1 0 1 0 4-4ndis.dat
4 15 5 -3 0 4.5 -2.5 0 -4.5 -2.5 0 -5 -3 0
4 15 -5 -3 0 -4.5 -2.5 0 -4.5 0.7 0 -5 1 0
4 15 -5 1 0 -4.5 0.7 0 0 2.5 0 0 3 0
4 15 0 3 0 0 2.5 0 4.5 0.7 0 5 1 0
4 15 5 1 0 4.5 0.7 0 4.5 -2.5 0 5 -3 0
4 16 -4.5 -2.5 0 4.5 -2.5 0 1 -1 0 0 -1 0
4 16 -4.5 0.7 0 -4.5 -2.5 0 -1 -1 0 -1 0 0
3 16 -4.5 0.7 0 -1 1 0 0 2.5 0
4 16 4.5 0.7 0 0 2.5 0 1 1 0 4.5 -2.5 0
3 16 -4.5 -2.5 0 0 -1 0 -1 -1 0
3 16 0 1 0 0 2.5 0 -1 1 0
3 16 1 1 0 0 2.5 0 0 1 0
3 16 4.5 -2.5 0 1 1 0 1 0 0
3 16 4.5 -2.5 0 1 0 0 1 -1 0
3 16 -1 0 0 -1 1 0 -4.5 0.7 0
