0 ~Minifig Bar with Wings - Half Wing
0 Name: s\98721s01.dat
0 Author: Evert-Jan Boer [ejboer]
0 !LDRAW_ORG Unofficial_Subpart
0 !LICENSE Redistributable under CCAL version 2.0 : see CAreadme.txt

0 BFC CERTIFY CCW

3 16 33.385 -0.721 -1.375 36.317 -0.557 -1.375 31.59 -2.532 -1.375
3 16 20.636 -3.969 -1.375 22.447 5.144 -1.375 22.768 3.295 -1.375
3 16 20.636 -3.969 -1.375 22.768 3.295 -1.375 23.452 1.773 -1.375
4 16 29.991 -0.906 -1.375 33.385 -0.721 -1.375 31.59 -2.532 -1.375 26.691 -4.015 -1.375
3 16 29.991 -0.906 -1.375 26.691 -4.015 -1.375 27.588 -0.764 -1.375
4 16 20.636 -3.969 -1.375 23.452 1.773 -1.375 24.549 0.539 -1.375 21.619 -5.006 -1.375
4 16 25.995 -0.339 -1.375 27.588 -0.764 -1.375 26.691 -4.015 -1.375 21.619 -5.006 -1.375
3 16 25.995 -0.339 -1.375 21.619 -5.006 -1.375 24.549 0.539 -1.375
4 16 20.636 -3.969 -1.375 21.619 -5.006 -1.375 21.206 -4.966 -1.375 20.757 -4.563 -1.375
4 16 16.695 -4.545 -1.375 13.541 3.798 -1.375 17.855 -3.929 -1.375 17.614 -4.355 -1.375
3 16 17.183 -4.583 -1.375 16.695 -4.545 -1.375 17.614 -4.355 -1.375
3 16 15.918 4.167 -1.375 17.855 -3.929 -1.375 13.541 3.798 -1.375
3 16 18.345 5.178 -1.375 17.855 -3.929 -1.375 15.918 4.167 -1.375
3 16 12.0678 -1.99019 -1.375 16.695 -4.545 -1.375 11.2944 -2.76359 -1.375
3 16 12.0678 -1.99019 -1.375 12.2565 -1.70796 -1.375 16.695 -4.545 -1.375
3 16 12.2565 -1.70796 -1.375 12.6956 -0.1558 -1.375 16.695 -4.545 -1.375
4 16 16.695 -4.545 -1.375 12.6956 -0.1558 -1.375 12.7266 0 -1.375 13.541 3.798 -1.375
3 16 12.7266 0 -1.375 12.6956 0.1558 -1.375 13.541 3.798 -1.375
3 16 13.541 3.798 -1.375 12.6956 0.1558 -1.375 12.2565 1.70796 -1.375
4 16 13.541 3.798 -1.375 12.2565 1.70796 -1.375 12.0678 1.99019 -1.375 11.553 4.331 -1.375
3 16 12.0678 1.99019 -1.375 10.9902 3.06784 -1.375 11.553 4.331 -1.375
3 16 11.553 4.331 -1.375 10.9902 3.06784 -1.375 10.708 3.25646 -1.375
4 16 11.553 4.331 -1.375 10.708 3.25646 -1.375 9.875 3.51 -1.375 9.875 5.652 -1.375
3 16 17.855 -3.929 -1.375 18.345 5.178 -1.375 20.282 6.305 -1.375

4 16 22.447 5.144 -1.375 22.447 5.144 0 22.768 3.295 0 22.768 3.295 -1.375
4 16 13.541 3.798 -1.375 13.541 3.798 0 15.918 4.167 0 15.918 4.167 -1.375
4 16 33.385 -0.721 -1.375 33.385 -0.721 0 36.317 -0.557 0 36.317 -0.557 -1.375
4 16 29.991 -0.906 -1.375 29.991 -0.906 0 33.385 -0.721 0 33.385 -0.721 -1.375
4 16 29.991 -0.906 0 29.991 -0.906 -1.375 27.588 -0.764 -1.375 27.588 -0.764 0
4 16 27.588 -0.764 0 27.588 -0.764 -1.375 25.995 -0.339 -1.375 25.995 -0.339 0
4 16 25.995 -0.339 0 25.995 -0.339 -1.375 24.549 0.539 -1.375 24.549 0.539 0
4 16 24.549 0.539 0 24.549 0.539 -1.375 23.452 1.773 -1.375 23.452 1.773 0
4 16 23.452 1.773 0 23.452 1.773 -1.375 22.768 3.295 -1.375 22.768 3.295 0
4 16 11.553 4.331 -1.375 11.553 4.331 0 13.541 3.798 0 13.541 3.798 -1.375
4 16 15.918 4.167 -1.375 15.918 4.167 0 18.345 5.178 0 18.345 5.178 -1.375
4 16 20.282 6.305 0 20.282 6.305 -1.375 18.345 5.178 -1.375 18.345 5.178 0
4 16 11.553 4.331 0 11.553 4.331 -1.375 9.875 5.652 -1.375 9.875 5.652 0

4 16 20.282 6.305 -2.25 21.961 6.373 -2.25 22.291 5.969 -2.25 22.447 5.144 -2.25
4 16 37.446 -2.234 -2.25 37.167 -2.91 -2.25 36.967 -0.901 -2.25 37.374 -1.508 -2.25
4 16 20.974 6.632 -2.25 21.495 6.608 -2.25 21.961 6.373 -2.25 20.282 6.305 -2.25
4 16 36.317 -0.557 -2.25 36.967 -0.901 -2.25 37.167 -2.91 -2.25 36.597 -3.374 -2.25
4 16 17.855 -3.929 -2.25 20.282 6.305 -2.25 22.447 5.144 -2.25 20.636 -3.969 -2.25
4 16 31.59 -2.532 -2.25 36.317 -0.557 -2.25 36.597 -3.374 -2.25 27.823 -6.526 -2.25
4 16 17.855 -3.929 -2.25 20.636 -3.969 -2.25 20.757 -4.563 -2.25 17.614 -4.355 -2.25
3 16 27.823 -6.526 -2.25 26.691 -4.015 -2.25 31.59 -2.532 -2.25
4 16 21.619 -5.006 -2.25 26.691 -4.015 -2.25 27.823 -6.526 -2.25 18.607 -8.369 -2.25
4 16 17.614 -4.355 -2.25 20.757 -4.563 -2.25 21.206 -4.966 -2.25 17.183 -4.583 -2.25
3 16 21.619 -5.006 -2.25 18.607 -8.369 -2.25 21.206 -4.966 -2.25
4 16 17.183 -4.583 -2.25 21.206 -4.966 -2.25 18.607 -8.369 -2.25 17.821 -8.22 -2.25
4 16 16.695 -4.545 -2.25 17.183 -4.583 -2.25 17.821 -8.22 -2.25 13.36 -6.32 -2.25
4 16 9.875 5.652 -2.25 9.875 3.01084 -2.25 9 3.214 -2.25 7.5 5.061 -2.25
3 16 7.5 3.214 -2.25 7.5 5.061 -2.25 9 3.214 -2.25
4 16 9.875 5.652 -2.25 7.5 5.061 -2.25 7.653 5.66 -2.25 8.073 6.111 -2.25
4 16 8.073 6.111 -2.25 8.655 6.307 -2.25 9.262 6.201 -2.25 9.875 5.652 -2.25
4 16 37.374 -1.508 -2.25 37.374 -1.508 0 37.446 -2.234 0 37.446 -2.234 -2.25
4 16 37.374 -1.508 0 37.374 -1.508 -2.25 36.967 -0.901 -2.25 36.967 -0.901 0
4 16 21.495 6.608 0 21.495 6.608 -2.25 20.974 6.632 -2.25 20.974 6.632 0
4 16 21.495 6.608 -2.25 21.495 6.608 0 21.961 6.373 0 21.961 6.373 -2.25
4 16 37.446 -2.234 -2.25 37.446 -2.234 0 37.167 -2.91 0 37.167 -2.91 -2.25
4 16 36.967 -0.901 0 36.967 -0.901 -2.25 36.317 -0.557 -2.25 36.317 -0.557 0
4 16 21.961 6.373 -2.25 21.961 6.373 0 22.291 5.969 0 22.291 5.969 -2.25
4 16 20.974 6.632 0 20.974 6.632 -2.25 20.282 6.305 -2.25 20.282 6.305 0
4 16 22.291 5.969 -2.25 22.291 5.969 0 22.447 5.144 0 22.447 5.144 -2.25
4 16 37.167 -2.91 -2.25 37.167 -2.91 0 36.597 -3.374 0 36.597 -3.374 -2.25
4 16 36.597 -3.374 -2.25 36.597 -3.374 0 27.823 -6.526 0 27.823 -6.526 -2.25
4 16 27.823 -6.526 -2.25 27.823 -6.526 0 18.607 -8.369 0 18.607 -8.369 -2.25
4 16 18.607 -8.369 -2.25 18.607 -8.369 0 17.821 -8.22 0 17.821 -8.22 -2.25
4 16 7.856 -4.674 0 7.856 -4.674 -2.25 8.655 -5.165 -2.25 8.655 -5.165 0
4 16 17.821 -8.22 -2.25 17.821 -8.22 0 13.36 -6.32 0 13.36 -6.32 -2.25
4 16 7.856 -4.674 -2.25 7.856 -4.674 0 7.579 -4 0 7.5 -3.808 -2.25
4 16 8.655 -5.165 0 8.655 -5.165 -2.25 13.36 -6.32 -2.25 13.36 -6.32 0
4 16 7.653 5.66 0 7.653 5.66 -2.25 7.5 5.061 -2.25 7.5 5.061 0
4 16 8.073 6.111 0 8.073 6.111 -2.25 7.653 5.66 -2.25 7.653 5.66 0
4 16 8.655 6.307 -2.25 8.655 6.307 0 9.262 6.201 0 9.262 6.201 -2.25
4 16 8.655 6.307 0 8.655 6.307 -2.25 8.073 6.111 -2.25 8.073 6.111 0
4 16 9.875 5.652 0 9.875 5.652 -2.25 9.262 6.201 -2.25 9.262 6.201 0
4 16 36.317 -0.557 -1.375 36.317 -0.557 -2.25 31.59 -2.532 -2.25 31.59 -2.532 -1.375
4 16 20.636 -3.969 -1.375 20.636 -3.969 -2.25 22.447 5.144 -2.25 22.447 5.144 -1.375
4 16 26.691 -4.015 -2.25 26.691 -4.015 -1.375 31.59 -2.532 -1.375 31.59 -2.532 -2.25
4 16 20.282 6.305 -1.375 20.282 6.305 -2.25 17.855 -3.929 -2.25 17.855 -3.929 -1.375
4 16 20.636 -3.969 -2.25 20.636 -3.969 -1.375 20.757 -4.563 -1.375 20.757 -4.563 -2.25
4 16 26.691 -4.015 -1.375 26.691 -4.015 -2.25 21.619 -5.006 -2.25 21.619 -5.006 -1.375
4 16 21.206 -4.966 -1.375 21.206 -4.966 -2.25 20.757 -4.563 -2.25 20.757 -4.563 -1.375
4 16 21.619 -5.006 -1.375 21.619 -5.006 -2.25 21.206 -4.966 -2.25 21.206 -4.966 -1.375
4 16 17.855 -3.929 -1.375 17.855 -3.929 -2.25 17.614 -4.355 -2.25 17.614 -4.355 -1.375
4 16 17.614 -4.355 -1.375 17.614 -4.355 -2.25 17.183 -4.583 -2.25 17.183 -4.583 -1.375
4 16 17.183 -4.583 -1.375 17.183 -4.583 -2.25 16.695 -4.545 -2.25 16.695 -4.545 -1.375
3 16 7.52108 -3.6956 -1.5308 7.5 -3.808 -2.25 7.579 -4 0
4 16 7.5 4 0 7.5 5.061 0 7.5 5.061 -2.25 7.5 3.6956 -1.5308
3 16 7.5 5.061 -2.25 7.5 3.214 -2.25 7.5 3.6956 -1.5308
4 16 7.856 -4.674 -2.25 7.5 -3.808 -2.25 9 -3.21495 -2.25 8.655 -5.165 -2.25
4 16 8.655 -5.165 -2.25 9 -3.21495 -2.25 9.94881 -2.99363 -2.25 13.36 -6.32 -2.25
4 16 10.7572 -2.6416 -2.25 10.7988 -2.6 -2.25 16.695 -4.545 -2.25 13.36 -6.32 -2.25
3 16 10.7572 -2.6416 -2.25 13.36 -6.32 -2.25 9.94881 -2.99363 -2.25
3 16 7.5 -3.21495 -2.25 7.5 -3.808 -2.25 7.52108 -3.6956 -1.5308
3 16 9 -3.21495 -2.25 7.5 -3.808 -2.25 7.5 -3.21495 -2.25
4 16 11.1692 -2.72242 -1.7572 16.695 -4.545 -1.375 16.695 -4.545 -2.25 10.7988 -2.6 -2.25
3 16 16.695 -4.545 -1.375 11.1692 -2.72242 -1.7572 11.2944 -2.76359 -1.375
3 16 9.875 3.41615 -1.64354 9.875 3.01084 -2.25 9.875 5.652 -2.25
4 16 9.875 3.51 -1.375 9.875 3.41615 -1.64354 9.875 5.652 -2.25 9.875 5.652 -1.375

2 24 11.2944 -2.76359 -1.375 12.0678 -1.99019 -1.375
2 24 12.0678 -1.99019 -1.375 12.2565 -1.70796 -1.375
2 24 12.2565 -1.70796 -1.375 12.6956 -0.1558 -1.375
2 24 12.6956 -0.1558 -1.375 12.7266 0 -1.375
2 24 12.7266 0 -1.375 12.6956 0.1558 -1.375
2 24 12.6956 0.1558 -1.375 12.2565 1.70796 -1.375
2 24 12.2565 1.70796 -1.375 12.0678 1.99019 -1.375
2 24 12.0678 1.99019 -1.375 10.9902 3.06784 -1.375
2 24 10.9902 3.06784 -1.375 10.708 3.25646 -1.375
2 24 10.708 3.25646 -1.375 9.875 3.51 -1.375
2 24 9.875 5.652 -2.25 9.875 3.01084 -2.25
2 24 9.875 3.01084 -2.25 9 3.214 -2.25
2 24 9 3.214 -2.25 7.5 3.214 -2.25
2 24 7.579 -4 0 7.52108 -3.6956 -1.5308
2 24 7.5 3.6956 -1.5308 7.5 4 0
2 24 7.5 3.214 -2.25 7.5 3.6956 -1.5308
2 24 9 -3.21495 -2.25 9.94881 -2.99363 -2.25
2 24 10.7572 -2.6416 -2.25 10.7988 -2.6 -2.25
2 24 9.94881 -2.99363 -2.25 10.7572 -2.6416 -2.25
2 24 7.52108 -3.6956 -1.5308 7.5 -3.21495 -2.25
2 24 7.5 -3.21495 -2.25 9 -3.21495 -2.25
2 24 10.7988 -2.6 -2.25 11.1692 -2.72242 -1.7572
2 24 11.1692 -2.72242 -1.7572 11.2944 -2.76359 -1.375
2 24 9.875 3.41615 -1.64354 9.875 3.01084 -2.25
2 24 9.875 3.51 -1.375 9.875 3.41615 -1.64354
2 24 33.385 -0.721 -1.375 36.317 -0.557 -1.375
2 24 36.317 -0.557 -1.375 31.59 -2.532 -1.375
2 24 20.636 -3.969 -1.375 22.447 5.144 -1.375
2 24 22.447 5.144 -1.375 22.768 3.295 -1.375
2 24 22.768 3.295 -1.375 23.452 1.773 -1.375
2 24 29.991 -0.906 -1.375 33.385 -0.721 -1.375
2 24 31.59 -2.532 -1.375 26.691 -4.015 -1.375
2 24 27.588 -0.764 -1.375 29.991 -0.906 -1.375
2 24 23.452 1.773 -1.375 24.549 0.539 -1.375
2 24 25.995 -0.339 -1.375 27.588 -0.764 -1.375
2 24 26.691 -4.015 -1.375 21.619 -5.006 -1.375
2 24 24.549 0.539 -1.375 25.995 -0.339 -1.375
2 24 21.619 -5.006 -1.375 21.206 -4.966 -1.375
2 24 21.206 -4.966 -1.375 20.757 -4.563 -1.375
2 24 20.757 -4.563 -1.375 20.636 -3.969 -1.375
2 24 17.855 -3.929 -1.375 17.614 -4.355 -1.375
2 24 17.614 -4.355 -1.375 17.183 -4.583 -1.375
2 24 17.183 -4.583 -1.375 16.695 -4.545 -1.375
2 24 13.541 3.798 -1.375 15.918 4.167 -1.375
2 24 15.918 4.167 -1.375 18.345 5.178 -1.375
2 24 16.695 -4.545 -1.375 11.2944 -2.76359 -1.375
2 24 11.553 4.331 -1.375 13.541 3.798 -1.375
2 24 9.875 3.51 -1.375 9.875 5.652 -1.375
2 24 9.875 5.652 -1.375 11.553 4.331 -1.375
2 24 20.282 6.305 -1.375 17.855 -3.929 -1.375
2 24 18.345 5.178 -1.375 20.282 6.305 -1.375

2 24 21.961 6.373 -2.25 22.291 5.969 -2.25
2 24 22.291 5.969 -2.25 22.447 5.144 -2.25
2 24 37.446 -2.234 -2.25 37.167 -2.91 -2.25
2 24 36.967 -0.901 -2.25 37.374 -1.508 -2.25
2 24 37.374 -1.508 -2.25 37.446 -2.234 -2.25
2 24 20.974 6.632 -2.25 21.495 6.608 -2.25
2 24 21.495 6.608 -2.25 21.961 6.373 -2.25
2 24 20.282 6.305 -2.25 20.974 6.632 -2.25
2 24 36.317 -0.557 -2.25 36.967 -0.901 -2.25
2 24 37.167 -2.91 -2.25 36.597 -3.374 -2.25
2 24 17.855 -3.929 -2.25 20.282 6.305 -2.25
2 24 22.447 5.144 -2.25 20.636 -3.969 -2.25
2 24 31.59 -2.532 -2.25 36.317 -0.557 -2.25
2 24 36.597 -3.374 -2.25 27.823 -6.526 -2.25
2 24 20.636 -3.969 -2.25 20.757 -4.563 -2.25
2 24 17.614 -4.355 -2.25 17.855 -3.929 -2.25
2 24 26.691 -4.015 -2.25 31.59 -2.532 -2.25
2 24 21.619 -5.006 -2.25 26.691 -4.015 -2.25
2 24 27.823 -6.526 -2.25 18.607 -8.369 -2.25
2 24 20.757 -4.563 -2.25 21.206 -4.966 -2.25
2 24 17.183 -4.583 -2.25 17.614 -4.355 -2.25
2 24 21.206 -4.966 -2.25 21.619 -5.006 -2.25
2 24 18.607 -8.369 -2.25 17.821 -8.22 -2.25
2 24 16.695 -4.545 -2.25 17.183 -4.583 -2.25
2 24 17.821 -8.22 -2.25 13.36 -6.32 -2.25
2 24 7.5 3.214 -2.25 7.5 5.061 -2.25
2 24 7.5 5.061 -2.25 7.653 5.66 -2.25
2 24 7.653 5.66 -2.25 8.073 6.111 -2.25
2 24 8.073 6.111 -2.25 8.655 6.307 -2.25
2 24 8.655 6.307 -2.25 9.262 6.201 -2.25
2 24 9.262 6.201 -2.25 9.875 5.652 -2.25
2 24 7.856 -4.674 -2.25 8.655 -5.165 -2.25
2 24 7.5 -3.808 -2.25 7.856 -4.674 -2.25
2 24 8.655 -5.165 -2.25 13.36 -6.32 -2.25
2 24 10.7988 -2.6 -2.25 16.695 -4.545 -2.25
2 24 7.5 -3.21495 -2.25 7.5 -3.808 -2.25

5 24 22.768 3.295 0 22.768 3.295 -1.375 22.447 5.144 -1.375 23.452 1.773 0
5 24 13.541 3.798 -1.375 13.541 3.798 0 15.918 4.167 0 11.553 4.331 -1.375
5 24 15.918 4.167 0 15.918 4.167 -1.375 13.541 3.798 -1.375 18.345 5.178 0
5 24 29.991 -0.906 -1.375 29.991 -0.906 0 33.385 -0.721 0 27.588 -0.764 -1.375
5 24 27.588 -0.764 -1.375 27.588 -0.764 0 29.991 -0.906 0 25.995 -0.339 -1.375
5 24 25.995 -0.339 -1.375 25.995 -0.339 0 27.588 -0.764 0 24.549 0.539 -1.375
5 24 24.549 0.539 -1.375 24.549 0.539 0 25.995 -0.339 0 23.452 1.773 -1.375
5 24 23.452 1.773 -1.375 23.452 1.773 0 24.549 0.539 0 22.768 3.295 -1.375
5 24 11.553 4.331 -1.375 11.553 4.331 0 13.541 3.798 0 9.875 5.652 -1.375
5 24 18.345 5.178 0 18.345 5.178 -1.375 15.918 4.167 -1.375 20.282 6.305 0

5 24 37.374 -1.508 -2.25 37.374 -1.508 0 37.446 -2.234 0 36.967 -0.901 -2.25
5 24 37.446 -2.234 0 37.446 -2.234 -2.25 37.374 -1.508 -2.25 37.167 -2.91 0
5 24 36.967 -0.901 -2.25 36.967 -0.901 0 37.374 -1.508 0 36.317 -0.557 -2.25
5 24 21.495 6.608 0 21.495 6.608 -2.25 20.974 6.632 -2.25 21.961 6.373 0
5 24 20.974 6.632 -2.25 20.974 6.632 0 21.495 6.608 0 20.282 6.305 -2.25
5 24 21.961 6.373 0 21.961 6.373 -2.25 21.495 6.608 -2.25 22.291 5.969 0
5 24 37.167 -2.91 0 37.167 -2.91 -2.25 37.446 -2.234 -2.25 36.597 -3.374 0
5 24 22.291 5.969 0 22.291 5.969 -2.25 21.961 6.373 -2.25 22.447 5.144 0
5 24 36.597 -3.374 0 36.597 -3.374 -2.25 37.167 -2.91 -2.25 27.823 -6.526 0
5 24 27.823 -6.526 0 27.823 -6.526 -2.25 36.597 -3.374 -2.25 18.607 -8.369 0
5 24 18.607 -8.369 0 18.607 -8.369 -2.25 27.823 -6.526 -2.25 17.821 -8.22 0
5 24 17.821 -8.22 0 17.821 -8.22 -2.25 18.607 -8.369 -2.25 13.36 -6.32 0
5 24 7.856 -4.674 0 7.856 -4.674 -2.25 8.655 -5.165 -2.25 7.579 -4 0

5 24 8.655 -5.165 -2.25 8.655 -5.165 0 7.856 -4.674 0 13.36 -6.32 -2.25
5 24 13.36 -6.32 0 13.36 -6.32 -2.25 17.821 -8.22 -2.25 8.655 -5.165 0
5 24 7.579 -4 0 7.5 -3.808 -2.25 7.856 -4.674 -2.25 7.52108 -3.6956 -1.5308
5 24 7.653 5.66 0 7.653 5.66 -2.25 7.5 5.061 -2.25 8.073 6.111 0
5 24 7.5 5.061 -2.25 7.5 5.061 0 7.653 5.66 0 7.5 4 0
5 24 8.073 6.111 0 8.073 6.111 -2.25 7.653 5.66 -2.25 8.655 6.307 0
5 24 8.655 6.307 -2.25 8.655 6.307 0 9.262 6.201 0 8.073 6.111 -2.25
5 24 9.262 6.201 0 9.262 6.201 -2.25 8.655 6.307 -2.25 9.875 5.652 0
5 24 31.59 -2.532 -2.25 31.59 -2.532 -1.375 36.317 -0.557 -1.375 26.691 -4.015 -2.25
5 24 20.636 -3.969 -1.375 20.636 -3.969 -2.25 22.447 5.144 -2.25 20.757 -4.563 -1.375
5 24 26.691 -4.015 -2.25 26.691 -4.015 -1.375 31.59 -2.532 -1.375 21.619 -5.006 -2.25
5 24 17.855 -3.929 -2.25 17.855 -3.929 -1.375 20.282 6.305 -1.375 17.614 -4.355 -2.25
5 24 20.757 -4.563 -1.375 20.757 -4.563 -2.25 20.636 -3.969 -2.25 21.206 -4.966 -1.375
5 24 21.619 -5.006 -2.25 21.619 -5.006 -1.375 26.691 -4.015 -1.375 21.206 -4.966 -2.25
5 24 21.206 -4.966 -1.375 21.206 -4.966 -2.25 20.757 -4.563 -2.25 21.619 -5.006 -1.375
5 24 17.614 -4.355 -2.25 17.614 -4.355 -1.375 17.855 -3.929 -1.375 17.183 -4.583 -2.25
5 24 17.183 -4.583 -2.25 17.183 -4.583 -1.375 17.614 -4.355 -1.375 16.695 -4.545 -2.25
5 24 16.695 -4.545 -2.25 16.695 -4.545 -1.375 17.183 -4.583 -1.375 11.1692 -2.72242 -1.7572
5 24 7.52108 -3.6956 -1.5308 7.5 -3.808 -2.25 7.579 -4 0 7.5 -3.21495 -2.25

2 24 9.875 5.652 -2.25 9.875 5.652 -1.375
2 24 20.282 6.305 -2.25 20.282 6.305 -1.375
2 24 22.447 5.144 -2.25 22.447 5.144 -1.375
2 24 36.317 -0.557 -2.25 36.317 -0.557 -1.375
2 24 36.317 -0.557 0 36.317 -0.557 -1.375
2 24 22.447 5.144 -1.375 22.447 5.144 0
2 24 20.282 6.305 -1.375 20.282 6.305 0
2 24 9.875 5.652 -1.375 9.875 5.652 0
