0 ~Logo Santander Image Outer Box with Black Shadow 
0 Name: s\logosantb04.dat
0 Author: Massimo Maso [Sirio]
0 !LDRAW_ORG Unofficial_Subpart
0 !LICENSE Redistributable under CCAL version 2.0 : see CAreadme.txt
0 !HELP Exact dimensions X = 5.9; Z = 5.18

0 BFC CERTIFY CCW

0 // Black shadow
4 0 -0.6935 0 -2.525 -0.4136 0 -2.5613 -0.4322 0 -2.4829 -0.7136 0 -2.4613
4 0 -0.6935 0 -2.525 -0.7136 0 -2.4613 -0.9935 0 -2.425 -0.9709 0 -2.4729
4 0 -0.15 0 -2.49 -0.1322 0 -2.5829 0.15 0 -2.59 0.1322 0 -2.4829
4 0 -0.15 0 -2.49 -0.4322 0 -2.4829 -0.4136 0 -2.5613 -0.1322 0 -2.5829
4 0 0.1322 0 -2.4829 0.15 0 -2.59 0.4322 0 -2.5829 0.4136 0 -2.4613
4 0 1.2709 0 -2.4729 1.5446 0 -2.404 1.5129 0 -2.2164 1.2446 0 -2.304
4 0 0.4136 0 -2.4613 0.4322 0 -2.5829 0.7136 0 -2.5613 0.6935 0 -2.425
4 0 0.6935 0 -2.425 0.7136 0 -2.5613 0.9935 0 -2.525 0.9709 0 -2.3729
4 0 0.9709 0 -2.3729 0.9935 0 -2.525 1.2709 0 -2.4729 1.2446 0 -2.304
4 0 -1.2709 0 -2.3729 -1.2446 0 -2.404 -0.9709 0 -2.4729 -0.9935 0 -2.425
4 0 -1.2709 0 -2.3729 -1.5393 0 -2.3053 -1.5129 0 -2.3164 -1.2446 0 -2.404
4 0 1.5129 0 -2.2164 1.5446 0 -2.404 1.8129 0 -2.3164 1.7733 0 -2.1075
4 0 1.7733 0 -2.1075 1.8129 0 -2.3164 2.0733 0 -2.2075 2.0218 0 -1.9736
4 0 2.0218 0 -1.9736 2.0733 0 -2.2075 2.3218 0 -2.0736 2.2516 0 -1.8098
4 0 2.2516 0 -1.8098 2.3218 0 -2.0736 2.5516 0 -1.9098 2.4503 0 -1.6093
3 0 -0.2033 0 -1.67 -0.0736 0 -1.4839 -0.2036 0 -1.5095
4 0 2.4503 0 -1.6093 2.5516 0 -1.9098 2.7503 0 -1.7093 2.5947 0 -1.3668
4 0 2.8947 0 -1.4668 2.95 0 -1.19 2.8947 0 -0.9132 2.65 0 -1.09
4 0 2.5947 0 -1.3668 2.7503 0 -1.7093 2.8947 0 -1.4668 2.65 0 -1.09
3 0 -0.235 0 -1.352 -0.0174 0 -1.2943 -0.3066 0 -1.2083
4 0 -0.0174 0 -1.2943 -0.235 0 -1.352 -0.2036 0 -1.5095 -0.0736 0 -1.4839
4 0 2.65 0 -1.09 2.8947 0 -0.9132 2.7503 0 -0.6707 2.5947 0 -0.8132
4 0 2.5947 0 -0.8132 2.7503 0 -0.6707 2.5516 0 -0.4702 2.4503 0 -0.5707
4 0 2.4503 0 -0.5707 2.5516 0 -0.4702 2.3218 0 -0.3064 2.2516 0 -0.3702
4 0 0.4129 0 -0.551 0.4033 0 -0.73 0.5474 0 -0.5463 0.6187 0 -0.3364
4 0 0.3843 0 -0.374 0.4129 0 -0.551 0.6187 0 -0.3364 0.6072 0 -0.3122
3 0 0.3843 0 -0.374 0.6072 0 -0.3122 0.3072 0 -0.2122
4 0 2.2516 0 -0.3702 2.3218 0 -0.3064 2.0733 0 -0.1725 2.0218 0 -0.2064
4 0 -1.0597 0 -0.2268 -0.3066 0 -1.2083 -0.0174 0 -1.2943 -0.7597 0 -0.3268
3 0 -1.0597 0 -0.2268 -0.7597 0 -0.3268 -0.848 0 -0.1962
4 0 0.3072 0 -0.2122 0.6072 0 -0.3122 -0.2287 0 0.777 -0.5287 0 0.877
4 0 2.0218 0 -0.2064 2.0733 0 -0.1725 1.8129 0 -0.0636 1.7733 0 -0.0725
4 0 -0.848 0 -0.1962 -0.9198 0 -0.0559 -1.148 0 -0.0962 -1.0597 0 -0.2268
4 0 -0.9198 0 -0.0559 -0.9733 0 0.0924 -1.2135 0 0.0318 -1.148 0 -0.0962
4 0 1.5446 0 0.024 1.5392 0 0.0254 1.7733 0 -0.0725 1.8129 0 -0.0636
3 0 1.2893 0 0.1094 1.2806 0 0.3851 1.2446 0 0.124
4 0 1.2806 0 0.3851 0.9806 0 0.4851 0.99 0 0.1887 1.2446 0 0.124
4 0 1.1913 0 0.6679 0.8913 0 0.7679 0.9806 0 0.4851 1.2806 0 0.3851
3 0 -0.2287 0 0.777 -0.3421 0 0.9934 -0.5287 0 0.877
4 0 -0.5287 0 0.877 -0.3421 0 0.9934 -0.3927 0 1.2324 -0.6421 0 1.0934
4 0 1.0382 0 0.922 0.7382 0 1.022 0.8913 0 0.7679 1.1913 0 0.6679
4 0 1.0382 0 0.922 0.417 0 1.7316 0.117 0 1.8316 0.7382 0 1.022
3 0 -0.6421 0 1.0934 -0.5603 0 1.29 -0.6431 0 1.0977
4 0 -0.3927 0 1.2324 -0.388 0 1.4767 -0.5603 0 1.29 -0.6421 0 1.0934
3 0 0.417 0 1.7316 0.2954 0 1.9665 0.117 0 1.8316
4 0 0.117 0 1.8316 0.2954 0 1.9665 0.241 0 2.2254 -0.0046 0 2.0665
3 0 -0.0046 0 2.0665 0.0625 0 2.306 -0.018 0 2.1303
4 0 0.241 0 2.2254 0.2433 0 2.49 0.0625 0 2.306 -0.0046 0 2.0665
0 // Outer box
3 16 2.95 0 -2.59 0.7136 0 -2.5613 0.4322 0 -2.5829
3 16 2.95 0 -2.59 0.9935 0 -2.525 0.7136 0 -2.5613
3 16 2.95 0 -2.59 1.2709 0 -2.4729 0.9935 0 -2.525
3 16 2.95 0 -2.59 1.5446 0 -2.404 1.2709 0 -2.4729
3 16 2.95 0 -2.59 1.8129 0 -2.3164 1.5446 0 -2.404
3 16 2.95 0 -2.59 2.0733 0 -2.2075 1.8129 0 -2.3164
3 16 2.95 0 -2.59 2.3218 0 -2.0736 2.0733 0 -2.2075
3 16 2.95 0 -2.59 2.5516 0 -1.9098 2.3218 0 -2.0736
3 16 2.95 0 -2.59 2.7503 0 -1.7093 2.5516 0 -1.9098
3 16 2.95 0 -2.59 2.8947 0 -1.4668 2.7503 0 -1.7093
3 16 2.95 0 -2.59 2.95 0 -1.19 2.8947 0 -1.4668
3 16 0.15 0 -2.59 2.95 0 -2.59 0.4322 0 -2.5829
3 16 -2.95 0 -2.59 0.15 0 -2.59 -0.1322 0 -2.5829
3 16 -2.95 0 -2.59 -0.1322 0 -2.5829 -0.4136 0 -2.5613
3 16 -2.95 0 -2.59 -0.4136 0 -2.5613 -0.6935 0 -2.525
3 16 -2.95 0 -2.59 -0.6935 0 -2.525 -0.9709 0 -2.4729
3 16 -2.95 0 -2.59 -0.9709 0 -2.4729 -1.2446 0 -2.404
3 16 -2.95 0 -2.59 -1.2446 0 -2.404 -1.5129 0 -2.3164
4 16 -2.95 0 -2.59 -1.5129 0 -2.3164 -1.5393 0 -2.3053 -1.5446 0 -2.304
3 16 -2.95 0 -2.59 -1.5446 0 -2.304 -1.8129 0 -2.2164
3 16 -2.95 0 -2.59 -1.8129 0 -2.2164 -2.0733 0 -2.1075
3 16 -2.95 0 -2.59 -2.0733 0 -2.1075 -2.3218 0 -1.9736
3 16 -2.95 0 -2.59 -2.3218 0 -1.9736 -2.5516 0 -1.8098
3 16 -2.95 0 -2.59 -2.5516 0 -1.8098 -2.7503 0 -1.6093
3 16 -2.95 0 -2.59 -2.7503 0 -1.6093 -2.8947 0 -1.3668
3 16 -2.95 0 -2.59 -2.8947 0 -1.3668 -2.95 0 -1.09
4 16 -0.0174 0 -1.2943 -0.0092 0 -1.2664 -0.0044 0 -1.0396 -0.7597 0 -0.3268
3 16 2.95 0 -1.19 2.95 0 2.59 2.8947 0 -0.9132
3 16 -2.95 0 -1.09 -2.8947 0 -0.8132 -2.95 0 2.59
3 16 -0.0044 0 -1.0396 -0.0496 0 -0.8173 -0.7597 0 -0.3268
3 16 2.8947 0 -0.9132 2.95 0 2.59 2.7503 0 -0.6707
3 16 -2.8947 0 -0.8132 -2.7503 0 -0.5707 -2.95 0 2.59
3 16 2.7503 0 -0.6707 2.95 0 2.59 2.5516 0 -0.4702
3 16 -2.7503 0 -0.5707 -2.5516 0 -0.3702 -2.95 0 2.59
3 16 2.5516 0 -0.4702 2.95 0 2.59 2.3218 0 -0.3064
3 16 -2.5516 0 -0.3702 -2.3218 0 -0.2064 -2.95 0 2.59
4 16 0.6187 0 -0.3364 0.6224 0 -0.3253 0.6332 0 -0.0921 0.6072 0 -0.3122
4 16 -0.7597 0 -0.3268 -0.0496 0 -0.8173 -0.1364 0 -0.6077 -0.2587 0 -0.4166
4 16 0.6072 0 -0.3122 0.6332 0 -0.0921 0.5901 0 0.1374 -0.2287 0 0.777
3 16 2.3218 0 -0.3064 1.2806 0 0.3851 2.0733 0 -0.1725
3 16 -2.3218 0 -0.2064 -2.0733 0 -0.0725 -2.95 0 2.59
4 16 -0.848 0 -0.1962 -0.7597 0 -0.3268 -0.2587 0 -0.4166 -0.7311 0 0.1991
3 16 2.0733 0 -0.1725 1.2806 0 0.3851 1.8129 0 -0.0636
3 16 -2.0733 0 -0.0725 -1.8129 0 0.0364 -2.95 0 2.59
3 16 1.8129 0 -0.0636 1.2806 0 0.3851 1.5446 0 0.024
4 16 -0.9198 0 -0.0559 -0.848 0 -0.1962 -0.7311 0 0.1991 -0.8654 0 0.4147
3 16 -0.9198 0 -0.0559 -0.8654 0 0.4147 -0.9733 0 0.0924
3 16 -1.2135 0 0.0318 -0.9733 0 0.0924 -1.2198 0 0.0441
3 16 1.5129 0 0.0364 1.2806 0 0.3851 1.2893 0 0.1094
3 16 -1.8129 0 0.0364 -1.5446 0 0.124 -2.95 0 2.59
4 16 -0.9733 0 0.0924 -0.8654 0 0.4147 -1.2733 0 0.1924 -1.2198 0 0.0441
3 16 -1.5446 0 0.124 -1.2733 0 0.1924 -2.95 0 2.59
4 16 0.5025 0 0.3537 0.3772 0 0.5507 -0.2287 0 0.777 0.5901 0 0.1374
4 16 1.2806 0 0.3851 1.5129 0 0.0364 1.5392 0 0.0254 1.5446 0 0.024
4 16 -0.8654 0 0.4147 -0.9541 0 0.6527 -2.95 0 2.59 -1.2733 0 0.1924
4 16 0.3772 0 0.5507 -0.1196 0 1.1981 -0.3421 0 0.9934 -0.2287 0 0.777
3 16 -0.9541 0 0.6527 -0.9891 0 0.9043 -2.95 0 2.59
3 16 1.1913 0 0.6679 2.95 0 2.59 1.0382 0 0.922
3 16 -0.9891 0 0.9043 -0.9607 0 1.1567 -2.95 0 2.59
3 16 1.0382 0 0.922 2.95 0 2.59 0.417 0 1.7316
3 16 -0.6431 0 1.0977 -0.5603 0 1.29 -0.6927 0 1.3324
3 16 -0.9607 0 1.1567 -0.8603 0 1.39 -2.95 0 2.59
4 16 -0.1196 0 1.1981 -0.2556 0 1.4173 -0.3927 0 1.2324 -0.3421 0 0.9934
4 16 -0.6927 0 1.3324 -0.5603 0 1.29 -0.388 0 1.4767 -0.688 0 1.5767
4 16 -0.2556 0 1.4173 -0.3445 0 1.6595 -0.388 0 1.4767 -0.3927 0 1.2324
3 16 -0.688 0 1.5767 -0.3777 0 1.9154 -0.3449 0 2.1714
4 16 -0.3777 0 1.9154 -0.688 0 1.5767 -0.388 0 1.4767 -0.3445 0 1.6595
4 16 0.2954 0 1.9665 0.417 0 1.7316 2.95 0 2.59 0.241 0 2.2254
3 16 -0.018 0 2.1303 0.0625 0 2.306 -0.059 0 2.3254
4 16 -0.059 0 2.3254 0.0625 0 2.306 0.2433 0 2.49 -0.0567 0 2.59
4 16 2.95 0 2.59 1.1913 0 0.6679 1.2806 0 0.3851 2.3218 0 -0.3064
3 16 2.95 0 2.59 0.2433 0 2.49 0.241 0 2.2254
3 16 2.95 0 2.59 -0.0567 0 2.59 0.2433 0 2.49
3 16 -2.95 0 2.59 -0.8603 0 1.39 -0.688 0 1.5767
4 16 -2.95 0 2.59 -0.688 0 1.5767 -0.3449 0 2.1714 -0.2375 0 2.406
3 16 -2.95 0 2.59 -0.2375 0 2.406 -0.0567 0 2.59
