0 ~Logo Ford Badge
0 Name: s\logofordl01.dat
0 Author: Massimo Maso [Sirio]
0 !LDRAW_ORG Unofficial_Subpart
0 !LICENSE Redistributable under CCAL version 2.0 : see CAreadme.txt

0 !HELP Points on the external edge are 120 linearly equally spaced
0 !HELP along a regular ellipse of axis X = 19; Z = 7.2

0 BFC CERTIFY CCW

0 // External ring
4 1 0 0 3.6 -0.3605 0 3.5974 0 0 3.225 0.3409 0 3.2227
4 1 -0.3605 0 3.5974 -0.7209 0 3.5896 -0.3408 0 3.2227 0 0 3.225
4 1 0.3605 0 3.5974 0 0 3.6 0.3409 0 3.2227 0.6816 0 3.2156
4 1 0.7209 0 3.5896 0.3605 0 3.5974 0.6816 0 3.2156 1.0222 0 3.2038
4 1 -1.0811 0 3.5766 -1.4412 0 3.5584 -1.3627 0 3.1872 -1.0222 0 3.2038
3 1 -1.0811 0 3.5766 -1.0222 0 3.2038 -0.6816 0 3.2156
4 1 1.0811 0 3.5766 0.7209 0 3.5896 1.0222 0 3.2038 1.3627 0 3.1872
4 1 1.4412 0 3.5584 1.0811 0 3.5766 1.3627 0 3.1872 1.7028 0 3.1658
4 1 1.4412 0 3.5584 1.7028 0 3.1658 2.0427 0 3.1395 1.8009 0 3.5348
4 1 2.1602 0 3.5057 1.8009 0 3.5348 2.0427 0 3.1395 2.519 0 3.4712
3 1 2.519 0 3.4712 2.0427 0 3.1395 2.382 0 3.1082
4 1 2.519 0 3.4712 2.382 0 3.1082 2.7209 0 3.0718 2.8772 0 3.4309
4 1 2.8772 0 3.4309 2.7209 0 3.0718 3.0592 0 3.0301 3.2348 0 3.3849
4 1 3.2348 0 3.3849 3.0592 0 3.0301 3.3968 0 2.983 3.5915 0 3.3329
4 1 3.5915 0 3.3329 3.3968 0 2.983 3.7335 0 2.9304 3.9472 0 3.2746
4 1 3.9472 0 3.2746 3.7335 0 2.9304 4.0693 0 2.8719 4.3018 0 3.2098
4 1 -0.6816 0 3.2156 -0.3408 0 3.2227 -0.7209 0 3.5896 -1.0811 0 3.5766
4 1 4.3018 0 3.2098 4.0693 0 2.8719 4.404 0 2.8074 4.6551 0 3.1382
4 1 -1.3627 0 3.1872 -1.4412 0 3.5584 -1.8009 0 3.5348 -1.7028 0 3.1658
4 1 -1.7028 0 3.1658 -1.8009 0 3.5348 -2.1602 0 3.5057 -2.0427 0 3.1395
4 1 -2.0427 0 3.1395 -2.1602 0 3.5057 -2.519 0 3.4712 -2.382 0 3.1082
4 1 4.6551 0 3.1382 4.404 0 2.8074 4.7373 0 2.7365 5.0069 0 3.0595
4 1 -2.382 0 3.1082 -2.519 0 3.4712 -2.8772 0 3.4309 -2.7209 0 3.0718
4 1 -2.7209 0 3.0718 -2.8772 0 3.4309 -3.2348 0 3.3849 -3.0592 0 3.0301
4 1 5.0069 0 3.0595 4.7373 0 2.7365 5.0692 0 2.6589 5.3569 0 2.9731
4 1 -3.0592 0 3.0301 -3.2348 0 3.3849 -3.5915 0 3.3329 -3.3968 0 2.983
4 1 -3.3968 0 2.983 -3.5915 0 3.3329 -3.9472 0 3.2746 -3.7335 0 2.9304
4 1 5.3569 0 2.9731 5.0692 0 2.6589 5.3993 0 2.5741 5.7048 0 2.8787
4 1 -3.7335 0 2.9304 -3.9472 0 3.2746 -4.3018 0 3.2098 -4.0693 0 2.8719
4 1 5.7048 0 2.8787 5.3993 0 2.5741 5.7274 0 2.4817 6.0502 0 2.7756
4 1 -4.0693 0 2.8719 -4.3018 0 3.2098 -4.6551 0 3.1382 -4.404 0 2.8074
4 1 -4.404 0 2.8074 -4.6551 0 3.1382 -5.0069 0 3.0595 -4.7373 0 2.7365
4 1 6.0502 0 2.7756 5.7274 0 2.4817 6.0531 0 2.3811 6.3927 0 2.663
4 1 -4.7373 0 2.7365 -5.0069 0 3.0595 -5.3569 0 2.9731 -5.0692 0 2.6589
4 1 6.3927 0 2.663 6.0531 0 2.3811 6.3758 0 2.2716 6.7316 0 2.5403
4 1 -5.0692 0 2.6589 -5.3569 0 2.9731 -5.7048 0 2.8787 -5.3994 0 2.5741
4 1 -5.3994 0 2.5741 -5.7048 0 2.8787 -6.0502 0 2.7756 -5.7274 0 2.4817
4 1 6.7316 0 2.5403 6.3758 0 2.2716 6.6951 0 2.1524 7.0662 0 2.4062
4 1 -5.7274 0 2.4817 -6.0502 0 2.7756 -6.3927 0 2.663 -6.0531 0 2.3811
4 1 7.0662 0 2.4062 6.6951 0 2.1524 7.0102 0 2.0223 7.3956 0 2.2596
4 1 -6.0531 0 2.3811 -6.3927 0 2.663 -6.7316 0 2.5403 -6.3758 0 2.2716
4 1 -6.3758 0 2.2716 -6.7316 0 2.5403 -7.0662 0 2.4062 -6.6951 0 2.1524
4 1 7.3956 0 2.2596 7.0102 0 2.0223 7.32 0 1.8802 7.7183 0 2.099
4 1 -6.6951 0 2.1524 -7.0662 0 2.4062 -7.3956 0 2.2596 -7.0102 0 2.0223
4 1 7.7183 0 2.099 7.32 0 1.8802 7.6231 0 1.7244 8.0324 0 1.9222
4 1 -7.0102 0 2.0223 -7.3956 0 2.2596 -7.7183 0 2.099 -7.32 0 1.8802
4 1 8.0324 0 1.9222 7.6231 0 1.7244 7.9177 0 1.5529 8.3355 0 1.727
4 1 -7.32 0 1.8802 -7.7183 0 2.099 -8.0324 0 1.9222 -7.6231 0 1.7244
4 1 8.3355 0 1.727 7.9177 0 1.5529 8.2007 0 1.363 8.6236 0 1.5103
4 1 -7.6231 0 1.7244 -8.0324 0 1.9222 -8.3355 0 1.727 -7.9177 0 1.5529
4 1 -7.9177 0 1.5529 -8.3355 0 1.727 -8.6236 0 1.5103 -8.2007 0 1.363
4 1 8.6236 0 1.5103 8.2007 0 1.363 8.4677 0 1.1511 8.8908 0 1.2684
4 1 -8.2007 0 1.363 -8.6236 0 1.5103 -8.8908 0 1.2684 -8.4677 0 1.1511
4 1 8.8908 0 1.2684 8.4677 0 1.1511 8.7113 0 0.9128 9.1283 0 0.9972
4 1 -8.4677 0 1.1511 -8.8908 0 1.2684 -9.1283 0 0.9972 -8.7113 0 0.9128
4 1 9.1283 0 0.9972 8.7113 0 0.9128 8.919 0 0.6425 9.3222 0 0.6933
4 1 -8.7113 0 0.9128 -9.1283 0 0.9972 -9.3222 0 0.6933 -8.919 0 0.6425
4 1 9.3222 0 0.6933 8.919 0 0.6425 9.0682 0 0.3361 9.4531 0 0.3574
4 1 -8.919 0 0.6425 -9.3222 0 0.6933 -9.4531 0 0.3574 -9.0682 0 0.3361
4 1 9.4531 0 0.3574 9.0682 0 0.3361 9.125 0 0 9.5 0 0
4 1 -9.0682 0 0.3361 -9.4531 0 0.3574 -9.5 0 0 -9.125 0 0
4 1 -9.125 0 0 -9.5 0 0 -9.4531 0 -0.3574 -9.0682 0 -0.3361
4 1 9.5 0 0 9.125 0 0 9.0682 0 -0.3361 9.4531 0 -0.3574
4 1 -9.0682 0 -0.3361 -9.4531 0 -0.3574 -9.3222 0 -0.6933 -8.919 0 -0.6425
4 1 9.4531 0 -0.3574 9.0682 0 -0.3361 8.919 0 -0.6425 9.3222 0 -0.6933
4 1 -8.919 0 -0.6425 -9.3222 0 -0.6933 -9.1283 0 -0.9972 -8.7113 0 -0.9128
4 1 9.3222 0 -0.6933 8.919 0 -0.6425 8.7113 0 -0.9128 9.1283 0 -0.9972
4 1 -8.7113 0 -0.9128 -9.1283 0 -0.9972 -8.8908 0 -1.2684 -8.4677 0 -1.1511
4 1 9.1283 0 -0.9972 8.7113 0 -0.9128 8.4677 0 -1.1511 8.8908 0 -1.2684
4 1 -8.4677 0 -1.1511 -8.8908 0 -1.2684 -8.6236 0 -1.5103 -8.2007 0 -1.363
4 1 8.8908 0 -1.2684 8.4677 0 -1.1511 8.2007 0 -1.363 8.6236 0 -1.5103
4 1 -8.2007 0 -1.363 -8.6236 0 -1.5103 -8.3355 0 -1.727 -7.9177 0 -1.5529
4 1 8.6236 0 -1.5103 8.2007 0 -1.363 7.9177 0 -1.5529 8.3355 0 -1.727
4 1 -7.9177 0 -1.5529 -8.3355 0 -1.727 -8.0324 0 -1.9222 -7.6231 0 -1.7244
4 1 -7.6231 0 -1.7244 -8.0324 0 -1.9222 -7.7183 0 -2.099 -7.32 0 -1.8802
4 1 8.3355 0 -1.727 7.9177 0 -1.5529 7.6231 0 -1.7244 8.0324 0 -1.9222
4 1 -7.32 0 -1.8802 -7.7183 0 -2.099 -7.3956 0 -2.2596 -7.0102 0 -2.0223
4 1 8.0324 0 -1.9222 7.6231 0 -1.7244 7.32 0 -1.8802 7.7183 0 -2.099
4 1 -7.0102 0 -2.0223 -7.3956 0 -2.2596 -7.0662 0 -2.4062 -6.6951 0 -2.1524
4 1 7.7183 0 -2.099 7.32 0 -1.8802 7.0102 0 -2.0223 7.3956 0 -2.2596
4 1 -6.6951 0 -2.1524 -7.0662 0 -2.4062 -6.7316 0 -2.5403 -6.3758 0 -2.2716
4 1 7.3956 0 -2.2596 7.0102 0 -2.0223 6.6951 0 -2.1524 7.0662 0 -2.4062
4 1 -6.3758 0 -2.2716 -6.7316 0 -2.5403 -6.3927 0 -2.663 -6.0531 0 -2.3811
4 1 -6.0531 0 -2.3811 -6.3927 0 -2.663 -6.0502 0 -2.7756 -5.7274 0 -2.4817
4 1 7.0662 0 -2.4062 6.6951 0 -2.1524 6.3758 0 -2.2716 6.7316 0 -2.5403
4 1 -5.7274 0 -2.4817 -6.0502 0 -2.7756 -5.7048 0 -2.8787 -5.3994 0 -2.5741
4 1 6.7316 0 -2.5403 6.3758 0 -2.2716 6.0531 0 -2.3811 6.3927 0 -2.663
4 1 -5.3994 0 -2.5741 -5.7048 0 -2.8787 -5.3569 0 -2.9731 -5.0692 0 -2.6589
4 1 -5.0692 0 -2.6589 -5.3569 0 -2.9731 -5.0069 0 -3.0595 -4.7373 0 -2.7365
4 1 6.3927 0 -2.663 6.0531 0 -2.3811 5.7274 0 -2.4817 6.0502 0 -2.7756
4 1 -4.7373 0 -2.7365 -5.0069 0 -3.0595 -4.6551 0 -3.1382 -4.404 0 -2.8074
4 1 6.0502 0 -2.7756 5.7274 0 -2.4817 5.3993 0 -2.5741 5.7048 0 -2.8787
4 1 -4.404 0 -2.8074 -4.6551 0 -3.1382 -4.3018 0 -3.2098 -4.0693 0 -2.8719
4 1 -4.0693 0 -2.8719 -4.3018 0 -3.2098 -3.9472 0 -3.2746 -3.7335 0 -2.9304
4 1 5.7048 0 -2.8787 5.3993 0 -2.5741 5.0692 0 -2.6589 5.3569 0 -2.9731
4 1 -3.7335 0 -2.9304 -3.9472 0 -3.2746 -3.5915 0 -3.3329 -3.3968 0 -2.983
4 1 5.3569 0 -2.9731 5.0692 0 -2.6589 4.7373 0 -2.7365 5.0069 0 -3.0595
4 1 -3.3968 0 -2.983 -3.5915 0 -3.3329 -3.2348 0 -3.3849 -3.0592 0 -3.0301
4 1 -3.0592 0 -3.0301 -3.2348 0 -3.3849 -2.8772 0 -3.4309 -2.7209 0 -3.0718
4 1 5.0069 0 -3.0595 4.7373 0 -2.7365 4.404 0 -2.8074 4.6551 0 -3.1382
4 1 -2.7209 0 -3.0718 -2.8772 0 -3.4309 -2.519 0 -3.4712 -2.382 0 -3.1082
4 1 -2.382 0 -3.1082 -2.519 0 -3.4712 -2.1602 0 -3.5057 -2.0427 0 -3.1395
4 1 4.6551 0 -3.1382 4.404 0 -2.8074 4.0693 0 -2.8719 4.3018 0 -3.2098
4 1 -2.0427 0 -3.1395 -2.1602 0 -3.5057 -1.8009 0 -3.5348 -1.7028 0 -3.1658
4 1 -1.7028 0 -3.1658 -1.8009 0 -3.5348 -1.4412 0 -3.5584 -1.3627 0 -3.1872
4 1 -1.3627 0 -3.1872 -1.4412 0 -3.5584 -1.0811 0 -3.5766 -1.0222 0 -3.2038
4 1 -1.0222 0 -3.2038 -1.0811 0 -3.5766 -0.7209 0 -3.5896 -0.6816 0 -3.2156
4 1 4.3018 0 -3.2098 4.0693 0 -2.8719 3.7335 0 -2.9304 3.9472 0 -3.2746
4 1 -0.6816 0 -3.2156 -0.7209 0 -3.5896 -0.3605 0 -3.5974 -0.3408 0 -3.2227
4 1 -0.3408 0 -3.2227 -0.3605 0 -3.5974 0 0 -3.6 0 0 -3.225
4 1 3.9472 0 -3.2746 3.7335 0 -2.9304 3.3968 0 -2.983 3.5915 0 -3.3329
4 1 3.5915 0 -3.3329 3.3968 0 -2.983 3.0592 0 -3.0301 3.2348 0 -3.3849
4 1 3.2348 0 -3.3849 3.0592 0 -3.0301 2.7209 0 -3.0718 2.8772 0 -3.4309
4 1 2.8772 0 -3.4309 2.7209 0 -3.0718 2.382 0 -3.1082 2.519 0 -3.4712
4 1 2.519 0 -3.4712 2.382 0 -3.1082 2.0427 0 -3.1395 2.1602 0 -3.5057
4 1 2.1602 0 -3.5057 2.0427 0 -3.1395 1.7028 0 -3.1658 1.8009 0 -3.5348
4 1 1.8009 0 -3.5348 1.7028 0 -3.1658 1.3627 0 -3.1872 1.4412 0 -3.5584
4 1 1.4412 0 -3.5584 1.3627 0 -3.1872 1.0222 0 -3.2038 1.0811 0 -3.5766
4 1 1.0811 0 -3.5766 1.0222 0 -3.2038 0.6816 0 -3.2156 0.7209 0 -3.5896
4 1 0.7209 0 -3.5896 0.6816 0 -3.2156 0.3409 0 -3.2227 0.3605 0 -3.5974
4 1 0.3605 0 -3.5974 0.3409 0 -3.2227 0 0 -3.225 0 0 -3.6
0 // Internal ring
4 15 0.3409 0 3.2227 0 0 3.225 0 0 2.975 0.3278 0 2.9728
4 15 0.3409 0 3.2227 0.3278 0 2.9728 0.6554 0 2.9662 0.6816 0 3.2156
4 15 -0.6816 0 3.2156 -1.0222 0 3.2038 -0.6554 0 2.9662 -0.3277 0 2.9728
4 15 0.6816 0 3.2156 0.6554 0 2.9662 0.983 0 2.9552 1.0222 0 3.2038
4 15 -1.0222 0 3.2038 -1.3627 0 3.1872 -0.9829 0 2.9552 -0.6554 0 2.9662
4 15 1.0222 0 3.2038 0.983 0 2.9552 1.3103 0 2.9397 1.3627 0 3.1872
4 15 -1.3627 0 3.1872 -1.7028 0 3.1658 -1.3103 0 2.9397 -0.9829 0 2.9552
4 15 1.3627 0 3.1872 1.3103 0 2.9397 1.6374 0 2.9197 1.7028 0 3.1658
4 15 -1.7028 0 3.1658 -2.0427 0 3.1395 -1.6374 0 2.9197 -1.3103 0 2.9397
4 15 1.7028 0 3.1658 1.6374 0 2.9197 1.9642 0 2.8952 2.0427 0 3.1395
4 15 -2.0427 0 3.1395 -2.382 0 3.1082 -1.9642 0 2.8952 -1.6374 0 2.9197
4 15 2.0427 0 3.1395 1.9642 0 2.8952 2.2907 0 2.866 2.382 0 3.1082
4 15 -2.382 0 3.1082 -2.7209 0 3.0718 -2.2907 0 2.866 -1.9642 0 2.8952
4 15 2.382 0 3.1082 2.2907 0 2.866 2.6166 0 2.832 2.7209 0 3.0718
4 15 -2.7209 0 3.0718 -3.0592 0 3.0301 -2.6166 0 2.832 -2.2907 0 2.866
4 15 2.7209 0 3.0718 2.6166 0 2.832 2.9421 0 2.7932 3.0592 0 3.0301
4 15 -3.0592 0 3.0301 -3.3968 0 2.983 -2.9421 0 2.7932 -2.6166 0 2.832
4 15 3.0592 0 3.0301 2.9421 0 2.7932 3.2668 0 2.7493 3.3968 0 2.983
4 15 -3.3968 0 2.983 -3.7335 0 2.9304 -3.2668 0 2.7493 -2.9421 0 2.7932
4 15 3.3968 0 2.983 3.2668 0 2.7493 3.5909 0 2.7003 3.7335 0 2.9304
4 15 0 0 2.975 0 0 3.225 -0.3408 0 3.2227 -0.6816 0 3.2156
3 15 0 0 2.975 -0.6816 0 3.2156 -0.3277 0 2.9728
4 15 -3.7335 0 2.9304 -4.0693 0 2.8719 -3.5909 0 2.7003 -3.2668 0 2.7493
4 15 3.7335 0 2.9304 3.5909 0 2.7003 3.9141 0 2.6459 4.0693 0 2.8719
4 15 -4.0693 0 2.8719 -4.404 0 2.8074 -3.9141 0 2.6459 -3.5909 0 2.7003
4 15 4.0693 0 2.8719 3.9141 0 2.6459 4.2363 0 2.5859 4.404 0 2.8074
4 15 -4.404 0 2.8074 -4.7373 0 2.7365 -4.2363 0 2.5859 -3.9141 0 2.6459
4 15 4.404 0 2.8074 4.2363 0 2.5859 4.5573 0 2.52 4.7373 0 2.7365
4 15 -4.7373 0 2.7365 -5.0692 0 2.6589 -4.5573 0 2.52 -4.2363 0 2.5859
4 15 4.7373 0 2.7365 4.5573 0 2.52 4.877 0 2.4479 5.0692 0 2.6589
4 15 -5.0692 0 2.6589 -5.3994 0 2.5741 -4.877 0 2.4479 -4.5573 0 2.52
4 15 5.0692 0 2.6589 4.877 0 2.4479 5.1952 0 2.3694 5.3993 0 2.5741
4 15 -5.3994 0 2.5741 -5.7274 0 2.4817 -5.1952 0 2.3694 -4.877 0 2.4479
4 15 5.3993 0 2.5741 5.1952 0 2.3694 5.5115 0 2.2838 5.7274 0 2.4817
4 15 -5.7274 0 2.4817 -6.0531 0 2.3811 -5.5115 0 2.2838 -5.1952 0 2.3694
4 15 5.7274 0 2.4817 5.5115 0 2.2838 5.8258 0 2.1908 6.0531 0 2.3811
4 15 -6.0531 0 2.3811 -6.3758 0 2.2716 -5.8258 0 2.1908 -5.5115 0 2.2838
4 15 6.0531 0 2.3811 5.8258 0 2.1908 6.1376 0 2.0897 6.3758 0 2.2716
4 15 -6.3758 0 2.2716 -6.6951 0 2.1524 -6.1376 0 2.0897 -5.8258 0 2.1908
4 15 6.3758 0 2.2716 6.1376 0 2.0897 6.4463 0 1.9799 6.6951 0 2.1524
4 15 -6.6951 0 2.1524 -7.0102 0 2.0223 -6.4463 0 1.9799 -6.1376 0 2.0897
4 15 6.6951 0 2.1524 6.4463 0 1.9799 6.7515 0 1.8603 7.0102 0 2.0223
4 15 -7.0102 0 2.0223 -7.32 0 1.8802 -6.7515 0 1.8603 -6.4463 0 1.9799
4 15 7.0102 0 2.0223 6.7515 0 1.8603 7.0522 0 1.7299 7.32 0 1.8802
4 15 7.32 0 1.8802 7.0522 0 1.7299 7.3473 0 1.5874 7.6231 0 1.7244
4 15 -7.0521 0 1.7299 -6.7515 0 1.8603 -7.32 0 1.8802 -7.6231 0 1.7244
4 15 7.6231 0 1.7244 7.3473 0 1.5874 7.6352 0 1.4309 7.9177 0 1.5529
4 15 -7.3473 0 1.5874 -7.0521 0 1.7299 -7.6231 0 1.7244 -7.9177 0 1.5529
4 15 7.9177 0 1.5529 7.6352 0 1.4309 7.9137 0 1.2581 8.2007 0 1.363
4 15 -7.6352 0 1.4309 -7.3473 0 1.5874 -7.9177 0 1.5529 -8.2007 0 1.363
4 15 8.2007 0 1.363 7.9137 0 1.2581 8.1791 0 1.0658 8.4677 0 1.1511
4 15 -7.9137 0 1.2581 -7.6352 0 1.4309 -8.2007 0 1.363 -8.4677 0 1.1511
4 15 8.4677 0 1.1511 8.1791 0 1.0658 8.4255 0 0.8498 8.7113 0 0.9128
4 15 -8.1791 0 1.0658 -7.9137 0 1.2581 -8.4677 0 1.1511 -8.7113 0 0.9128
4 15 8.7113 0 0.9128 8.4255 0 0.8498 8.6421 0 0.6038 8.919 0 0.6425
4 15 -8.4255 0 0.8498 -8.1791 0 1.0658 -8.7113 0 0.9128 -8.919 0 0.6425
4 15 8.919 0 0.6425 8.6421 0 0.6038 8.8071 0 0.3206 9.0682 0 0.3361
4 15 -8.6421 0 0.6038 -8.4255 0 0.8498 -8.919 0 0.6425 -9.0682 0 0.3361
4 15 9.0682 0 0.3361 8.8071 0 0.3206 8.875 0 0 9.125 0 0
4 15 -8.807 0 0.3206 -8.6421 0 0.6038 -9.0682 0 0.3361 -9.125 0 0
4 15 -8.875 0 0 -8.807 0 0.3206 -9.125 0 0 -9.0682 0 -0.3361
4 15 9.125 0 0 8.875 0 0 8.8071 0 -0.3206 9.0682 0 -0.3361
4 15 -8.807 0 -0.3206 -8.875 0 0 -9.0682 0 -0.3361 -8.919 0 -0.6425
4 15 9.0682 0 -0.3361 8.8071 0 -0.3206 8.6421 0 -0.6038 8.919 0 -0.6425
4 15 -8.6421 0 -0.6038 -8.807 0 -0.3206 -8.919 0 -0.6425 -8.7113 0 -0.9128
4 15 8.919 0 -0.6425 8.6421 0 -0.6038 8.4255 0 -0.8498 8.7113 0 -0.9128
4 15 -8.4255 0 -0.8498 -8.6421 0 -0.6038 -8.7113 0 -0.9128 -8.4677 0 -1.1511
4 15 8.7113 0 -0.9128 8.4255 0 -0.8498 8.1791 0 -1.0658 8.4677 0 -1.1511
4 15 -8.1791 0 -1.0658 -8.4255 0 -0.8498 -8.4677 0 -1.1511 -8.2007 0 -1.363
4 15 8.4677 0 -1.1511 8.1791 0 -1.0658 7.9137 0 -1.2581 8.2007 0 -1.363
4 15 -7.9137 0 -1.2581 -8.1791 0 -1.0658 -8.2007 0 -1.363 -7.9177 0 -1.5529
4 15 8.2007 0 -1.363 7.9137 0 -1.2581 7.6352 0 -1.4309 7.9177 0 -1.5529
4 15 -7.6352 0 -1.4309 -7.9137 0 -1.2581 -7.9177 0 -1.5529 -7.6231 0 -1.7244
4 15 7.9177 0 -1.5529 7.6352 0 -1.4309 7.3473 0 -1.5874 7.6231 0 -1.7244
4 15 -7.3473 0 -1.5874 -7.6352 0 -1.4309 -7.6231 0 -1.7244 -7.32 0 -1.8802
4 15 7.6231 0 -1.7244 7.3473 0 -1.5874 7.0522 0 -1.7299 7.32 0 -1.8802
4 15 -7.0521 0 -1.7299 -7.3473 0 -1.5874 -7.32 0 -1.8802 -7.0102 0 -2.0223
4 15 -6.7515 0 -1.8603 -7.0521 0 -1.7299 -7.0102 0 -2.0223 -6.6951 0 -2.1524
4 15 7.32 0 -1.8802 7.0522 0 -1.7299 6.7515 0 -1.8603 7.0102 0 -2.0223
4 15 -6.4463 0 -1.9799 -6.7515 0 -1.8603 -6.6951 0 -2.1524 -6.3758 0 -2.2716
4 15 7.0102 0 -2.0223 6.7515 0 -1.8603 6.4463 0 -1.9799 6.6951 0 -2.1524
4 15 -6.1376 0 -2.0897 -6.4463 0 -1.9799 -6.3758 0 -2.2716 -6.0531 0 -2.3811
4 15 6.6951 0 -2.1524 6.4463 0 -1.9799 6.1376 0 -2.0897 6.3758 0 -2.2716
4 15 -5.8258 0 -2.1908 -6.1376 0 -2.0897 -6.0531 0 -2.3811 -5.7274 0 -2.4817
4 15 6.3758 0 -2.2716 6.1376 0 -2.0897 5.8258 0 -2.1908 6.0531 0 -2.3811
4 15 -5.5115 0 -2.2838 -5.8258 0 -2.1908 -5.7274 0 -2.4817 -5.3994 0 -2.5741
4 15 -5.1952 0 -2.3694 -5.5115 0 -2.2838 -5.3994 0 -2.5741 -5.0692 0 -2.6589
4 15 6.0531 0 -2.3811 5.8258 0 -2.1908 5.5115 0 -2.2838 5.7274 0 -2.4817
4 15 -4.877 0 -2.4479 -5.1952 0 -2.3694 -5.0692 0 -2.6589 -4.7373 0 -2.7365
4 15 5.7274 0 -2.4817 5.5115 0 -2.2838 5.1952 0 -2.3694 5.3993 0 -2.5741
4 15 -4.5573 0 -2.52 -4.877 0 -2.4479 -4.7373 0 -2.7365 -4.404 0 -2.8074
4 15 5.3993 0 -2.5741 5.1952 0 -2.3694 4.877 0 -2.4479 5.0692 0 -2.6589
4 15 -4.2363 0 -2.5859 -4.5573 0 -2.52 -4.404 0 -2.8074 -4.0693 0 -2.8719
4 15 -3.9141 0 -2.6459 -4.2363 0 -2.5859 -4.0693 0 -2.8719 -3.7335 0 -2.9304
4 15 5.0692 0 -2.6589 4.877 0 -2.4479 4.5573 0 -2.52 4.7373 0 -2.7365
4 15 -3.5909 0 -2.7003 -3.9141 0 -2.6459 -3.7335 0 -2.9304 -3.3968 0 -2.983
4 15 4.7373 0 -2.7365 4.5573 0 -2.52 4.2363 0 -2.5859 4.404 0 -2.8074
4 15 -3.2668 0 -2.7493 -3.5909 0 -2.7003 -3.3968 0 -2.983 -3.0592 0 -3.0301
4 15 -2.9421 0 -2.7932 -3.2668 0 -2.7493 -3.0592 0 -3.0301 -2.7209 0 -3.0718
4 15 4.404 0 -2.8074 4.2363 0 -2.5859 3.9141 0 -2.6459 4.0693 0 -2.8719
4 15 -2.6166 0 -2.832 -2.9421 0 -2.7932 -2.7209 0 -3.0718 -2.382 0 -3.1082
4 15 -2.2907 0 -2.866 -2.6166 0 -2.832 -2.382 0 -3.1082 -2.0427 0 -3.1395
4 15 4.0693 0 -2.8719 3.9141 0 -2.6459 3.5909 0 -2.7003 3.7335 0 -2.9304
4 15 -1.9642 0 -2.8952 -2.2907 0 -2.866 -2.0427 0 -3.1395 -1.7028 0 -3.1658
4 15 -1.6374 0 -2.9197 -1.9642 0 -2.8952 -1.7028 0 -3.1658 -1.3627 0 -3.1872
4 15 3.7335 0 -2.9304 3.5909 0 -2.7003 3.2668 0 -2.7493 3.3968 0 -2.983
4 15 -1.3103 0 -2.9397 -1.6374 0 -2.9197 -1.3627 0 -3.1872 -1.0222 0 -3.2038
4 15 -0.9829 0 -2.9552 -1.3103 0 -2.9397 -1.0222 0 -3.2038 -0.6816 0 -3.2156
4 15 -0.6554 0 -2.9662 -0.9829 0 -2.9552 -0.6816 0 -3.2156 -0.3408 0 -3.2227
4 15 -0.3277 0 -2.9728 -0.6554 0 -2.9662 -0.3408 0 -3.2227 0 0 -3.225
3 15 0.3278 0 -2.9728 0 0 -2.975 0.3409 0 -3.2227
4 15 0 0 -2.975 -0.3277 0 -2.9728 0 0 -3.225 0.3409 0 -3.2227
4 15 3.3968 0 -2.983 3.2668 0 -2.7493 2.9421 0 -2.7932 3.0592 0 -3.0301
4 15 3.0592 0 -3.0301 2.9421 0 -2.7932 2.6166 0 -2.832 2.7209 0 -3.0718
4 15 2.7209 0 -3.0718 2.6166 0 -2.832 2.2907 0 -2.866 2.382 0 -3.1082
4 15 2.382 0 -3.1082 2.2907 0 -2.866 1.9642 0 -2.8952 2.0427 0 -3.1395
4 15 2.0427 0 -3.1395 1.9642 0 -2.8952 1.6374 0 -2.9197 1.7028 0 -3.1658
4 15 1.7028 0 -3.1658 1.6374 0 -2.9197 1.3103 0 -2.9397 1.3627 0 -3.1872
4 15 1.3627 0 -3.1872 1.3103 0 -2.9397 0.983 0 -2.9552 1.0222 0 -3.2038
4 15 1.0222 0 -3.2038 0.983 0 -2.9552 0.6554 0 -2.9662 0.6816 0 -3.2156
4 15 0.6816 0 -3.2156 0.6554 0 -2.9662 0.3278 0 -2.9728 0.3409 0 -3.2227
0 // Central disc
4 1 0 0 2.975 -0.3277 0 2.9728 -0.1463 0 2.1469 0.3278 0 2.9728
4 1 0.3278 0 2.9728 -0.1463 0 2.1469 0.6356 0 2.0652 0.6554 0 2.9662
4 1 -0.9829 0 2.9552 -1.3103 0 2.9397 -1.1216 0 2.2986 -0.1463 0 2.1469
4 1 0.983 0 2.9552 0.6554 0 2.9662 0.6356 0 2.0652 1.1463 0 2.0412
4 1 -1.3103 0 2.9397 -1.6374 0 2.9197 -1.6312 0 2.3646 -1.1216 0 2.2986
4 1 1.3103 0 2.9397 0.983 0 2.9552 1.1463 0 2.0412 1.6506 0 2.0412
4 1 1.6374 0 2.9197 1.3103 0 2.9397 1.6506 0 2.0412 2.1068 0 2.0699
4 1 1.9642 0 2.8952 1.6374 0 2.9197 2.1068 0 2.0699 2.1639 0 2.078
4 1 2.6166 0 2.832 2.2907 0 2.866 2.439 0 2.1324 2.5078 0 2.1441
3 1 2.6166 0 2.832 2.5624 0 2.1454 2.6133 0 2.1417
3 1 2.6166 0 2.832 2.5078 0 2.1441 2.5624 0 2.1454
4 1 2.6166 0 2.832 2.6133 0 2.1417 2.6364 0 2.1359 2.9421 0 2.7932
4 1 -3.2668 0 2.7493 -3.5909 0 2.7003 -3.3276 0 2.2021 -2.9155 0 2.3128
4 1 3.2668 0 2.7493 2.9421 0 2.7932 2.6364 0 2.1359 2.6512 0 2.1295
4 1 3.2668 0 2.7493 2.6613 0 2.1229 2.6687 0 2.1158 3.5909 0 2.7003
4 1 3.5909 0 2.7003 2.6687 0 2.1158 2.6721 0 2.1114 3.9141 0 2.6459
4 1 3.9141 0 2.6459 2.6721 0 2.1114 2.6771 0 2.1029 4.2363 0 2.5859
4 1 4.2363 0 2.5859 2.6771 0 2.1029 2.6808 0 2.0932 4.5573 0 2.52
4 1 4.5573 0 2.52 2.6808 0 2.0932 2.6838 0 2.077 4.877 0 2.4479
4 1 -2.0901 0 2.3845 -1.9642 0 2.8952 -2.2907 0 2.866 -2.4122 0 2.3748
4 1 -2.4122 0 2.3748 -2.2907 0 2.866 -2.6166 0 2.832 -2.9155 0 2.3128
4 1 -5.1952 0 2.3694 -5.5115 0 2.2838 -4.1042 0 1.6335 -3.9916 0 1.784
4 1 5.1952 0 2.3694 4.877 0 2.4479 2.6838 0 2.077 5.5115 0 2.2838
4 1 -1.6312 0 2.3646 -1.6374 0 2.9197 -1.9642 0 2.8952 -2.0901 0 2.3845
4 1 -2.9155 0 2.3128 -2.6166 0 2.832 -2.9421 0 2.7932 -3.2668 0 2.7493
4 1 -5.5115 0 2.2838 -5.8258 0 2.1908 -4.1817 0 1.4775 -4.1042 0 1.6335
4 1 5.5115 0 2.2838 2.6838 0 2.077 2.6849 0 2.0473 5.8258 0 2.1908
4 1 -2.1085 0 2.2128 -2.5911 0 2.1811 -2.651 0 1.4874 -2.6453 0 1.4854
3 1 -2.1085 0 2.2128 -2.6453 0 1.4854 -2.6417 0 1.4834
4 1 -2.1085 0 2.2128 -2.6417 0 1.4834 -2.63 0 1.4719 -1.9832 0 2.2089
4 1 -1.9832 0 2.2089 -2.63 0 1.4719 -2.6226 0 1.4615 -1.5399 0 2.153
4 1 -3.3276 0 2.2021 -3.5909 0 2.7003 -3.9141 0 2.6459 -3.6246 0 2.0695
4 1 -5.8258 0 2.1908 -6.1376 0 2.0897 -4.2275 0 1.3144 -4.1817 0 1.4775
4 1 -2.5911 0 2.1811 -2.9876 0 2.0939 -2.6819 0 1.4865 -2.6696 0 1.4887
4 1 -1.5399 0 2.153 -2.6226 0 1.4615 -2.6178 0 1.4515 -0.9714 0 1.9588
4 1 -0.1463 0 2.1469 -0.3277 0 2.9728 -0.6554 0 2.9662 -0.9829 0 2.9552
4 1 2.439 0 2.1324 2.2907 0 2.866 1.9642 0 2.8952 2.1639 0 2.078
3 1 2.6512 0 2.1295 2.6613 0 2.1229 3.2668 0 2.7493
4 1 -2.9876 0 2.0939 -3.2722 0 1.978 -2.7046 0 1.4757 -2.6942 0 1.4819
4 1 6.1376 0 2.0897 5.8258 0 2.1908 2.6849 0 2.0473 4.8731 0 1.1217
4 1 -3.6246 0 2.0695 -3.9141 0 2.6459 -4.2363 0 2.5859 -3.8355 0 1.9301
4 1 2.6849 0 2.0473 2.6833 0 2.0305 3.432 0 0.1962 3.5676 0 0.2023
4 1 2.6849 0 2.0473 3.68 0 0.1901 3.7617 0 0.1654 4.8731 0 1.1217
4 1 2.6833 0 2.0305 2.6771 0 2.0088 2.1689 0 0.1157 2.2028 0 0.0737
4 1 2.6771 0 2.0088 2.6624 0 1.979 2.0734 0 0.1815 2.1273 0 0.1511
4 1 -0.8959 0 1.9957 -0.8702 0 2.0105 -1.5399 0 2.153 -0.9714 0 1.9588
3 1 -0.8959 0 1.9957 -0.8581 0 2.0077 -0.8702 0 2.0105
4 1 6.4463 0 1.9799 6.1376 0 2.0897 4.8731 0 1.1217 5.3573 0 1.1217
4 1 -3.2722 0 1.978 -3.4807 0 1.8444 -2.7215 0 1.4579 -2.7136 0 1.4678
3 1 -3.2722 0 1.978 -2.7136 0 1.4678 -2.7046 0 1.4757
4 1 -0.9714 0 1.9588 -2.6178 0 1.4515 -2.6157 0 1.4442 -1.2268 0 1.7817
3 1 -0.7725 0 1.9479 -0.7726 0 1.9351 -0.2415 0 1.814
4 1 2.629 0 1.9342 2.5507 0 1.8607 1.1917 0 0.1687 1.2241 0 0.1371
4 1 2.629 0 1.9342 1.2241 0 0.1371 1.2498 0 0.1002 1.7901 0 0.2067
4 1 -3.8355 0 1.9301 -4.2363 0 2.5859 -4.5573 0 2.52 -3.9916 0 1.784
4 1 -0.7784 0 1.9123 -0.782 0 1.9068 -0.6489 0 1.2735 -0.6155 0 1.2505
4 1 -0.782 0 1.9068 -0.8253 0 1.8573 -0.7231 0 1.2994 -0.6869 0 1.2903
4 1 6.7515 0 1.8603 6.4463 0 1.9799 5.3573 0 1.1217 5.0167 0 -0.7809
3 1 6.7515 0 1.8603 5.0242 0 -0.7788 5.0341 0 -0.7793
3 1 6.7515 0 1.8603 5.0341 0 -0.7793 5.0482 0 -0.783
3 1 6.7515 0 1.8603 5.0167 0 -0.7809 5.0242 0 -0.7788
4 1 6.7515 0 1.8603 5.0482 0 -0.783 5.0635 0 -0.7899 7.0522 0 1.7299
4 1 -0.8253 0 1.8573 -0.8702 0 1.8143 -0.783 0 1.3029 -0.7298 0 1.3004
4 1 -3.4807 0 1.8444 -3.6084 0 1.7243 -3.1015 0 1.0864 -2.9233 0 1.2099
4 1 -0.8702 0 1.8143 -1.201 0 1.5282 -0.8814 0 1.2799 -0.8332 0 1.2961
3 1 -0.8702 0 1.8143 -0.8332 0 1.2961 -0.783 0 1.3029
3 1 -0.2415 0 1.814 -0.7942 0 1.9915 -0.7848 0 1.9807
3 1 -0.2415 0 1.814 -0.7848 0 1.9807 -0.7786 0 1.9704
3 1 -0.2415 0 1.814 -0.7786 0 1.9704 -0.7746 0 1.9597
3 1 -0.2415 0 1.814 -0.7746 0 1.9597 -0.7725 0 1.9479
4 1 -0.2415 0 1.814 -0.7726 0 1.9351 -0.7753 0 1.9213 0.4214 0 1.6169
4 1 -3.9916 0 1.784 -4.5573 0 2.52 -4.877 0 2.4479 -5.1952 0 2.3694
4 1 -1.2268 0 1.7817 -2.6157 0 1.4442 -2.6142 0 1.4332 -1.5602 0 1.4829
4 1 7.0522 0 1.7299 5.0635 0 -0.7899 5.0788 0 -0.8004 7.3473 0 1.5874
4 1 -3.6084 0 1.7243 -3.6951 0 1.608 -3.4399 0 0.9627 -3.4019 0 0.9685
4 1 0.4214 0 1.6169 -0.7753 0 1.9213 -0.7784 0 1.9123 -0.6155 0 1.2505
3 1 0.4214 0 1.6169 -0.6155 0 1.2505 -0.5897 0 1.2251
3 1 0.4214 0 1.6169 -0.5897 0 1.2251 -0.5667 0 1.1926
4 1 0.4214 0 1.6169 -0.5667 0 1.1926 -0.5503 0 1.1566 0.9621 0 1.5098
4 1 7.3473 0 1.5874 5.0788 0 -0.8004 5.0878 0 -0.8093 7.6352 0 1.4309
4 1 -1.201 0 1.5282 -1.5089 0 1.1869 -1.0056 0 1.1743 -0.9641 0 1.2233
4 1 0.9621 0 1.5098 -0.5647 0 0.9701 -0.6144 0 0.8674 -0.7171 0 0.5086
4 1 0.9621 0 1.5098 -0.7171 0 0.5086 -0.3495 0 0.1656 -0.3228 0 0.1645
3 1 0.9621 0 1.5098 -0.3228 0 0.1645 -0.3091 0 0.1616
3 1 0.9621 0 1.5098 -0.3091 0 0.1616 -0.2972 0 0.1568
3 1 0.9621 0 1.5098 -0.2972 0 0.1568 -0.2845 0 0.1487
3 1 0.9621 0 1.5098 -0.2845 0 0.1487 -0.276 0 0.1411
4 1 0.9621 0 1.5098 -0.276 0 0.1411 -0.2246 0 0.0792 1.4159 0 1.4772
3 1 -2.659 0 1.4888 -2.651 0 1.4874 -2.5911 0 2.1811
3 1 -2.6696 0 1.4887 -2.659 0 1.4888 -2.5911 0 2.1811
4 1 -1.5602 0 1.4829 -2.6148 0 1.4215 -2.6172 0 1.4098 -1.9061 0 1.1025
3 1 -2.6942 0 1.4819 -2.6819 0 1.4865 -2.9876 0 2.0939
3 1 1.4159 0 1.4772 0.8826 0 0.2452 1.0264 0 0.2365
3 1 1.4159 0 1.4772 0.8107 0 0.2423 0.8826 0 0.2452
4 1 1.4159 0 1.4772 -0.2246 0 0.0792 -0.1672 0 -0.0229 0.7672 0 0.2333
3 1 -2.7276 0 1.4466 -2.7215 0 1.4579 -3.4807 0 1.8444
4 1 7.6352 0 1.4309 5.0878 0 -0.8093 5.0936 0 -0.8175 7.9137 0 1.2581
3 1 -2.6148 0 1.4215 -1.5602 0 1.4829 -2.6142 0 1.4332
3 1 -2.6172 0 1.4098 -2.6355 0 1.3296 -1.9061 0 1.1025
4 1 -2.7574 0 1.3904 -2.7276 0 1.4466 -3.4807 0 1.8444 -2.8132 0 1.3162
3 1 -2.8132 0 1.3162 -3.4807 0 1.8444 -2.9233 0 1.2099
4 1 -4.2275 0 1.3144 -6.1376 0 2.0897 -6.4463 0 1.9799 -6.7515 0 1.8603
4 1 -4.2275 0 1.3144 -6.7515 0 1.8603 -7.0521 0 1.7299 -4.2416 0 1.1647
3 1 -0.7231 0 1.2994 -0.8253 0 1.8573 -0.7298 0 1.3004
3 1 -0.6489 0 1.2735 -0.782 0 1.9068 -0.6869 0 1.2903
3 1 -0.9236 0 1.2564 -0.8814 0 1.2799 -1.201 0 1.5282
3 1 -0.9641 0 1.2233 -0.9236 0 1.2564 -1.201 0 1.5282
3 1 -1.0056 0 1.1743 -1.5089 0 1.1869 -1.0411 0 1.1124
4 1 -3.784 0 1.1738 -3.7662 0 1.1233 -3.6256 0 0.9861 -3.5736 0 0.9692
4 1 -0.7408 0 1.1652 -0.7478 0 1.1647 -0.6804 0 1.0911 -0.6871 0 1.1176
4 1 -4.2416 0 1.1647 -7.0521 0 1.7299 -7.3473 0 1.5874 -7.6352 0 1.4309
4 1 -4.2416 0 1.1647 -7.6352 0 1.4309 -7.9137 0 1.2581 -8.1791 0 1.0658
3 1 -0.7237 0 1.1624 -0.732 0 1.1646 -0.7162 0 1.1588
4 1 -0.7162 0 1.1588 -0.732 0 1.1646 -0.7408 0 1.1652 -0.7092 0 1.1538
3 1 -0.5503 0 1.1566 -0.5412 0 1.1189 0.9621 0 1.5098
4 1 -0.7024 0 1.1466 -0.7092 0 1.1538 -0.7408 0 1.1652 -0.694 0 1.1339
3 1 -0.694 0 1.1339 -0.7408 0 1.1652 -0.6871 0 1.1176
3 1 4.8731 0 1.1217 3.7617 0 0.1654 3.8346 0 0.1278
3 1 4.8731 0 1.1217 3.8346 0 0.1278 3.8956 0 0.0808
3 1 4.8731 0 1.1217 3.8956 0 0.0808 3.9575 0 0.0131
3 1 4.8731 0 1.1217 3.9575 0 0.0131 4.0233 0 -0.0917
3 1 4.8731 0 1.1217 4.0233 0 -0.0917 4.0823 0 -0.2146
3 1 5.3573 0 1.1217 5.0085 0 -0.7853 5.0167 0 -0.7809
3 1 5.3573 0 1.1217 4.9926 0 -0.7979 5.0085 0 -0.7853
3 1 5.3573 0 1.1217 4.9804 0 -0.81 4.9926 0 -0.7979
3 1 -0.5412 0 1.1189 -0.5392 0 1.091 0.9621 0 1.5098
4 1 -1.9061 0 1.1025 -2.6355 0 1.3296 -2.7048 0 1.1635 -2.2434 0 0.6435
4 1 -0.6804 0 1.0911 -0.7478 0 1.1647 -0.8063 0 1.1474 -0.838 0 1.1311
4 1 -0.6804 0 1.0911 -0.838 0 1.1311 -0.8638 0 1.1112 -0.8853 0 1.0867
3 1 -0.5392 0 1.091 -0.5438 0 1.0441 0.9621 0 1.5098
4 1 -0.679 0 1.0778 -0.6804 0 1.0911 -0.8853 0 1.0867 -0.9024 0 1.0582
4 1 -4.2369 0 1.0731 -4.2416 0 1.1647 -8.1791 0 1.0658 -8.4255 0 0.8498
4 1 -4.2369 0 1.0731 -8.4255 0 0.8498 -8.6421 0 0.6038 -4.2093 0 0.9462
4 1 8.1791 0 1.0658 7.9137 0 1.2581 5.0936 0 -0.8175 5.0973 0 -0.8252
4 1 -0.6799 0 1.0524 -0.679 0 1.0778 -0.9024 0 1.0582 -0.6868 0 1.0174
3 1 -0.5438 0 1.0441 -0.5647 0 0.9701 0.9621 0 1.5098
3 1 -3.709 0 1.0415 -3.6705 0 1.0104 -3.742 0 1.0806
4 1 -1.0709 0 1.0299 -1.0411 0 1.1124 -1.5089 0 1.1869 -1.7932 0 0.783
4 1 -0.6868 0 1.0174 -0.9024 0 1.0582 -0.9166 0 1.0217 -0.706 0 0.9647
4 1 -0.9195 0 1.0113 -0.9359 0 0.9352 -0.7946 0 0.8402 -0.7663 0 0.8704
4 1 -3.2852 0 1.0002 -3.1015 0 1.0864 -3.6084 0 1.7243 -3.4019 0 0.9685
4 1 -3.6256 0 0.9861 -3.7662 0 1.1233 -3.742 0 1.0806 -3.6705 0 1.0104
3 1 -3.5736 0 0.9692 -3.5125 0 0.9605 -3.784 0 1.1738
4 1 -0.706 0 0.9647 -0.9166 0 1.0217 -0.9195 0 1.0113 -0.7433 0 0.8987
4 1 -3.4399 0 0.9627 -3.6951 0 1.608 -3.7399 0 1.5228 -3.7802 0 1.4014
4 1 -3.4399 0 0.9627 -3.7802 0 1.4014 -3.7948 0 1.2851 -3.5125 0 0.9605
4 1 -3.5125 0 0.9605 -3.7948 0 1.2851 -3.7942 0 1.2381 -3.784 0 1.1738
4 1 -4.2093 0 0.9462 -8.6421 0 0.6038 -8.807 0 0.3206 -8.807 0 -0.3206
3 1 -4.2093 0 0.9462 -8.807 0 -0.3206 -4.1608 0 0.8306
4 1 -1.0909 0 0.9071 -1.0709 0 1.0299 -1.7932 0 0.783 -1.8633 0 0.668
3 1 -0.7433 0 0.8987 -0.9195 0 1.0113 -0.7663 0 0.8704
4 1 8.4255 0 0.8498 8.1791 0 1.0658 5.0973 0 -0.8252 8.6421 0 0.6038
4 1 -0.7946 0 0.8402 -0.9359 0 0.9352 -0.9371 0 0.87 -0.8425 0 0.7992
4 1 -1.0848 0 0.8366 -1.0909 0 0.9071 -1.8633 0 0.668 -1.4802 0 0.7002
3 1 -1.0848 0 0.8366 -1.4802 0 0.7002 -1.0664 0 0.76
4 1 -0.8425 0 0.7992 -0.9371 0 0.87 -0.9225 0 0.7848 -0.8716 0 0.7821
3 1 -0.6695 0 0.7903 -0.7171 0 0.5086 -0.6144 0 0.8674
3 1 -0.9225 0 0.7848 -0.9195 0 0.7724 -0.9061 0 0.7723
4 1 -0.892 0 0.7748 -0.8716 0 0.7821 -0.9225 0 0.7848 -0.9061 0 0.7723
3 1 -0.6986 0 0.76 -0.7171 0 0.5086 -0.6695 0 0.7903
3 1 -4.0972 0 0.7324 -4.1608 0 0.8306 -8.807 0 -0.3206
4 1 -0.7869 0 0.6965 -0.8887 0 0.6375 -0.8873 0 0.6232 -0.8835 0 0.6096
4 1 -0.7869 0 0.6965 -0.8835 0 0.6096 -0.8767 0 0.5955 -0.8662 0 0.5804
4 1 -0.7869 0 0.6965 -0.8662 0 0.5804 -0.8468 0 0.5608 -0.8178 0 0.5405
4 1 -0.7869 0 0.6965 -0.8178 0 0.5405 -0.7828 0 0.5238 -0.7394 0 0.5116
3 1 -4.0184 0 0.6485 -4.0972 0 0.7324 -8.807 0 -0.3206
3 1 -4.0184 0 0.6485 -8.807 0 -0.3206 -3.9373 0 0.5885
4 1 -2.2434 0 0.6435 -2.7048 0 1.1635 -2.8283 0 0.9665 -2.5327 0 0.6047
4 1 -2.5327 0 0.6047 -2.8283 0 0.9665 -2.999 0 0.7775 -2.8672 0 0.526
4 1 8.6421 0 0.6038 5.0973 0 -0.8252 5.0993 0 -0.8325 8.8071 0 0.3206
4 1 -1.0174 0 0.5945 -1.4119 0 0.5355 -1.1693 0 0.104 -1.002 0 0.1582
3 1 -1.0174 0 0.5945 -1.002 0 0.1582 -0.9987 0 0.5552
3 1 -0.9987 0 0.5552 -1.002 0 0.1582 -0.9704 0 0.5123
3 1 -3.8501 0 0.5452 -3.9373 0 0.5885 -8.807 0 -0.3206
4 1 -1.4119 0 0.5355 -1.9859 0 0.4719 -1.3285 0 0.019 -1.1693 0 0.104
4 1 -3.4592 0 0.5299 -3.6151 0 0.5095 -3.1811 0 0.3365 -3.1688 0 0.3554
4 1 -2.8672 0 0.526 -2.999 0 0.7775 -3.1544 0 0.658 -3.0324 0 0.4573
4 1 -3.7553 0 0.5182 -3.8501 0 0.5452 -8.807 0 -0.3206 -4.4807 0 0.1347
4 1 -3.6151 0 0.5095 -3.6532 0 0.5087 -3.2012 0 0.2939 -3.1811 0 0.3365
4 1 -0.7171 0 0.5086 -0.6986 0 0.76 -0.7869 0 0.6965 -0.7394 0 0.5116
4 1 -0.7171 0 0.5086 -0.734 0 0.4351 -0.4261 0 0.1423 -0.403 0 0.1548
3 1 -0.9393 0 0.4792 -1.002 0 0.1582 -0.9041 0 0.4533
3 1 -1.9859 0 0.4719 -1.4763 0 -0.0959 -1.3285 0 0.019
3 1 -1.9859 0 0.4719 -1.6382 0 -0.2727 -1.4763 0 -0.0959
4 1 -1.9859 0 0.4719 -2.6467 0 -0.5546 -1.8267 0 -0.5762 -1.6382 0 -0.2727
4 1 -3.0324 0 0.4573 -3.1544 0 0.658 -3.3072 0 0.578 -3.1194 0 0.4015
4 1 -0.8664 0 0.4349 -0.9041 0 0.4533 -1.002 0 0.1582 -0.803 0 0.1839
4 1 -0.7435 0 0.4187 -0.671 0 0.118 -0.6617 0 0.1051 -0.7395 0 0.4228
4 1 -0.748 0 0.4167 -0.7525 0 0.4159 -0.7649 0 0.181 -0.7394 0 0.1746
4 1 -0.7587 0 0.4164 -0.822 0 0.4223 -0.803 0 0.1839 -0.7649 0 0.181
3 1 -0.7587 0 0.4164 -0.7649 0 0.181 -0.7525 0 0.4159
4 1 -3.1194 0 0.4015 -3.3072 0 0.578 -3.4592 0 0.5299 -3.1688 0 0.3554
3 1 -8.807 0 0.3206 -8.875 0 0 -8.807 0 -0.3206
4 1 -3.2012 0 0.2939 -3.6532 0 0.5087 -3.7553 0 0.5182 -3.2055 0 0.2776
3 1 -3.2036 0 0.2683 -3.2055 0 0.2776 -3.8 0 0.2
3 1 -3.1968 0 0.252 -3.2036 0 0.2683 -3.8 0 0.2
3 1 -3.1016 0 0.245 -3.1209 0 0.2322 -2.7942 0 -0.12
4 1 -3.1907 0 0.2424 -3.1968 0 0.252 -3.8 0 0.2 -3.1786 0 -0.5574
3 1 -3.1907 0 0.2424 -3.1786 0 -0.5574 -3.1844 0 0.2353
3 1 0.8107 0 0.2423 1.4159 0 1.4772 0.7672 0 0.2333
3 1 -3.1779 0 0.2301 -3.1844 0 0.2353 -3.1786 0 -0.5574
3 1 -3.1779 0 0.2301 -3.1786 0 -0.5574 -3.171 0 0.2264
3 1 -3.171 0 0.2264 -3.1786 0 -0.5574 -3.1635 0 0.224
3 1 -3.1349 0 0.2261 -3.1468 0 0.2233 -3.1786 0 -0.5574
3 1 -3.1557 0 0.2229 -3.1635 0 0.224 -3.1786 0 -0.5574
4 1 0.7356 0 0.2207 0.7672 0 0.2333 -0.1672 0 -0.0229 0.7198 0 0.2153
4 1 1.0999 0 0.2182 1.6756 0 1.4994 1.4159 0 1.4772 1.0264 0 0.2365
3 1 1.8866 0 0.2155 1.9246 0 0.2146 2.629 0 1.9342
3 1 1.9246 0 0.2146 2.0124 0 0.2022 2.629 0 1.9342
3 1 1.7901 0 0.2067 1.8866 0 0.2155 2.629 0 1.9342
4 1 -3.8 0 0.2 -3.2055 0 0.2776 -3.7553 0 0.5182 -4.4807 0 0.1347
4 1 -3.8 0 0.2 -4.3895 0 0.0843 -4.3887 0 0.0734 -3.1786 0 -0.5574
4 1 1.1524 0 0.195 2.0139 0 1.5848 1.6756 0 1.4994 1.0999 0 0.2182
3 1 3.68 0 0.1901 2.6849 0 2.0473 3.5676 0 0.2023
3 1 -0.803 0 0.1839 -0.822 0 0.4223 -0.8664 0 0.4349
4 1 1.702 0 0.1823 1.2498 0 0.1002 1.2689 0 0.0581 1.609 0 0.1375
4 1 2.0734 0 0.1815 2.6624 0 1.979 2.629 0 1.9342 2.0124 0 0.2022
3 1 1.1917 0 0.1687 2.5507 0 1.8607 2.3634 0 1.7375
4 1 1.1917 0 0.1687 2.3634 0 1.7375 2.0139 0 1.5848 1.1524 0 0.195
3 1 -0.7208 0 0.1663 -0.748 0 0.4167 -0.7394 0 0.1746
3 1 -0.3545 0 0.1655 -0.3495 0 0.1656 -0.7171 0 0.5086
3 1 -0.3786 0 0.1625 -0.3545 0 0.1655 -0.7171 0 0.5086
4 1 3.2434 0 0.1584 3.432 0 0.1962 2.6833 0 2.0305 2.2028 0 0.0737
4 1 3.2434 0 0.1584 2.2028 0 0.0737 2.228 0 0.0277 3.0874 0 0.0952
3 1 -1.002 0 0.1582 -0.9393 0 0.4792 -0.9704 0 0.5123
3 1 -0.7068 0 0.1568 -0.748 0 0.4167 -0.7208 0 0.1663
3 1 -0.403 0 0.1548 -0.3786 0 0.1625 -0.7171 0 0.5086
3 1 -0.6942 0 0.1448 -0.748 0 0.4167 -0.7068 0 0.1568
4 1 -0.4261 0 0.1423 -0.734 0 0.4351 -0.7362 0 0.4288 -0.6525 0 0.0934
4 1 -0.4261 0 0.1423 -0.6525 0 0.0934 -0.6452 0 0.0796 -0.447 0 0.1251
3 1 -4.4807 0 0.1347 -4.4446 0 0.1318 -3.8 0 0.2
3 1 -4.4807 0 0.1347 -8.807 0 -0.3206 -4.5903 0 0.1026
3 1 -4.4446 0 0.1318 -4.4271 0 0.1271 -3.8 0 0.2
3 1 -0.679 0 0.128 -0.748 0 0.4167 -0.6942 0 0.1448
3 1 -4.4271 0 0.1271 -4.4152 0 0.1216 -3.8 0 0.2
3 1 -0.447 0 0.1251 -0.6452 0 0.0796 -0.4548 0 0.1167
3 1 -4.4152 0 0.1216 -4.4062 0 0.1153 -3.8 0 0.2
4 1 -0.671 0 0.118 -0.7435 0 0.4187 -0.748 0 0.4167 -0.679 0 0.128
3 1 2.1689 0 0.1157 2.6771 0 2.0088 2.1273 0 0.1511
3 1 -4.4062 0 0.1153 -4.4001 0 0.109 -3.8 0 0.2
3 1 -4.4001 0 0.109 -4.3952 0 0.1016 -3.8 0 0.2
4 1 0.5355 0 0.1066 0.6401 0 0.1775 -0.1672 0 -0.0229 -0.114 0 -0.1764
3 1 -4.5903 0 0.1026 -8.807 0 -0.3206 -4.8044 0 0.0068
3 1 -4.3952 0 0.1016 -4.3917 0 0.0936 -3.8 0 0.2
3 1 1.2498 0 0.1002 1.702 0 0.1823 1.7901 0 0.2067
3 1 3.0874 0 0.0952 2.228 0 0.0277 2.2458 0 -0.0243
4 1 3.0874 0 0.0952 2.2458 0 -0.0243 2.2548 0 -0.0811 2.9298 0 -0.003
3 1 -4.3917 0 0.0936 -4.3895 0 0.0843 -3.8 0 0.2
4 1 -0.6525 0 0.0934 -0.7362 0 0.4288 -0.7395 0 0.4228 -0.6617 0 0.1051
4 1 -0.4724 0 0.0917 -0.4548 0 0.1167 -0.6452 0 0.0796 -0.6407 0 0.0644
4 1 -0.4851 0 0.0639 -0.4724 0 0.0917 -0.6407 0 0.0644 -0.6388 0 0.0474
3 1 -4.3916 0 0.0583 -4.3957 0 0.0496 -3.1786 0 -0.5574
4 1 1.4965 0 0.0574 1.609 0 0.1375 1.2689 0 0.0581 1.2821 0 0.0075
4 1 -0.4936 0 0.0308 -0.4851 0 0.0639 -0.6388 0 0.0474 -0.6398 0 0.0267
3 1 -4.8044 0 0.0068 -8.807 0 -0.3206 -4.9863 0 -0.1202
4 1 2.9298 0 -0.003 2.2548 0 -0.0811 2.2556 0 -0.1043 2.6916 0 -0.2138
4 1 -0.4965 0 -0.006 -0.4936 0 0.0308 -0.6398 0 0.0267 -0.6437 0 0.0061
4 1 -4.4685 0 -0.0063 -4.5187 0 -0.0307 -4.8911 0 -0.5131 -4.9157 0 -0.614
4 1 -4.4685 0 -0.0063 -4.9157 0 -0.614 -4.922 0 -0.6929 -4.9122 0 -0.7983
4 1 -4.4685 0 -0.0063 -4.9122 0 -0.7983 -4.8826 0 -0.9046 -4.8316 0 -1.0084
4 1 -4.4685 0 -0.0063 -4.8316 0 -1.0084 -4.7889 0 -1.0683 -4.7274 0 -1.1314
4 1 -4.4685 0 -0.0063 -4.7274 0 -1.1314 -4.6624 0 -1.178 -4.5946 0 -1.2104
4 1 -4.4685 0 -0.0063 -4.5946 0 -1.2104 -4.5421 0 -1.2261 -4.4793 0 -1.2373
4 1 -4.4685 0 -0.0063 -4.4793 0 -1.2373 -4.3854 0 -1.2389 -4.352 0 -1.2384
3 1 -0.1672 0 -0.0229 0.6401 0 0.1775 0.7198 0 0.2153
4 1 -0.4768 0 -0.0281 -0.4965 0 -0.006 -0.6437 0 0.0061 -0.8491 0 -0.0443
4 1 -0.4768 0 -0.0281 -0.8491 0 -0.0443 -1.0288 0 -0.1252 -1.1899 0 -0.2344
4 1 -0.4768 0 -0.0281 -1.1899 0 -0.2344 -1.336 0 -0.3735 -0.4354 0 -0.0897
3 1 1.2883 0 -0.0706 1.4965 0 0.0574 1.2821 0 0.0075
4 1 3.5272 0 -0.0845 3.458 0 -0.0951 3.7514 0 -0.613 3.5922 0 -0.0858
4 1 0.321 0 -0.0904 0.5355 0 0.1066 -0.114 0 -0.1764 -0.0879 0 -0.3365
4 1 3.6501 0 -0.0972 3.5922 0 -0.0858 3.7514 0 -0.613 3.8033 0 -0.4908
3 1 3.6501 0 -0.0972 3.8033 0 -0.4908 3.8233 0 -0.401
4 1 0.7539 0 -0.1045 0.7273 0 -0.1069 0.4631 0 -0.2559 0.7635 0 -0.1055
4 1 0.7273 0 -0.1069 0.6824 0 -0.1191 0.6039 0 -0.1562 0.4631 0 -0.2559
4 1 0.789 0 -0.1115 0.7635 0 -0.1055 0.4631 0 -0.2559 0.8117 0 -0.1214
3 1 3.6952 0 -0.1143 3.8267 0 -0.3307 3.8188 0 -0.2713
4 1 -2.7942 0 -0.12 -2.366 0 0.4473 -2.7315 0 0.3967 -2.8636 0 0.3642
4 1 -2.7942 0 -0.12 -2.8636 0 0.3642 -2.9592 0 0.3321 -3.0426 0 0.292
4 1 -2.7942 0 -0.12 -3.0426 0 0.292 -3.0796 0 0.2662 -3.1016 0 0.245
4 1 -2.7942 0 -0.12 -3.1209 0 0.2322 -3.1349 0 0.2261 -3.1786 0 -0.5574
3 1 -4.9863 0 -0.1202 -8.807 0 -0.3206 -5.132 0 -0.2692
4 1 0.831 0 -0.1345 0.8117 0 -0.1214 0.4631 0 -0.2559 0.3923 0 -0.3189
4 1 0.8469 0 -0.1502 0.831 0 -0.1345 0.3923 0 -0.3189 0.0721 0 -0.6883
4 1 0.8496 0 -0.1535 0.8469 0 -0.1502 0.0721 0 -0.6883 0.861 0 -0.171
3 1 1.2811 0 -0.1594 1.4965 0 0.0574 1.2883 0 -0.0706
4 1 3.7622 0 -0.1628 3.7319 0 -0.1362 3.6952 0 -0.1143 3.7857 0 -0.1926
4 1 -0.3919 0 -0.1824 -0.4354 0 -0.0897 -1.336 0 -0.3735 -0.3631 0 -0.286
4 1 0.8689 0 -0.1898 0.861 0 -0.171 0.0721 0 -0.6883 0.8731 0 -0.2098
4 1 2.6916 0 -0.2138 2.2556 0 -0.1043 2.2465 0 -0.1725 2.3172 0 -0.5946
3 1 -4.7261 0 -0.2195 -4.8365 0 -0.3861 -4.6036 0 -0.0924
4 1 3.8047 0 -0.2281 3.7857 0 -0.1926 3.6952 0 -0.1143 3.8188 0 -0.2713
4 1 0.8736 0 -0.2309 0.8731 0 -0.2098 0.0721 0 -0.6883 0.8703 0 -0.2516
3 1 2.2243 0 -0.2412 2.3172 0 -0.5946 2.2465 0 -0.1725
3 1 -5.132 0 -0.2692 -8.807 0 -0.3206 -5.2352 0 -0.4217
4 1 1.6275 0 -0.2855 1.5937 0 -0.2084 1.5358 0 -0.2359 1.5 0 -0.2622
4 1 1.6275 0 -0.2855 1.5 0 -0.2622 1.4681 0 -0.2963 1.4426 0 -0.3369
3 1 2.1879 0 -0.3083 2.1442 0 -0.3613 2.3172 0 -0.5946
4 1 3.8267 0 -0.3307 3.6952 0 -0.1143 3.6501 0 -0.0972 3.8233 0 -0.401
4 1 1.6604 0 -0.3357 1.6275 0 -0.2855 1.4426 0 -0.3369 1.4175 0 -0.3998
4 1 1.6604 0 -0.3357 1.4175 0 -0.3998 1.3976 0 -0.4903 1.3921 0 -0.5523
4 1 1.6604 0 -0.3357 1.3921 0 -0.5523 1.3981 0 -0.6104 1.6971 0 -0.375
3 1 -0.0879 0 -0.3365 -0.0859 0 -0.3922 0.321 0 -0.0904
4 1 -0.3555 0 -0.3677 -0.3631 0 -0.286 -1.336 0 -0.3735 -0.356 0 -0.3959
4 1 1.6971 0 -0.375 1.3981 0 -0.6104 1.4138 0 -0.6626 1.4382 0 -0.7098
3 1 -0.0859 0 -0.3922 -0.0874 0 -0.4842 0.321 0 -0.0904
4 1 1.7393 0 -0.4063 1.6971 0 -0.375 1.4382 0 -0.7098 1.4665 0 -0.7471
4 1 1.7393 0 -0.4063 1.4665 0 -0.7471 1.5066 0 -0.7844 1.5545 0 -0.815
4 1 1.7393 0 -0.4063 1.5545 0 -0.815 1.6096 0 -0.8373 1.786 0 -0.4292
4 1 1.786 0 -0.4292 1.6096 0 -0.8373 1.6709 0 -0.8499 1.8431 0 -0.4455
4 1 0.8115 0 -0.4446 0.8703 0 -0.2516 0.0721 0 -0.6883 0.711 0 -0.6561
4 1 1.8431 0 -0.4455 1.6709 0 -0.8499 1.7102 0 -0.852 1.931 0 -0.4536
4 1 -1.416 0 -0.4721 -0.3917 0 -0.6801 -0.356 0 -0.3959 -1.336 0 -0.3735
4 1 -1.416 0 -0.4721 -1.5328 0 -0.6856 -0.4598 0 -0.8888 -0.4343 0 -0.8339
3 1 -0.0874 0 -0.4842 -0.0982 0 -0.5762 0.321 0 -0.0904
4 1 -4.8911 0 -0.5131 -4.5187 0 -0.0307 -4.6036 0 -0.0924 -4.8365 0 -0.3861
3 1 -3.1786 0 -0.5574 -3.1468 0 0.2233 -3.1557 0 0.2229
3 1 -3.1786 0 -0.5574 -4.3887 0 0.0734 -4.3894 0 0.066
3 1 -3.1786 0 -0.5574 -4.3894 0 0.066 -4.3916 0 0.0583
4 1 -3.1786 0 -0.5574 -4.3957 0 0.0496 -4.4026 0 0.0395 -3.5072 0 -0.8624
3 1 -1.8267 0 -0.5762 -2.6467 0 -0.5546 -1.9416 0 -0.7953
4 1 -5.3047 0 -0.5765 -5.2352 0 -0.4217 -8.807 0 -0.3206 -8.6421 0 -0.6038
3 1 2.3172 0 -0.5946 2.2243 0 -0.2412 2.1879 0 -0.3083
4 1 2.3172 0 -0.5946 2.1442 0 -0.3613 2.1 0 -0.3983 2.225 0 -0.6757
4 1 8.6421 0 -0.6038 8.8071 0 -0.3206 8.875 0 0 5.0993 0 -0.8325
4 1 3.7514 0 -0.613 3.458 0 -0.0951 3.3558 0 -0.1294 3.2175 0 -0.2059
4 1 3.7514 0 -0.613 3.2175 0 -0.2059 3.0298 0 -0.3594 2.8872 0 -0.515
4 1 3.7514 0 -0.613 2.8872 0 -0.515 2.7899 0 -0.6619 2.6753 0 -0.9212
4 1 3.7514 0 -0.613 2.6753 0 -0.9212 2.6436 0 -1.0481 2.6419 0 -1.0605
3 1 3.7514 0 -0.613 2.6419 0 -1.0605 2.6351 0 -1.1637
4 1 0.711 0 -0.6561 0.0721 0 -0.6883 -0.2023 0 -1.0606 0.0429 0 -1.79
3 1 1.1708 0 -0.6682 0.8695 0 -1.2199 1.1881 0 -0.7269
4 1 2.225 0 -0.6757 2.1 0 -0.3983 2.0529 0 -0.4253 2.1067 0 -0.7578
4 1 -1.5328 0 -0.6856 -1.5997 0 -0.8675 -0.6034 0 -1.105 -0.4598 0 -0.8888
4 1 -5.3409 0 -0.7184 -5.3047 0 -0.5765 -8.6421 0 -0.6038 -8.4255 0 -0.8498
3 1 1.1881 0 -0.7269 0.8695 0 -1.2199 1.2408 0 -0.8514
4 1 2.1067 0 -0.7578 2.0529 0 -0.4253 1.9968 0 -0.4448 1.9952 0 -0.8081
3 1 -1.9416 0 -0.7953 -2.6467 0 -0.5546 -2.0474 0 -1.0053
4 1 1.9952 0 -0.8081 1.9968 0 -0.4448 1.941 0 -0.4531 1.865 0 -0.8405
3 1 5.0993 0 -0.8325 8.875 0 0 8.8071 0 0.3206
3 1 -0.4343 0 -0.8339 -0.3917 0 -0.6801 -1.416 0 -0.4721
4 1 1.865 0 -0.8405 1.941 0 -0.4531 1.931 0 -0.4536 1.7102 0 -0.852
4 1 5.0996 0 -0.8426 5.0965 0 -0.8548 7.3473 0 -1.5874 7.6352 0 -1.4309
4 1 8.4255 0 -0.8498 8.6421 0 -0.6038 5.0993 0 -0.8325 5.0996 0 -0.8426
4 1 -5.3511 0 -0.8522 -5.3409 0 -0.7184 -8.4255 0 -0.8498 -8.1791 0 -1.0658
4 1 -5.3511 0 -0.8522 -8.1791 0 -1.0658 -7.9137 0 -1.2581 -5.3458 0 -0.9447
4 1 5.0965 0 -0.8548 5.0746 0 -0.9007 7.0522 0 -1.7299 7.3473 0 -1.5874
4 1 -3.5072 0 -0.8624 -4.4026 0 0.0395 -4.4168 0 0.0251 -3.8215 0 -1.0804
4 1 4.9344 0 -0.8644 4.9804 0 -0.81 5.3573 0 1.1217 4.0456 0 -1.2015
4 1 5.0746 0 -0.9007 5.011 0 -0.9995 6.7515 0 -1.8603 7.0522 0 -1.7299
4 1 1.2876 0 -0.9234 1.2408 0 -0.8514 0.8695 0 -1.2199 0.5639 0 -1.79
4 1 -5.3458 0 -0.9447 -7.9137 0 -1.2581 -7.6352 0 -1.4309 -5.311 0 -1.1329
4 1 3.609 0 -0.9472 3.8189 0 -0.6315 3.7514 0 -0.613 2.6351 0 -1.1637
4 1 -1.6244 0 -0.9869 -1.6296 0 -1.1148 -1.0124 0 -1.4489 -0.905 0 -1.393
4 1 5.011 0 -0.9995 5.0019 0 -1.0115 6.4463 0 -1.9799 6.7515 0 -1.8603
4 1 5.0019 0 -1.0115 4.7273 0 -1.3295 6.1376 0 -2.0897 6.4463 0 -1.9799
4 1 -2.0533 0 -1.0201 -2.0474 0 -1.0053 -2.6467 0 -0.5546 -2.083 0 -1.0751
4 1 2.0768 0 -1.053 1.9375 0 -1.0826 2.2436 0 -1.459 2.2088 0 -1.3632
3 1 2.0768 0 -1.053 2.1882 0 -1.108 2.2067 0 -0.9994
4 1 1.4645 0 -1.0552 1.3988 0 -1.0231 0.5639 0 -1.79 1.3103 0 -2.9397
4 1 8.1791 0 -1.0658 8.4255 0 -0.8498 5.0996 0 -0.8426 7.9137 0 -1.2581
3 1 1.5469 0 -1.0787 1.4645 0 -1.0552 1.3103 0 -2.9397
3 1 -3.8215 0 -1.0804 -4.4168 0 0.0251 -4.4424 0 0.007
4 1 -3.8215 0 -1.0804 -4.4424 0 0.007 -4.4685 0 -0.0063 -4.0503 0 -1.1848
4 1 1.9375 0 -1.0826 1.6673 0 -1.0913 1.6374 0 -2.9197 2.2436 0 -1.459
4 1 1.6673 0 -1.0913 1.5469 0 -1.0787 1.3103 0 -2.9397 1.6374 0 -2.9197
4 1 -0.6034 0 -1.105 -1.5997 0 -0.8675 -1.6244 0 -0.9869 -0.7701 0 -1.2895
3 1 -3.0536 0 -1.1059 -2.4918 0 -1.4288 -2.6467 0 -0.5546
4 1 -5.311 0 -1.1329 -7.6352 0 -1.4309 -7.3473 0 -1.5874 -7.0521 0 -1.7299
4 1 -5.311 0 -1.1329 -7.0521 0 -1.7299 -6.7515 0 -1.8603 -5.2479 0 -1.298
4 1 -2.1409 0 -1.1494 -2.083 0 -1.0751 -2.6467 0 -0.5546 -2.3232 0 -1.3119
4 1 4.6124 0 -1.177 4.9344 0 -0.8644 4.0456 0 -1.2015 3.9942 0 -1.2996
4 1 3.396 0 -1.1955 3.609 0 -0.9472 2.6351 0 -1.1637 2.6458 0 -1.262
4 1 -4.2099 0 -1.2261 -4.0503 0 -1.1848 -4.4685 0 -0.0063 -4.352 0 -1.2384
3 1 2.1882 0 -1.2478 2.1882 0 -1.108 2.0768 0 -1.053
4 1 3.3117 0 -1.2749 3.396 0 -1.1955 2.6458 0 -1.262 2.6604 0 -1.3174
4 1 3.3117 0 -1.2749 2.6604 0 -1.3174 2.68 0 -1.3639 2.6959 0 -1.3893
4 1 3.3117 0 -1.2749 2.6959 0 -1.3893 2.7089 0 -1.4041 3.1802 0 -1.3729
4 1 -1.5917 0 -1.2802 -1.5565 0 -1.3442 -1.4052 0 -1.4692 -1.3425 0 -1.4895
3 1 -1.5917 0 -1.2802 -1.3425 0 -1.4895 -1.2276 0 -1.4966
3 1 -0.7701 0 -1.2895 -1.6244 0 -0.9869 -0.905 0 -1.393
4 1 -5.2479 0 -1.298 -6.7515 0 -1.8603 -6.4463 0 -1.9799 -5.1573 0 -1.4448
4 1 4.7273 0 -1.3295 4.4875 0 -1.5497 5.8258 0 -2.1908 6.1376 0 -2.0897
4 1 -1.5565 0 -1.3442 -1.512 0 -1.3976 -1.4615 0 -1.4388 -1.4052 0 -1.4692
4 1 -2.3706 0 -1.3494 -2.3232 0 -1.3119 -2.6467 0 -0.5546 -2.4623 0 -1.4179
3 1 2.2088 0 -1.3632 2.1882 0 -1.2478 2.0768 0 -1.053
4 1 3.1802 0 -1.3729 2.7089 0 -1.4041 2.7156 0 -1.4099 3.0746 0 -1.4275
3 1 -0.4572 0 -1.3785 -0.6957 0 -1.5914 0.0429 0 -1.79
3 1 -1.9597 0 -1.3826 -1.9799 0 -1.2997 -1.9864 0 -1.3129
3 1 -1.9597 0 -1.3826 -1.9864 0 -1.3129 -2.0032 0 -1.3358
4 1 -1.9597 0 -1.3826 -2.0032 0 -1.3358 -2.0502 0 -1.381 -1.9161 0 -1.4871
4 1 4.3298 0 -1.3959 4.6124 0 -1.177 3.9942 0 -1.2996 3.9774 0 -1.3413
4 1 4.3298 0 -1.3959 3.9774 0 -1.3413 3.9677 0 -1.3793 3.9654 0 -1.4058
4 1 4.3298 0 -1.3959 3.9654 0 -1.4058 3.9659 0 -1.416 4.1936 0 -1.4697
4 1 2.7156 0 -1.4099 2.7496 0 -1.4313 2.9855 0 -1.4556 3.0746 0 -1.4275
4 1 3.9659 0 -1.416 3.969 0 -1.4342 4.0702 0 -1.5019 4.1182 0 -1.495
4 1 -2.4779 0 -1.4262 -2.4623 0 -1.4179 -2.6467 0 -0.5546 -2.4918 0 -1.4288
3 1 -2.4849 0 -1.4285 -2.4779 0 -1.4262 -2.4918 0 -1.4288
4 1 -2.4918 0 -1.4288 -3.0536 0 -1.1059 -3.3367 0 -1.4177 -2.4885 0 -1.455
3 1 7.6352 0 -1.4309 7.9137 0 -1.2581 5.0996 0 -0.8426
4 1 2.7496 0 -1.4313 2.7969 0 -1.4505 2.9179 0 -1.4647 2.9855 0 -1.4556
4 1 3.969 0 -1.4342 3.975 0 -1.4506 4.0536 0 -1.5017 4.0702 0 -1.5019
4 1 -5.1573 0 -1.4448 -6.4463 0 -1.9799 -6.1376 0 -2.0897 -5.8258 0 -2.1908
4 1 -1.0124 0 -1.4489 -1.6296 0 -1.1148 -1.6163 0 -1.2062 -1.5917 0 -1.2802
3 1 2.7969 0 -1.4505 2.8532 0 -1.4625 2.9179 0 -1.4647
4 1 -2.4885 0 -1.455 -3.3367 0 -1.4177 -3.577 0 -1.6155 -2.4721 0 -1.4937
3 1 4.1936 0 -1.4697 3.9659 0 -1.416 4.1182 0 -1.495
4 1 -1.1177 0 -1.4825 -1.0124 0 -1.4489 -1.5917 0 -1.2802 -1.2276 0 -1.4966
4 1 -1.9161 0 -1.4871 -2.2526 0 -1.5179 -2.2987 0 -1.5449 -3.2668 0 -2.7493
4 1 -2.4721 0 -1.4937 -3.577 0 -1.6155 -3.2668 0 -2.7493 -2.4429 0 -1.5388
3 1 4.0339 0 -1.4987 4.0034 0 -1.485 4.0175 0 -1.4931
4 1 4.0536 0 -1.5017 3.975 0 -1.4506 3.9829 0 -1.4644 3.9922 0 -1.4756
4 1 4.0536 0 -1.5017 3.9922 0 -1.4756 4.0034 0 -1.485 4.0339 0 -1.4987
3 1 -2.2526 0 -1.5179 -1.9161 0 -1.4871 -2.0502 0 -1.381
4 1 4.4875 0 -1.5497 4.2921 0 -1.6819 5.1952 0 -2.3694 5.5115 0 -2.2838
3 1 -2.3531 0 -1.5724 -2.3658 0 -1.5776 -3.2668 0 -2.7493
4 1 -5.0377 0 -1.574 -5.1573 0 -1.4448 -5.8258 0 -2.1908 -5.5115 0 -2.2838
4 1 -1.8543 0 -1.5803 -1.9161 0 -1.4871 -3.2668 0 -2.7493 -2.9421 0 -2.7932
3 1 -2.4012 0 -1.5824 -2.4429 0 -1.5388 -3.2668 0 -2.7493
3 1 -2.383 0 -1.5829 -3.2668 0 -2.7493 -2.3658 0 -1.5776
3 1 -2.3941 0 -1.584 -2.4012 0 -1.5824 -3.2668 0 -2.7493
3 1 2.3199 0 -1.5922 2.2635 0 -1.5014 1.6374 0 -2.9197
3 1 3.5692 0 -1.6137 3.5491 0 -1.5326 3.4889 0 -1.576
4 1 3.5692 0 -1.6137 3.3079 0 -1.6653 3.0404 0 -1.7479 2.2907 0 -2.866
3 1 3.5692 0 -1.6137 2.2907 0 -2.866 3.5933 0 -1.6681
3 1 2.3726 0 -1.6512 2.3199 0 -1.5922 1.6374 0 -2.9197
4 1 -1.7822 0 -1.6546 -1.8543 0 -1.5803 -2.9421 0 -2.7932 -2.6166 0 -2.832
3 1 3.3079 0 -1.6653 3.5692 0 -1.6137 3.4889 0 -1.576
3 1 3.5933 0 -1.6681 2.2907 0 -2.866 3.6174 0 -1.7037
4 1 -4.8957 0 -1.678 -5.0377 0 -1.574 -5.5115 0 -2.2838 -5.1952 0 -2.3694
4 1 4.2921 0 -1.6819 4.1336 0 -1.7549 4.877 0 -2.4479 5.1952 0 -2.3694
3 1 2.4372 0 -1.7024 2.3726 0 -1.6512 1.6374 0 -2.9197
4 1 -1.6858 0 -1.7229 -1.7822 0 -1.6546 -2.6166 0 -2.832 -2.2907 0 -2.866
4 1 3.6472 0 -1.734 3.6174 0 -1.7037 2.2907 0 -2.866 2.6166 0 -2.832
4 1 2.5145 0 -1.7428 2.4372 0 -1.7024 1.6374 0 -2.9197 1.9642 0 -2.8952
4 1 -4.7365 0 -1.7549 -4.8957 0 -1.678 -5.1952 0 -2.3694 -4.877 0 -2.4479
4 1 4.1336 0 -1.7549 3.9967 0 -1.7916 4.5573 0 -2.52 4.877 0 -2.4479
4 1 -1.5762 0 -1.7738 -1.6858 0 -1.7229 -2.2907 0 -2.866 -1.9642 0 -2.8952
3 1 -1.5762 0 -1.7738 -1.9642 0 -2.8952 -1.4457 0 -1.8083
3 1 2.7874 0 -1.7824 2.7278 0 -1.7838 2.2907 0 -2.866
3 1 2.7874 0 -1.7824 2.2907 0 -2.866 3.0404 0 -1.7479
3 1 0.0429 0 -1.79 -0.2023 0 -1.0606 -0.4572 0 -1.3785
3 1 0.0429 0 -1.79 -0.6957 0 -1.5914 -0.8888 0 -1.7129
4 1 0.0429 0 -1.79 -0.8888 0 -1.7129 -1.0538 0 -1.7814 -1.9642 0 -2.8952
4 1 0.0429 0 -1.79 -1.9642 0 -2.8952 -1.6374 0 -2.9197 -1.3103 0 -2.9397
4 1 0.0429 0 -1.79 -1.3103 0 -2.9397 -0.9829 0 -2.9552 -0.6554 0 -2.9662
4 1 0.0429 0 -1.79 -0.6554 0 -2.9662 -0.3277 0 -2.9728 0 0 -2.975
4 1 0.0429 0 -1.79 0 0 -2.975 0.3278 0 -2.9728 0.5639 0 -1.79
3 1 0.5639 0 -1.79 1.3397 0 -0.9793 1.2876 0 -0.9234
3 1 0.5639 0 -1.79 1.3988 0 -1.0231 1.3397 0 -0.9793
4 1 -3.9702 0 -1.7904 -4.2245 0 -1.8243 -4.2363 0 -2.5859 -3.9141 0 -2.6459
4 1 3.9967 0 -1.7916 3.8924 0 -1.8022 4.2363 0 -2.5859 4.5573 0 -2.52
4 1 -4.5524 0 -1.8066 -4.7365 0 -1.7549 -4.877 0 -2.4479 -4.5573 0 -2.52
3 1 -1.199 0 -1.814 -1.9642 0 -2.8952 -1.0538 0 -1.7814
3 1 -1.2995 0 -1.8207 -1.4457 0 -1.8083 -1.9642 0 -2.8952
4 1 -4.3336 0 -1.8269 -4.5524 0 -1.8066 -4.5573 0 -2.52 -4.2363 0 -2.5859
3 1 5.5115 0 -2.2838 5.8258 0 -2.1908 4.4875 0 -1.5497
3 1 -4.2363 0 -2.5859 -4.2245 0 -1.8243 -4.3336 0 -1.8269
4 1 3.9141 0 -2.6459 3.8924 0 -1.8022 3.7882 0 -1.7942 3.5909 0 -2.7003
3 1 3.9141 0 -2.6459 4.2363 0 -2.5859 3.8924 0 -1.8022
4 1 -3.5909 0 -2.7003 -3.7664 0 -1.7219 -3.9702 0 -1.7904 -3.9141 0 -2.6459
4 1 3.5909 0 -2.7003 3.7882 0 -1.7942 3.7274 0 -1.7787 3.2668 0 -2.7493
3 1 -3.2668 0 -2.7493 -2.2987 0 -1.5449 -2.3531 0 -1.5724
3 1 -3.2668 0 -2.7493 -2.383 0 -1.5829 -2.3941 0 -1.584
4 1 -3.2668 0 -2.7493 -3.577 0 -1.6155 -3.7664 0 -1.7219 -3.5909 0 -2.7003
4 1 3.2668 0 -2.7493 3.7274 0 -1.7787 3.6834 0 -1.759 2.9421 0 -2.7932
4 1 2.9421 0 -2.7932 3.6834 0 -1.759 3.6472 0 -1.734 2.6166 0 -2.832
4 1 2.2907 0 -2.866 2.6021 0 -1.7697 2.5145 0 -1.7428 1.9642 0 -2.8952
3 1 2.2907 0 -2.866 2.7278 0 -1.7838 2.6021 0 -1.7697
3 1 -1.9642 0 -2.8952 -1.199 0 -1.814 -1.2995 0 -1.8207
3 1 1.6374 0 -2.9197 2.2635 0 -1.5014 2.2436 0 -1.459
4 1 0.983 0 -2.9552 1.3103 0 -2.9397 0.5639 0 -1.79 0.6554 0 -2.9662
3 1 0.6554 0 -2.9662 0.5639 0 -1.79 0.3278 0 -2.9728
0 // Text "Ford"
0 // Letter "F"
4 15 -2.0901 0 2.3845 -2.4122 0 2.3748 -2.5911 0 2.1811 -2.1085 0 2.2128
3 15 -2.0901 0 2.3845 -2.1085 0 2.2128 -1.9832 0 2.2089
4 15 -2.0901 0 2.3845 -1.9832 0 2.2089 -1.5399 0 2.153 -1.6312 0 2.3646
4 15 -1.6312 0 2.3646 -1.5399 0 2.153 -0.8702 0 2.0105 -1.1216 0 2.2986
4 15 -2.5911 0 2.1811 -2.4122 0 2.3748 -2.9155 0 2.3128 -2.9876 0 2.0939
4 15 -0.1463 0 2.1469 -1.1216 0 2.2986 -0.8702 0 2.0105 -0.8581 0 2.0077
4 15 -0.1463 0 2.1469 -0.7942 0 1.9915 -0.2415 0 1.814 0.6356 0 2.0652
4 15 2.5624 0 2.1454 2.5078 0 2.1441 2.5507 0 1.8607 2.629 0 1.9342
4 15 2.5624 0 2.1454 2.6721 0 2.1114 2.6687 0 2.1158 2.6133 0 2.1417
4 15 2.5624 0 2.1454 2.6808 0 2.0932 2.6771 0 2.1029 2.6721 0 2.1114
4 15 2.6364 0 2.1359 2.6133 0 2.1417 2.6687 0 2.1158 2.6512 0 2.1295
3 15 2.6687 0 2.1158 2.6613 0 2.1229 2.6512 0 2.1295
4 15 -2.9876 0 2.0939 -2.9155 0 2.3128 -3.3276 0 2.2021 -3.2722 0 1.978
4 15 2.6838 0 2.077 2.6808 0 2.0932 2.5624 0 2.1454 2.6849 0 2.0473
4 15 0.6356 0 2.0652 -0.2415 0 1.814 0.4214 0 1.6169 1.1463 0 2.0412
4 15 1.6506 0 2.0412 1.1463 0 2.0412 0.4214 0 1.6169 0.9621 0 1.5098
3 15 1.6506 0 2.0412 0.9621 0 1.5098 1.4159 0 1.4772
4 15 2.6833 0 2.0305 2.6849 0 2.0473 2.5624 0 2.1454 2.6771 0 2.0088
4 15 -0.8959 0 1.9957 -0.9714 0 1.9588 -0.782 0 1.9068 -0.7784 0 1.9123
4 15 -0.7942 0 1.9915 -0.1463 0 2.1469 -0.8581 0 2.0077 -0.8959 0 1.9957
4 15 -0.7848 0 1.9807 -0.7942 0 1.9915 -0.8959 0 1.9957 -0.7786 0 1.9704
4 15 2.6624 0 1.979 2.6771 0 2.0088 2.5624 0 2.1454 2.629 0 1.9342
4 15 -3.2722 0 1.978 -3.3276 0 2.2021 -3.6246 0 2.0695 -3.4807 0 1.8444
4 15 -0.7746 0 1.9597 -0.7786 0 1.9704 -0.8959 0 1.9957 -0.7725 0 1.9479
4 15 -0.9714 0 1.9588 -1.2268 0 1.7817 -1.201 0 1.5282 -0.8702 0 1.8143
4 15 -0.7726 0 1.9351 -0.7725 0 1.9479 -0.8959 0 1.9957 -0.7753 0 1.9213
3 15 -0.7753 0 1.9213 -0.8959 0 1.9957 -0.7784 0 1.9123
4 15 2.5507 0 1.8607 2.5078 0 2.1441 2.439 0 2.1324 2.3634 0 1.7375
4 15 -0.8253 0 1.8573 -0.782 0 1.9068 -0.9714 0 1.9588 -0.8702 0 1.8143
4 15 -3.4807 0 1.8444 -3.6246 0 2.0695 -3.8355 0 1.9301 -3.6084 0 1.7243
4 15 2.3634 0 1.7375 2.439 0 2.1324 2.1639 0 2.078 2.0139 0 1.5848
4 15 -3.6084 0 1.7243 -3.8355 0 1.9301 -3.9916 0 1.784 -3.6951 0 1.608
4 15 -3.6951 0 1.608 -3.9916 0 1.784 -4.1042 0 1.6335 -3.7399 0 1.5228
4 15 2.0139 0 1.5848 2.1639 0 2.078 2.1068 0 2.0699 1.6756 0 1.4994
4 15 -1.201 0 1.5282 -1.2268 0 1.7817 -1.5602 0 1.4829 -1.5089 0 1.1869
4 15 -3.7399 0 1.5228 -4.1042 0 1.6335 -4.1817 0 1.4775 -3.7802 0 1.4014
4 15 1.6756 0 1.4994 2.1068 0 2.0699 1.6506 0 2.0412 1.4159 0 1.4772
4 15 -2.659 0 1.4888 -2.6696 0 1.4887 -2.7136 0 1.4678 -2.7215 0 1.4579
4 15 -2.659 0 1.4888 -2.7215 0 1.4579 -2.7276 0 1.4466 -2.651 0 1.4874
4 15 -2.6696 0 1.4887 -2.6819 0 1.4865 -2.6942 0 1.4819 -2.7046 0 1.4757
4 15 -2.6453 0 1.4854 -2.651 0 1.4874 -2.7276 0 1.4466 -2.6417 0 1.4834
3 15 -2.7046 0 1.4757 -2.7136 0 1.4678 -2.6696 0 1.4887
4 15 -2.63 0 1.4719 -2.6417 0 1.4834 -2.7276 0 1.4466 -2.6226 0 1.4615
4 15 -2.6178 0 1.4515 -2.6226 0 1.4615 -2.7276 0 1.4466 -2.6157 0 1.4442
4 15 -2.6142 0 1.4332 -2.6157 0 1.4442 -2.7276 0 1.4466 -2.6148 0 1.4215
4 15 -2.6172 0 1.4098 -2.6148 0 1.4215 -2.7276 0 1.4466 -2.7574 0 1.3904
4 15 -3.7802 0 1.4014 -4.1817 0 1.4775 -4.2275 0 1.3144 -3.7948 0 1.2851
4 15 -2.6355 0 1.3296 -2.6172 0 1.4098 -2.7574 0 1.3904 -2.8132 0 1.3162
4 15 -0.783 0 1.3029 -0.8332 0 1.2961 -0.7478 0 1.1647 -0.7298 0 1.3004
4 15 -0.7298 0 1.3004 -0.7408 0 1.1652 -0.732 0 1.1646 -0.7231 0 1.2994
4 15 -0.7231 0 1.2994 -0.732 0 1.1646 -0.7237 0 1.1624 -0.6869 0 1.2903
4 15 -0.6869 0 1.2903 -0.7237 0 1.1624 -0.7162 0 1.1588 -0.6489 0 1.2735
4 15 -3.7948 0 1.2851 -4.2275 0 1.3144 -4.2416 0 1.1647 -3.7942 0 1.2381
4 15 -0.8814 0 1.2799 -0.9236 0 1.2564 -0.838 0 1.1311 -0.8063 0 1.1474
4 15 -0.6489 0 1.2735 -0.7162 0 1.1588 -0.7092 0 1.1538 -0.6155 0 1.2505
4 15 -0.9236 0 1.2564 -0.9641 0 1.2233 -0.8638 0 1.1112 -0.838 0 1.1311
4 15 -0.6155 0 1.2505 -0.7092 0 1.1538 -0.7024 0 1.1466 -0.5897 0 1.2251
4 15 -3.7942 0 1.2381 -4.2416 0 1.1647 -4.2369 0 1.0731 -3.784 0 1.1738
4 15 -0.5897 0 1.2251 -0.7024 0 1.1466 -0.694 0 1.1339 -0.5667 0 1.1926
4 15 -0.9641 0 1.2233 -1.0056 0 1.1743 -0.8853 0 1.0867 -0.8638 0 1.1112
4 15 -2.9233 0 1.2099 -3.1015 0 1.0864 -2.8283 0 0.9665 -2.7048 0 1.1635
4 15 -0.5667 0 1.1926 -0.694 0 1.1339 -0.6871 0 1.1176 -0.5503 0 1.1566
4 15 -1.5089 0 1.1869 -1.5602 0 1.4829 -1.9061 0 1.1025 -1.7932 0 0.783
4 15 -1.0056 0 1.1743 -1.0411 0 1.1124 -0.9024 0 1.0582 -0.8853 0 1.0867
4 15 -3.784 0 1.1738 -4.2369 0 1.0731 -4.2093 0 0.9462 -3.7662 0 1.1233
4 15 -0.7478 0 1.1647 -0.8332 0 1.2961 -0.8814 0 1.2799 -0.8063 0 1.1474
3 15 -0.7478 0 1.1647 -0.7408 0 1.1647 -0.7298 0 1.3004
4 15 -2.7048 0 1.1635 -2.6355 0 1.3296 -2.8132 0 1.3162 -2.9233 0 1.2099
4 15 -0.5503 0 1.1566 -0.6871 0 1.1176 -0.6804 0 1.0911 -0.5412 0 1.1189
4 15 -3.7662 0 1.1233 -4.2093 0 0.9462 -4.1608 0 0.8306 -3.742 0 1.0806
4 15 -0.5412 0 1.1189 -0.6804 0 1.0911 -0.679 0 1.0778 -0.5392 0 1.091
4 15 -1.0411 0 1.1124 -1.0709 0 1.0299 -0.9166 0 1.0217 -0.9024 0 1.0582
3 15 -1.9061 0 1.1025 -2.2434 0 0.6435 -1.7932 0 0.783
4 15 -0.5392 0 1.091 -0.679 0 1.0778 -0.6799 0 1.0524 -0.5438 0 1.0441
4 15 -3.1015 0 1.0864 -3.2852 0 1.0002 -2.999 0 0.7775 -2.8283 0 0.9665
4 15 -3.742 0 1.0806 -4.1608 0 0.8306 -4.0972 0 0.7324 -3.709 0 1.0415
4 15 -0.5438 0 1.0441 -0.6799 0 1.0524 -0.6868 0 1.0174 -0.5647 0 0.9701
4 15 -3.709 0 1.0415 -4.0972 0 0.7324 -4.0184 0 0.6485 -3.9373 0 0.5885
4 15 -0.9195 0 1.0113 -0.9166 0 1.0217 -1.0709 0 1.0299 -1.0909 0 0.9071
4 15 -3.6705 0 1.0104 -3.709 0 1.0415 -3.9373 0 0.5885 -3.8501 0 0.5452
4 15 -3.2852 0 1.0002 -3.4019 0 0.9685 -3.1544 0 0.658 -2.999 0 0.7775
4 15 -3.6256 0 0.9861 -3.6705 0 1.0104 -3.8501 0 0.5452 -3.7553 0 0.5182
4 15 -3.6256 0 0.9861 -3.7553 0 0.5182 -3.6532 0 0.5087 -3.5736 0 0.9692
4 15 -0.5647 0 0.9701 -0.6868 0 1.0174 -0.706 0 0.9647 -0.6144 0 0.8674
4 15 -3.4019 0 0.9685 -3.4399 0 0.9627 -3.3072 0 0.578 -3.1544 0 0.658
4 15 -3.4399 0 0.9627 -3.5125 0 0.9605 -3.4592 0 0.5299 -3.3072 0 0.578
4 15 -0.9359 0 0.9352 -0.9195 0 1.0113 -1.0909 0 0.9071 -1.0848 0 0.8366
4 15 -0.9371 0 0.87 -0.9359 0 0.9352 -1.0848 0 0.8366 -1.0664 0 0.76
3 15 -0.9371 0 0.87 -1.0664 0 0.76 -0.9225 0 0.7848
4 15 -0.6144 0 0.8674 -0.706 0 0.9647 -0.7433 0 0.8987 -0.6695 0 0.7903
3 15 -0.7946 0 0.8402 -0.8425 0 0.7992 -0.7869 0 0.6965
4 15 -0.6695 0 0.7903 -0.7433 0 0.8987 -0.7663 0 0.8704 -0.6986 0 0.76
4 15 -0.9195 0 0.7724 -0.9225 0 0.7848 -1.0664 0 0.76 -0.8887 0 0.6375
3 15 -0.9195 0 0.7724 -0.8887 0 0.6375 -0.9061 0 0.7723
3 15 -0.9061 0 0.7723 -0.8887 0 0.6375 -0.892 0 0.7748
4 15 -1.0664 0 0.76 -1.4802 0 0.7002 -1.0174 0 0.5945 -0.8887 0 0.6375
4 15 -0.6986 0 0.76 -0.7663 0 0.8704 -0.7946 0 0.8402 -0.7869 0 0.6965
4 15 -0.7869 0 0.6965 -0.8425 0 0.7992 -0.8716 0 0.7821 -0.8887 0 0.6375
4 15 -1.8633 0 0.668 -1.7932 0 0.783 -2.2434 0 0.6435 -2.366 0 0.4473
3 15 -0.8887 0 0.6375 -0.8716 0 0.7821 -0.892 0 0.7748
4 15 -0.8873 0 0.6232 -0.8887 0 0.6375 -1.0174 0 0.5945 -0.9987 0 0.5552
4 15 -0.8835 0 0.6096 -0.8873 0 0.6232 -0.9987 0 0.5552 -0.9704 0 0.5123
3 15 -0.8835 0 0.6096 -0.9704 0 0.5123 -0.8767 0 0.5955
4 15 -0.8468 0 0.5608 -0.8662 0 0.5804 -0.9704 0 0.5123 -0.9393 0 0.4792
4 15 -0.8468 0 0.5608 -0.9393 0 0.4792 -0.9041 0 0.4533 -0.8664 0 0.4349
4 15 -0.8178 0 0.5405 -0.8468 0 0.5608 -0.8664 0 0.4349 -0.822 0 0.4223
4 15 -0.7828 0 0.5238 -0.8178 0 0.5405 -0.822 0 0.4223 -0.7587 0 0.4164
3 15 -0.9704 0 0.5123 -0.8662 0 0.5804 -0.8767 0 0.5955
4 15 -0.7394 0 0.5116 -0.7828 0 0.5238 -0.7587 0 0.4164 -0.734 0 0.4351
4 15 -3.6151 0 0.5095 -3.5125 0 0.9605 -3.5736 0 0.9692 -3.6532 0 0.5087
3 15 -3.6151 0 0.5095 -3.4592 0 0.5299 -3.5125 0 0.9605
3 15 -0.7171 0 0.5086 -0.7394 0 0.5116 -0.734 0 0.4351
4 15 -1.9859 0 0.4719 -1.4802 0 0.7002 -1.8633 0 0.668 -2.366 0 0.4473
4 15 -1.9859 0 0.4719 -1.4119 0 0.5355 -1.0174 0 0.5945 -1.4802 0 0.7002
4 15 -2.366 0 0.4473 -2.2434 0 0.6435 -2.5327 0 0.6047 -2.7315 0 0.3967
4 15 -0.7362 0 0.4288 -0.734 0 0.4351 -0.7587 0 0.4164 -0.7395 0 0.4228
4 15 -0.7435 0 0.4187 -0.7395 0 0.4228 -0.7587 0 0.4164 -0.748 0 0.4167
3 15 -0.7525 0 0.4159 -0.748 0 0.4167 -0.7587 0 0.4164
4 15 -2.7315 0 0.3967 -2.5327 0 0.6047 -2.8672 0 0.526 -2.8636 0 0.3642
4 15 -2.8636 0 0.3642 -2.8672 0 0.526 -3.0324 0 0.4573 -2.9592 0 0.3321
4 15 -2.9592 0 0.3321 -3.0324 0 0.4573 -3.1194 0 0.4015 -3.0426 0 0.292
4 15 -3.0426 0 0.292 -3.1194 0 0.4015 -3.1688 0 0.3554 -3.0796 0 0.2662
4 15 -3.0796 0 0.2662 -3.1688 0 0.3554 -3.1811 0 0.3365 -3.2012 0 0.2939
4 15 -3.0796 0 0.2662 -3.2012 0 0.2939 -3.2055 0 0.2776 -3.2036 0 0.2683
4 15 -3.0796 0 0.2662 -3.2036 0 0.2683 -3.1968 0 0.252 -3.1907 0 0.2424
4 15 -3.0796 0 0.2662 -3.1907 0 0.2424 -3.1844 0 0.2353 -3.1016 0 0.245
4 15 -3.1016 0 0.245 -3.1844 0 0.2353 -3.1779 0 0.2301 -3.1209 0 0.2322
4 15 -3.1209 0 0.2322 -3.1779 0 0.2301 -3.171 0 0.2264 -3.1635 0 0.224
4 15 -3.1209 0 0.2322 -3.1635 0 0.224 -3.1557 0 0.2229 -3.1349 0 0.2261
3 15 -3.1349 0 0.2261 -3.1557 0 0.2229 -3.1468 0 0.2233
4 15 -4.4807 0 0.1347 -4.5903 0 0.1026 -4.4685 0 -0.0063 -4.4424 0 0.007
3 15 -4.4271 0 0.1271 -4.3917 0 0.0936 -4.3952 0 0.1016
3 15 -4.4152 0 0.1216 -4.4001 0 0.109 -4.4062 0 0.1153
4 15 -4.4001 0 0.109 -4.4152 0 0.1216 -4.4271 0 0.1271 -4.3952 0 0.1016
4 15 -4.5903 0 0.1026 -4.8044 0 0.0068 -4.5187 0 -0.0307 -4.4685 0 -0.0063
4 15 -4.3917 0 0.0936 -4.4271 0 0.1271 -4.4446 0 0.1318 -4.3895 0 0.0843
3 15 -4.3895 0 0.0843 -4.4446 0 0.1318 -4.3887 0 0.0734
4 15 -4.3887 0 0.0734 -4.4446 0 0.1318 -4.4807 0 0.1347 -4.3894 0 0.066
4 15 -4.3916 0 0.0583 -4.3894 0 0.066 -4.4807 0 0.1347 -4.3957 0 0.0496
4 15 -4.4026 0 0.0395 -4.3957 0 0.0496 -4.4807 0 0.1347 -4.4168 0 0.0251
3 15 -4.4168 0 0.0251 -4.4807 0 0.1347 -4.4424 0 0.007
4 15 -4.6036 0 -0.0924 -4.5187 0 -0.0307 -4.8044 0 0.0068 -4.9863 0 -0.1202
4 15 -2.7942 0 -0.12 -3.1786 0 -0.5574 -3.0536 0 -1.1059 -2.6467 0 -0.5546
4 15 -4.7261 0 -0.2195 -4.6036 0 -0.0924 -4.9863 0 -0.1202 -5.132 0 -0.2692
4 15 -4.8365 0 -0.3861 -4.7261 0 -0.2195 -5.132 0 -0.2692 -5.2352 0 -0.4217
4 15 -4.8911 0 -0.5131 -4.8365 0 -0.3861 -5.2352 0 -0.4217 -5.3047 0 -0.5765
4 15 -2.6467 0 -0.5546 -1.9859 0 0.4719 -2.366 0 0.4473 -2.7942 0 -0.12
4 15 -3.1786 0 -0.5574 -3.5072 0 -0.8624 -3.3367 0 -1.4177 -3.0536 0 -1.1059
4 15 -4.9157 0 -0.614 -4.8911 0 -0.5131 -5.3047 0 -0.5765 -5.3409 0 -0.7184
4 15 -4.922 0 -0.6929 -4.9157 0 -0.614 -5.3409 0 -0.7184 -5.3511 0 -0.8522
4 15 -4.9122 0 -0.7983 -4.922 0 -0.6929 -5.3511 0 -0.8522 -5.3458 0 -0.9447
4 15 -3.5072 0 -0.8624 -3.8215 0 -1.0804 -3.577 0 -1.6155 -3.3367 0 -1.4177
4 15 -4.8826 0 -0.9046 -4.9122 0 -0.7983 -5.3458 0 -0.9447 -5.311 0 -1.1329
4 15 -4.8316 0 -1.0084 -4.8826 0 -0.9046 -5.311 0 -1.1329 -5.2479 0 -1.298
4 15 -4.7889 0 -1.0683 -4.8316 0 -1.0084 -5.2479 0 -1.298 -5.1573 0 -1.4448
4 15 -3.8215 0 -1.0804 -4.0503 0 -1.1848 -3.7664 0 -1.7219 -3.577 0 -1.6155
4 15 -4.7274 0 -1.1314 -4.7889 0 -1.0683 -5.1573 0 -1.4448 -5.0377 0 -1.574
4 15 -4.6624 0 -1.178 -4.7274 0 -1.1314 -5.0377 0 -1.574 -4.8957 0 -1.678
4 15 -4.0503 0 -1.1848 -4.2099 0 -1.2261 -3.9702 0 -1.7904 -3.7664 0 -1.7219
4 15 -4.5946 0 -1.2104 -4.6624 0 -1.178 -4.8957 0 -1.678 -4.7365 0 -1.7549
4 15 -4.5421 0 -1.2261 -4.5946 0 -1.2104 -4.7365 0 -1.7549 -4.5524 0 -1.8066
4 15 -4.2099 0 -1.2261 -4.352 0 -1.2384 -4.2245 0 -1.8243 -3.9702 0 -1.7904
4 15 -4.4793 0 -1.2373 -4.5421 0 -1.2261 -4.5524 0 -1.8066 -4.3336 0 -1.8269
4 15 -4.352 0 -1.2384 -4.3854 0 -1.2389 -4.3336 0 -1.8269 -4.2245 0 -1.8243
3 15 -4.3336 0 -1.8269 -4.3854 0 -1.2389 -4.4793 0 -1.2373
0 // Letter "o"
4 15 -0.803 0 0.1839 -1.002 0 0.1582 -1.0288 0 -0.1252 -0.7649 0 0.181
4 15 -0.7394 0 0.1746 -0.7649 0 0.181 -1.0288 0 -0.1252 -0.7208 0 0.1663
4 15 -0.3228 0 0.1645 -0.3495 0 0.1656 -0.4768 0 -0.0281 -0.3091 0 0.1616
4 15 -0.7068 0 0.1568 -0.7208 0 0.1663 -1.0288 0 -0.1252 -0.6942 0 0.1448
4 15 -0.2972 0 0.1568 -0.3091 0 0.1616 -0.4768 0 -0.0281 -0.2845 0 0.1487
3 15 -0.403 0 0.1548 -0.4768 0 -0.0281 -0.3786 0 0.1625
3 15 -0.2845 0 0.1487 -0.4768 0 -0.0281 -0.276 0 0.1411
4 15 -0.6617 0 0.1051 -0.671 0 0.118 -0.8491 0 -0.0443 -0.6525 0 0.0934
4 15 -0.6452 0 0.0796 -0.6525 0 0.0934 -0.8491 0 -0.0443 -0.6407 0 0.0644
4 15 -0.2246 0 0.0792 -0.4354 0 -0.0897 -0.3919 0 -0.1824 -0.1672 0 -0.0229
4 15 -0.6388 0 0.0474 -0.6407 0 0.0644 -0.8491 0 -0.0443 -0.6398 0 0.0267
3 15 -0.4936 0 0.0308 -0.4965 0 -0.006 -0.4768 0 -0.0281
3 15 -0.6398 0 0.0267 -0.8491 0 -0.0443 -0.6437 0 0.0061
4 15 -0.1672 0 -0.0229 -0.3919 0 -0.1824 -0.3631 0 -0.286 -0.114 0 -0.1764
4 15 -0.4768 0 -0.0281 -0.3495 0 0.1656 -0.3545 0 0.1655 -0.3786 0 0.1625
4 15 -0.4768 0 -0.0281 -0.403 0 0.1548 -0.4261 0 0.1423 -0.447 0 0.1251
4 15 -0.4768 0 -0.0281 -0.447 0 0.1251 -0.4548 0 0.1167 -0.4724 0 0.0917
4 15 -0.4768 0 -0.0281 -0.4724 0 0.0917 -0.4851 0 0.0639 -0.4936 0 0.0308
4 15 -0.4768 0 -0.0281 -0.4354 0 -0.0897 -0.2246 0 0.0792 -0.276 0 0.1411
4 15 -0.8491 0 -0.0443 -0.671 0 0.118 -0.679 0 0.128 -1.0288 0 -0.1252
4 15 -1.0288 0 -0.1252 -1.002 0 0.1582 -1.1693 0 0.104 -1.1899 0 -0.2344
3 15 -1.0288 0 -0.1252 -0.679 0 0.128 -0.6942 0 0.1448
4 15 -0.114 0 -0.1764 -0.3631 0 -0.286 -0.3555 0 -0.3677 -0.0879 0 -0.3365
4 15 -1.1899 0 -0.2344 -1.1693 0 0.104 -1.3285 0 0.019 -1.336 0 -0.3735
4 15 -0.0879 0 -0.3365 -0.3555 0 -0.3677 -0.356 0 -0.3959 -0.0859 0 -0.3922
4 15 -1.336 0 -0.3735 -1.3285 0 0.019 -1.4763 0 -0.0959 -1.416 0 -0.4721
4 15 -0.0859 0 -0.3922 -0.356 0 -0.3959 -0.3917 0 -0.6801 -0.0874 0 -0.4842
4 15 -1.416 0 -0.4721 -1.4763 0 -0.0959 -1.6382 0 -0.2727 -1.5328 0 -0.6856
4 15 -0.0874 0 -0.4842 -0.3917 0 -0.6801 -0.4343 0 -0.8339 -0.0982 0 -0.5762
4 15 -0.0982 0 -0.5762 -0.4343 0 -0.8339 -0.4598 0 -0.8888 -0.4572 0 -1.3785
4 15 -0.0982 0 -0.5762 -0.4572 0 -1.3785 -0.2023 0 -1.0606 0.0721 0 -0.6883
4 15 -1.5328 0 -0.6856 -1.6382 0 -0.2727 -1.8267 0 -0.5762 -1.5997 0 -0.8675
4 15 -1.5997 0 -0.8675 -1.8267 0 -0.5762 -1.9416 0 -0.7953 -1.6244 0 -0.9869
4 15 -2.0474 0 -1.0053 -2.0533 0 -1.0201 -1.9799 0 -1.2997 -1.6296 0 -1.1148
4 15 -1.6296 0 -1.1148 -1.6244 0 -0.9869 -1.9416 0 -0.7953 -2.0474 0 -1.0053
4 15 -2.1409 0 -1.1494 -2.3232 0 -1.3119 -2.0502 0 -1.381 -2.0032 0 -1.3358
3 15 -2.1409 0 -1.1494 -2.0032 0 -1.3358 -1.9864 0 -1.3129
4 15 -1.6163 0 -1.2062 -1.6296 0 -1.1148 -1.9799 0 -1.2997 -1.9597 0 -1.3826
4 15 -1.5917 0 -1.2802 -1.6163 0 -1.2062 -1.9597 0 -1.3826 -1.9161 0 -1.4871
3 15 -0.7701 0 -1.2895 -0.6957 0 -1.5914 -0.6034 0 -1.105
3 15 -1.9799 0 -1.2997 -2.0533 0 -1.0201 -2.083 0 -1.0751
4 15 -1.9799 0 -1.2997 -2.083 0 -1.0751 -2.1409 0 -1.1494 -1.9864 0 -1.3129
4 15 -2.3232 0 -1.3119 -2.3706 0 -1.3494 -2.2526 0 -1.5179 -2.0502 0 -1.381
4 15 -1.5565 0 -1.3442 -1.5917 0 -1.2802 -1.9161 0 -1.4871 -1.8543 0 -1.5803
4 15 -2.3706 0 -1.3494 -2.4623 0 -1.4179 -2.2987 0 -1.5449 -2.2526 0 -1.5179
4 15 -0.4572 0 -1.3785 -0.4598 0 -0.8888 -0.6034 0 -1.105 -0.6957 0 -1.5914
4 15 -1.512 0 -1.3976 -1.5565 0 -1.3442 -1.8543 0 -1.5803 -1.7822 0 -1.6546
4 15 -2.4623 0 -1.4179 -2.4779 0 -1.4262 -2.3941 0 -1.584 -2.383 0 -1.5829
4 15 -2.4779 0 -1.4262 -2.4849 0 -1.4285 -2.4721 0 -1.4937 -2.4429 0 -1.5388
4 15 -2.4779 0 -1.4262 -2.4429 0 -1.5388 -2.4012 0 -1.5824 -2.3941 0 -1.584
4 15 -1.4615 0 -1.4388 -1.512 0 -1.3976 -1.7822 0 -1.6546 -1.6858 0 -1.7229
4 15 -1.4052 0 -1.4692 -1.4615 0 -1.4388 -1.6858 0 -1.7229 -1.5762 0 -1.7738
4 15 -1.3425 0 -1.4895 -1.4052 0 -1.4692 -1.5762 0 -1.7738 -1.4457 0 -1.8083
4 15 -1.3425 0 -1.4895 -1.4457 0 -1.8083 -1.2995 0 -1.8207 -1.2276 0 -1.4966
4 15 -2.4721 0 -1.4937 -2.4849 0 -1.4285 -2.4918 0 -1.4288 -2.4885 0 -1.455
4 15 -2.3531 0 -1.5724 -2.2987 0 -1.5449 -2.4623 0 -1.4179 -2.3658 0 -1.5776
3 15 -2.3658 0 -1.5776 -2.4623 0 -1.4179 -2.383 0 -1.5829
4 15 -0.6957 0 -1.5914 -0.7701 0 -1.2895 -0.905 0 -1.393 -0.8888 0 -1.7129
4 15 -0.8888 0 -1.7129 -0.905 0 -1.393 -1.0124 0 -1.4489 -1.0538 0 -1.7814
4 15 -1.0538 0 -1.7814 -1.0124 0 -1.4489 -1.1177 0 -1.4825 -1.199 0 -1.814
4 15 -1.199 0 -1.814 -1.1177 0 -1.4825 -1.2276 0 -1.4966 -1.2995 0 -1.8207
0 // Letter "r"
4 15 0.8826 0 0.2452 0.8107 0 0.2423 0.789 0 -0.1115 0.8117 0 -0.1214
4 15 0.8107 0 0.2423 0.7672 0 0.2333 0.7635 0 -0.1055 0.789 0 -0.1115
4 15 1.0264 0 0.2365 0.8826 0 0.2452 0.8117 0 -0.1214 0.831 0 -0.1345
4 15 0.7672 0 0.2333 0.7356 0 0.2207 0.7539 0 -0.1045 0.7635 0 -0.1055
4 15 1.0999 0 0.2182 1.0264 0 0.2365 0.831 0 -0.1345 1.1524 0 0.195
4 15 1.8866 0 0.2155 1.7901 0 0.2067 1.5937 0 -0.2084 1.6275 0 -0.2855
4 15 1.8866 0 0.2155 1.6275 0 -0.2855 1.6604 0 -0.3357 1.6971 0 -0.375
4 15 1.8866 0 0.2155 1.6971 0 -0.375 1.7393 0 -0.4063 1.786 0 -0.4292
4 15 1.8866 0 0.2155 1.786 0 -0.4292 1.8431 0 -0.4455 1.931 0 -0.4536
4 15 1.1524 0 0.195 0.831 0 -0.1345 0.8469 0 -0.1502 1.1917 0 0.1687
4 15 1.1917 0 0.1687 0.8469 0 -0.1502 0.8496 0 -0.1535 1.2241 0 0.1371
4 15 1.609 0 0.1375 1.4965 0 0.0574 1.5358 0 -0.2359 1.5937 0 -0.2084
4 15 1.2241 0 0.1371 0.8496 0 -0.1535 0.861 0 -0.171 1.2498 0 0.1002
4 15 2.2028 0 0.0737 2.1689 0 0.1157 1.941 0 -0.4531 2.228 0 0.0277
4 15 1.2689 0 0.0581 1.2498 0 0.1002 0.861 0 -0.171 0.8689 0 -0.1898
4 15 1.4965 0 0.0574 1.2811 0 -0.1594 1.5 0 -0.2622 1.5358 0 -0.2359
4 15 1.2821 0 0.0075 1.2689 0 0.0581 0.8689 0 -0.1898 1.2883 0 -0.0706
4 15 2.2458 0 -0.0243 2.228 0 0.0277 1.941 0 -0.4531 2.2548 0 -0.0811
3 15 2.2556 0 -0.1043 1.9968 0 -0.4448 2.0529 0 -0.4253
4 15 0.7539 0 -0.1045 0.7356 0 0.2207 0.7198 0 0.2153 0.7273 0 -0.1069
4 15 0.7273 0 -0.1069 0.7198 0 0.2153 0.6401 0 0.1775 0.6824 0 -0.1191
4 15 0.6824 0 -0.1191 0.6401 0 0.1775 0.5355 0 0.1066 0.6039 0 -0.1562
4 15 0.6039 0 -0.1562 0.5355 0 0.1066 0.321 0 -0.0904 0.4631 0 -0.2559
4 15 1.2811 0 -0.1594 1.2883 0 -0.0706 0.8689 0 -0.1898 0.8731 0 -0.2098
3 15 1.2811 0 -0.1594 0.8731 0 -0.2098 0.8736 0 -0.2309
3 15 1.2811 0 -0.1594 0.8736 0 -0.2309 0.8703 0 -0.2516
3 15 1.2811 0 -0.1594 0.8703 0 -0.2516 0.8115 0 -0.4446
3 15 1.2811 0 -0.1594 1.4681 0 -0.2963 1.5 0 -0.2622
3 15 1.2811 0 -0.1594 1.4426 0 -0.3369 1.4681 0 -0.2963
4 15 1.2811 0 -0.1594 0.8115 0 -0.4446 0.711 0 -0.6561 0.5639 0 -1.79
4 15 1.5937 0 -0.2084 1.7901 0 0.2067 1.702 0 0.1823 1.609 0 0.1375
3 15 2.2243 0 -0.2412 2.1442 0 -0.3613 2.1879 0 -0.3083
4 15 0.3923 0 -0.3189 0.4631 0 -0.2559 0.321 0 -0.0904 -0.0982 0 -0.5762
3 15 0.3923 0 -0.3189 -0.0982 0 -0.5762 0.0721 0 -0.6883
4 15 2.1442 0 -0.3613 2.2243 0 -0.2412 2.2465 0 -0.1725 2.1 0 -0.3983
4 15 2.1 0 -0.3983 2.2465 0 -0.1725 2.2556 0 -0.1043 2.0529 0 -0.4253
4 15 1.4175 0 -0.3998 1.4426 0 -0.3369 1.2811 0 -0.1594 1.1708 0 -0.6682
3 15 1.4175 0 -0.3998 1.1708 0 -0.6682 1.3976 0 -0.4903
4 15 1.9968 0 -0.4448 2.2556 0 -0.1043 2.2548 0 -0.0811 1.941 0 -0.4531
4 15 1.941 0 -0.4531 1.9246 0 0.2146 1.8866 0 0.2155 1.931 0 -0.4536
4 15 1.941 0 -0.4531 2.0734 0 0.1815 2.0124 0 0.2022 1.9246 0 0.2146
4 15 1.941 0 -0.4531 2.1689 0 0.1157 2.1273 0 0.1511 2.0734 0 0.1815
3 15 1.3921 0 -0.5523 1.3976 0 -0.4903 1.1708 0 -0.6682
3 15 2.3172 0 -0.5946 2.225 0 -0.6757 2.2067 0 -0.9994
4 15 1.3981 0 -0.6104 1.3921 0 -0.5523 1.1708 0 -0.6682 1.1881 0 -0.7269
4 15 1.4138 0 -0.6626 1.3981 0 -0.6104 1.1881 0 -0.7269 1.2408 0 -0.8514
3 15 1.1708 0 -0.6682 1.2811 0 -0.1594 0.8695 0 -1.2199
4 15 1.4382 0 -0.7098 1.4138 0 -0.6626 1.2408 0 -0.8514 1.2876 0 -0.9234
4 15 1.4665 0 -0.7471 1.4382 0 -0.7098 1.2876 0 -0.9234 1.3397 0 -0.9793
4 15 1.5066 0 -0.7844 1.4665 0 -0.7471 1.3397 0 -0.9793 1.3988 0 -1.0231
4 15 1.5545 0 -0.815 1.5066 0 -0.7844 1.3988 0 -1.0231 1.4645 0 -1.0552
4 15 1.6096 0 -0.8373 1.5545 0 -0.815 1.4645 0 -1.0552 1.5469 0 -1.0787
4 15 1.6709 0 -0.8499 1.6096 0 -0.8373 1.5469 0 -1.0787 1.6673 0 -1.0913
4 15 2.2067 0 -0.9994 2.9298 0 -0.003 2.6916 0 -0.2138 2.3172 0 -0.5946
3 15 2.2067 0 -0.9994 2.225 0 -0.6757 2.1067 0 -0.7578
4 15 2.2067 0 -0.9994 2.1067 0 -0.7578 1.9952 0 -0.8081 2.0768 0 -1.053
4 15 2.0768 0 -1.053 1.9952 0 -0.8081 1.865 0 -0.8405 1.9375 0 -1.0826
4 15 1.9375 0 -1.0826 1.865 0 -0.8405 1.7102 0 -0.852 1.6673 0 -1.0913
3 15 1.6673 0 -1.0913 1.7102 0 -0.852 1.6709 0 -0.8499
3 15 0.8695 0 -1.2199 1.2811 0 -0.1594 0.5639 0 -1.79
3 15 0.0429 0 -1.79 0.5639 0 -1.79 0.711 0 -0.6561
0 // Letter "d"
4 15 4.8731 0 1.1217 4.0823 0 -0.2146 4.0456 0 -1.2015 5.3573 0 1.1217
4 15 3.5676 0 0.2023 3.432 0 0.1962 3.5272 0 -0.0845 3.5922 0 -0.0858
4 15 3.432 0 0.1962 3.2434 0 0.1584 3.458 0 -0.0951 3.5272 0 -0.0845
4 15 3.68 0 0.1901 3.5676 0 0.2023 3.5922 0 -0.0858 3.6501 0 -0.0972
4 15 3.7617 0 0.1654 3.68 0 0.1901 3.6501 0 -0.0972 3.8346 0 0.1278
4 15 3.2434 0 0.1584 3.0874 0 0.0952 3.3558 0 -0.1294 3.458 0 -0.0951
3 15 3.8346 0 0.1278 3.6501 0 -0.0972 3.6952 0 -0.1143
4 15 3.8346 0 0.1278 3.6952 0 -0.1143 3.7319 0 -0.1362 3.8956 0 0.0808
4 15 3.0874 0 0.0952 2.9298 0 -0.003 2.2067 0 -0.9994 2.8872 0 -0.515
3 15 3.0874 0 0.0952 3.2175 0 -0.2059 3.3558 0 -0.1294
3 15 3.0874 0 0.0952 3.0298 0 -0.3594 3.2175 0 -0.2059
3 15 3.0874 0 0.0952 2.8872 0 -0.515 3.0298 0 -0.3594
4 15 3.8956 0 0.0808 3.7319 0 -0.1362 3.7622 0 -0.1628 3.9575 0 0.0131
4 15 3.9575 0 0.0131 3.7622 0 -0.1628 3.7857 0 -0.1926 4.0233 0 -0.0917
3 15 3.7857 0 -0.1926 3.8047 0 -0.2281 4.0233 0 -0.0917
4 15 4.0823 0 -0.2146 4.0233 0 -0.0917 3.8047 0 -0.2281 3.8188 0 -0.2713
3 15 4.0823 0 -0.2146 3.8188 0 -0.2713 3.8267 0 -0.3307
3 15 4.0823 0 -0.2146 3.8267 0 -0.3307 3.8233 0 -0.401
4 15 4.0823 0 -0.2146 3.8233 0 -0.401 3.8033 0 -0.4908 3.8189 0 -0.6315
4 15 4.0823 0 -0.2146 3.8189 0 -0.6315 3.5491 0 -1.5326 4.0456 0 -1.2015
3 15 3.7514 0 -0.613 3.8189 0 -0.6315 3.8033 0 -0.4908
3 15 2.7899 0 -0.6619 2.2067 0 -0.9994 2.6753 0 -0.9212
4 15 5.0242 0 -0.7788 5.0167 0 -0.7809 5.0746 0 -0.9007 5.0341 0 -0.7793
4 15 5.0482 0 -0.783 5.0341 0 -0.7793 5.0746 0 -0.9007 5.0635 0 -0.7899
4 15 5.0788 0 -0.8004 5.0635 0 -0.7899 5.0746 0 -0.9007 5.0965 0 -0.8548
4 15 5.0878 0 -0.8093 5.0788 0 -0.8004 5.0965 0 -0.8548 5.0936 0 -0.8175
4 15 5.0996 0 -0.8426 5.0973 0 -0.8252 5.0936 0 -0.8175 5.0965 0 -0.8548
3 15 5.0996 0 -0.8426 5.0993 0 -0.8325 5.0973 0 -0.8252
4 15 5.0746 0 -0.9007 5.0167 0 -0.7809 5.0085 0 -0.7853 4.9926 0 -0.7979
4 15 5.0746 0 -0.9007 4.9926 0 -0.7979 4.9804 0 -0.81 5.011 0 -0.9995
3 15 3.609 0 -0.9472 3.5491 0 -1.5326 3.8189 0 -0.6315
3 15 2.2067 0 -0.9994 2.7899 0 -0.6619 2.8872 0 -0.515
4 15 2.2067 0 -0.9994 2.1882 0 -1.108 2.6351 0 -1.1637 2.6419 0 -1.0605
4 15 5.011 0 -0.9995 4.9804 0 -0.81 4.9344 0 -0.8644 5.0019 0 -1.0115
4 15 5.0019 0 -1.0115 4.9344 0 -0.8644 4.6124 0 -1.177 4.7273 0 -1.3295
3 15 2.6436 0 -1.0481 2.6753 0 -0.9212 2.2067 0 -0.9994
3 15 2.6436 0 -1.0481 2.2067 0 -0.9994 2.6419 0 -1.0605
4 15 2.6351 0 -1.1637 2.1882 0 -1.108 2.1882 0 -1.2478 2.2088 0 -1.3632
4 15 2.6458 0 -1.262 2.6351 0 -1.1637 2.2088 0 -1.3632 2.2436 0 -1.459
3 15 3.3117 0 -1.2749 3.5491 0 -1.5326 3.396 0 -1.1955
4 15 2.6604 0 -1.3174 2.6458 0 -1.262 2.2436 0 -1.459 2.2635 0 -1.5014
4 15 4.7273 0 -1.3295 4.6124 0 -1.177 4.3298 0 -1.3959 4.4875 0 -1.5497
4 15 2.68 0 -1.3639 2.6604 0 -1.3174 2.2635 0 -1.5014 2.3199 0 -1.5922
3 15 3.9677 0 -1.3793 3.5491 0 -1.5326 3.9654 0 -1.4058
4 15 2.6959 0 -1.3893 2.68 0 -1.3639 2.3199 0 -1.5922 2.3726 0 -1.6512
4 15 2.7089 0 -1.4041 2.6959 0 -1.3893 2.3726 0 -1.6512 2.4372 0 -1.7024
4 15 2.7156 0 -1.4099 2.7089 0 -1.4041 2.4372 0 -1.7024 2.5145 0 -1.7428
4 15 2.7496 0 -1.4313 2.7156 0 -1.4099 2.5145 0 -1.7428 2.6021 0 -1.7697
3 15 3.969 0 -1.4342 3.9659 0 -1.416 3.5491 0 -1.5326
4 15 2.7969 0 -1.4505 2.7496 0 -1.4313 2.6021 0 -1.7697 2.7278 0 -1.7838
4 15 3.975 0 -1.4506 3.969 0 -1.4342 3.5491 0 -1.5326 3.5692 0 -1.6137
4 15 3.975 0 -1.4506 3.5692 0 -1.6137 3.5933 0 -1.6681 3.6174 0 -1.7037
3 15 2.8532 0 -1.4625 2.7874 0 -1.7824 2.9179 0 -1.4647
4 15 3.9829 0 -1.4644 3.975 0 -1.4506 3.6174 0 -1.7037 3.6472 0 -1.734
4 15 4.1936 0 -1.4697 4.1182 0 -1.495 4.1336 0 -1.7549 4.2921 0 -1.6819
4 15 3.9922 0 -1.4756 3.9829 0 -1.4644 3.6472 0 -1.734 3.6834 0 -1.759
4 15 3.9922 0 -1.4756 3.6834 0 -1.759 3.7274 0 -1.7787 4.0034 0 -1.485
4 15 4.0175 0 -1.4931 3.7882 0 -1.7942 3.8924 0 -1.8022 4.0339 0 -1.4987
3 15 3.5491 0 -1.5326 3.609 0 -0.9472 3.396 0 -1.1955
4 15 3.5491 0 -1.5326 3.3117 0 -1.2749 3.1802 0 -1.3729 3.4889 0 -1.576
3 15 3.5491 0 -1.5326 3.9942 0 -1.2996 4.0456 0 -1.2015
3 15 3.5491 0 -1.5326 3.9774 0 -1.3413 3.9942 0 -1.2996
3 15 3.5491 0 -1.5326 3.9677 0 -1.3793 3.9774 0 -1.3413
3 15 3.5491 0 -1.5326 3.9659 0 -1.416 3.9654 0 -1.4058
4 15 4.4875 0 -1.5497 4.3298 0 -1.3959 4.1936 0 -1.4697 4.2921 0 -1.6819
4 15 3.4889 0 -1.576 3.1802 0 -1.3729 3.0746 0 -1.4275 3.3079 0 -1.6653
4 15 3.3079 0 -1.6653 3.0746 0 -1.4275 2.9855 0 -1.4556 3.0404 0 -1.7479
4 15 3.0404 0 -1.7479 2.9855 0 -1.4556 2.9179 0 -1.4647 2.7874 0 -1.7824
3 15 4.1336 0 -1.7549 4.1182 0 -1.495 4.0702 0 -1.5019
4 15 4.1336 0 -1.7549 4.0702 0 -1.5019 4.0536 0 -1.5017 3.9967 0 -1.7916
4 15 3.7274 0 -1.7787 3.7882 0 -1.7942 4.0175 0 -1.4931 4.0034 0 -1.485
4 15 2.7874 0 -1.7824 2.8532 0 -1.4625 2.7969 0 -1.4505 2.7278 0 -1.7838
4 15 3.9967 0 -1.7916 4.0536 0 -1.5017 4.0339 0 -1.4987 3.8924 0 -1.8022
