0 ~Tile  2 x  2 with 1/4 Circular Cutout without Top Surface
0 Name: s\u9251s01.dat
0 Author: Steffen [Steffen]
0 !LDRAW_ORG Unofficial_Subpart
0 !LICENSE Redistributable under CCAL version 2.0 : see CAreadme.txt

0 BFC CERTIFY CCW

4 16 -20 0 20 -20 8 20 -20 8 -20 -20 0 -20
4 16 -20 0 -20 -20 8 -20 20 8 -20 20 0 -20
4 16 20 0 -20 20 8 -20 20 8 0 20 0 0
4 16 0 0 20 0 8 20 -20 8 20 -20 0 20
4 16 -20 8 20 -16 8 16 -16 8 -16 -20 8 -20
4 16 -20 8 -20 -16 8 -16 16 8 -16 20 8 -20
1 16 0 4 0 6 0 0 0 -1 0 0 0 6 1-4disc.dat
1 16 20 0 20 -20 0 0 0 1 0 0 0 -20 1-4edge.dat
1 16 20 8 20 -20 0 0 0 1 0 0 0 -20 1-4edge.dat
0 BFC INVERTNEXT
1 16 20 0 20 -20 0 0 0 8 0 0 0 -20 1-4cyli.dat
1 16 20 8 20 -2 0 0 0 -1 0 0 0 -2 1-4rin10.dat
1 16 20 8 20 -2 0 0 0 -1 0 0 0 -2 1-16ring11.dat
1 16 20 8 20 -0.765367 0 1.84776 0 -1 0 -1.84776 0 -0.765367 1-16ring11.dat
2 24 -16 4 16 -16 4 -16
2 24 -16 4 -16 16 4 -16
2 24 -16 8 16 -16 8 -16
2 24 -16 8 -16 16 8 -16
2 24 -16 8 16 -16 4 16
2 24 -16 8 -16 -16 4 -16
2 24 16 8 -16 16 4 -16
4 16 -16 4 -16 -16 4 16 0 4 8 0 4 0
4 16 -16 4 -16 0 4 0 8 4 0 16 4 -16
4 16 -16 4 -16 -16 8 -16 -16 8 16 -16 4 16
4 16 16 4 -16 16 8 -16 -16 8 -16 -16 4 -16
2 24 -20 0 20 -20 0 -20
2 24 -20 0 -20 20 0 -20
2 24 20 0 -20 20 0 0
2 24 0 0 20 -20 0 20
2 24 -20 8 20 -20 8 -20
2 24 -20 8 -20 20 8 -20
2 24 20 8 -20 20 8 0
2 24 0 8 20 -20 8 20
2 24 -20 8 20 -20 0 20
2 24 -20 8 -20 -20 0 -20
2 24 20 8 0 20 0 0
2 24 0 8 20 0 0 20
2 24 20 8 -20 20 0 -20
2 24 -3.20479 4 16 -16 4 16
2 24 -3.20479 8 16 -16 8 16
4 16 -3.20479 4 16 -16 4 16 -16 8 16 -3.20479 8 16
2 24 16 4 -3.20479 16 4 -16
2 24 16 8 -3.20479 16 8 -16
4 16 16 8 -3.20479 16 8 -16 16 4 -16 16 4 -3.20479
4 16 20 8 -20 16 8 -16 16 8 -3.20479 20 8 -4
4 16 -4 8 20 -3.205 8 16 -16 8 16 -20 8 20
1 16 0 4 0 1 0 0 0 -1 0 0 0 -1 3-4stud4.dat
1 16 0 8 0 6 0 0 0 6 0 0 0 6 1-4edge.dat
0 BFC INVERTNEXT
1 16 0 4 0 6 0 0 0 4 0 0 0 6 1-4cyli.dat
1 16 0 4 0 6 0 0 0 6 0 0 0 6 1-4edge.dat
2 24 -3.20479 8 16 -3.20479 4 16
2 24 16 8 -3.20479 16 4 -3.20479
2 24 0 4 8 0 8 8
2 24 8 4 0 8 8 0
3 16 -3.20479 4 16 -2.174 4 10.815 -16 4 16
3 16 -16 4 16 -2.174 4 10.815 0 4 8
3 16 8 4 0 10.815 4 -2.174 16 4 -16
3 16 16 4 -16 10.815 4 -2.174 16 4 -3.205
2 24 8 8 0 10.815 8 -2.174
4 16 8 8 0 10.815 8 -2.174 10.815 4 -2.174 8 4 0
2 24 10.815 8 -2.174 16 8 -3.20479
4 16 10.815 8 -2.174 16 8 -3.20479 16 4 -3.20479 10.815 4 -2.174
2 24 8 4 0 10.815 4 -2.174
2 24 10.815 4 -2.174 16 4 -3.20479
2 24 -3.20479 8 16 -2.174 8 10.815
4 16 -3.20479 8 16 -2.174 8 10.815 -2.174 4 10.815 -3.20479 4 16
2 24 -2.174 8 10.815 0 8 8
4 16 -2.174 8 10.815 0 8 8 0 4 8 -2.174 4 10.815
2 24 -3.20479 4 16 -2.174 4 10.815
2 24 -2.174 4 10.815 0 4 8
3 16 0 8 8 2.296 8 5.543 0 8 6
3 16 6 8 0 5.543 8 2.296 8 8 0
3 16 -2.174 8 10.815 -0.326 8 11.581 0 8 8
4 16 0 8 8 -0.326 8 11.581 4.243 8 4.243 2.296 8 5.543
3 16 -0.326 8 11.581 4.444 8 4.444 4.243 8 4.243
3 16 8 8 0 11.581 8 -0.326 10.815 8 -2.174
4 16 5.543 8 2.296 4.243 8 4.243 11.581 8 -0.326 8 8 0
3 16 4.243 8 4.243 4.444 8 4.444 11.581 8 -0.326
5 24 10.815 8 -2.174 10.815 4 -2.174 8 8 0 16 8 -3.20479
5 24 -2.174 8 10.815 -2.174 4 10.815 -3.20479 8 16 0 8 8
