0 ~Electric Spike Prime Hub Top Corner
0 Name: s\u9393s01.dat
0 Author: Philippe Hurbain [Philo]
0 !LDRAW_ORG Unofficial_Subpart
0 !LICENSE Redistributable under CCAL version 2.0 : see CAreadme.txt

0 BFC CERTIFY CCW

1 16 60 0 100 1 0 0 0 1 0 0 0 1 connhol3.dat
1 16 60 -10 100 9 0 0 0 1 0 0 0 9 4-4edge.dat
1 16 60 -10 100 9 0 0 0 1 0 0 0 9 4-4cyli.dat
1 16 60 -9 100 9 0 0 0 1 0 0 0 -9 3-4edge.dat
1 16 60 -9 100 9 0 0 0 17 0 0 0 9 1-4cyli.dat
1 16 60 8 100 9 0 0 0 1 0 0 0 9 1-4edge.dat
1 16 60 -9 100 9 0 0 0 1 0 0 0 -9 3-4ndis.dat
1 16 60 8 100 3 0 0 0 -1 0 0 0 3 1-4ring2.dat
1 16 60 8 100 6 0 0 0 -1 0 0 0 -6 1-4ndis.dat
1 16 60 8 100 -6 0 0 0 -1 0 0 0 6 1-4ndis.dat
1 16 60 8 100 -1 0 0 0 -1 0 0 0 -1 1-4ring6.dat
0 BFC INVERTNEXT
1 16 60 8 100 -7 0 0 0 2 0 0 0 -7 1-4cylo.dat
2 24 69 8 93 69 8 100
4 16 69 8 93 66 8 94 66 8 100 69 8 100
4 16 66 8 94 69 8 93 60 8 93 60 8 94
1 16 64.5 9 93 0 0 4.5 -1 0 0 0 -1 0 rect3.dat
2 24 53 8 109 60 8 109
4 16 60 8 106 54 8 106 53 8 109 60 8 109
4 16 53 8 100 53 8 109 54 8 106 54 8 100
1 16 53 9 104.5 0 -1 0 1 0 0 0 0 4.5 rect3.dat
0 BFC INVERTNEXT
1 16 66 -4 13.5 0 3 0 -2 0 0 0 0 2 1-4cylo.dat
0 BFC INVERTNEXT
1 16 66 -4 53.5 0 3 0 -2 0 0 0 0 2 1-4cylo.dat
0 BFC INVERTNEXT
1 16 66 -4 26.5 0 3 0 -2 0 0 0 0 -2 1-4cylo.dat
1 16 67.5 -6 40 1.5 0 0 0 -1 0 0 0 -13.5 rect1.dat
1 16 66 -4 13.5 0 1 0 -2 0 0 0 0 2 1-4ndis.dat
1 16 66 -4 53.5 0 1 0 -2 0 0 0 0 2 1-4ndis.dat
1 16 66 -4 26.5 0 1 0 -2 0 0 0 0 -2 1-4ndis.dat
1 16 69 -4 13.5 0 -1 0 -2 0 0 0 0 2 1-4ndis.dat
1 16 69 -4 53.5 0 -1 0 -2 0 0 0 0 2 1-4ndis.dat
1 16 69 -4 26.5 0 -1 0 -2 0 0 0 0 -2 1-4ndis.dat
4 16 69 8 100 69 -9 100 69 -9 91 69 8 93
4 16 60 -9 109 60 8 109 53 8 109 51 -9 109
2 24 69 10 64 69 10 93
4 16 69 8 93 69 6 60 69 10 64 69 10 93
4 16 69 6 60 69 8 93 69 -9 91 69 -6 55.5
3 16 69 -6 55.5 69 6 55.5 69 6 60
1 16 69 0 20 0 -1 0 6 0 0 0 0 4.5 rect1.dat
1 16 66 0 20 0 1 0 6 0 0 0 0 -4.5 rect1.dat
2 24 66 -6 26.5 66 -6 13.5
1 16 67.5 1 15.5 -1.5 0 0 0 0 5 0 1 0 rect3.dat
1 16 67.5 6 20 0 0 1.5 0 -1 0 4.5 0 0 rect1.dat
1 16 67.5 1 24.5 0 0 -1.5 5 0 0 0 -1 0 rect2p.dat
1 16 67.5 8 62 -1.5 0 0 0 -1 2 0 0 2 rect.dat
1 16 67.5 6 57.75 1.5 0 0 0 -1 0 0 0 -2.25 rect3.dat
1 16 67.5 1 55.5 0 0 1.5 5 0 0 0 1 0 rect2p.dat
3 16 69 -6 13.5 69 -6 55.5 69 -9 91
1 16 60 10 100 -8.75 0 0 0 -16 0 0 0 -8.75 1-4cylo.dat
1 16 60 10 100 -1.75 0 0 0 -1 0 0 0 -1.75 1-4ring4.dat
2 24 66 10 64 66 10 91.25
4 16 69 10 93 66 10 91.25 60 10 91.25 60 10 93
1 16 63 2 91.25 0 0 3 8 0 0 0 1 0 rect3.dat
4 16 66 6 60 66 -6 91.25 66 10 91.25 66 10 64
4 16 66 -6 91.25 66 6 60 66 6 55.5 66 -6 55.5
4 16 66 10 64 66 10 91.25 69 10 93 69 10 64
4 16 51.25 10 100 51.25 10 106 53 10 109 53 10 100
1 16 51.25 2 103 0 1 0 -8 0 0 0 0 3 rect3.dat
2 24 66 -6 91.25 66 -6 53.5
