0 ~Electric Spike Prime Hub Bottom Corner
0 Name: s\u9402s01.dat
0 Author: Philippe Hurbain [Philo]
0 !LDRAW_ORG Unofficial_Subpart
0 !LICENSE Redistributable under CCAL version 2.0 : see CAreadme.txt

0 BFC CERTIFY CCW

1 16 60 20 100 -1 0 0 0 -1 0 0 0 -1 connhol3.dat
1 16 60 20 80 0 -1 0 1 0 0 0 0 -1 connhol3.dat
1 16 70 10 80 0 -14 0 0 0 1 1 0 0 npeghole.dat
1 16 60 0 80 0 -1 0 1 0 0 0 0 -1 connhol3.dat
1 16 70 -10 80 0 -14 0 0 0 1 1 0 0 npeghol2.dat
1 16 60 -20 80 0 -1 0 1 0 0 0 0 -1 connhol3.dat
1 16 60 20 40 0 -1 0 1 0 0 0 0 -1 connhol3.dat
1 16 60 20 60 -1 0 0 0 -1 0 0 0 -1 connhol3.dat
1 16 40 20 100 0 0 1 1 0 0 0 -1 0 connhol3.dat
1 16 40 10 110 -1 0 0 0 0 1 0 -14 0 npeghol2.dat
1 16 40 0 100 0 0 1 1 0 0 0 -1 0 connhol3.dat
1 16 40 -10 110 -1 0 0 0 0 1 0 -14 0 npeghol2.dat
1 16 40 -20 100 0 0 1 1 0 0 0 -1 0 connhol3.dat
1 16 60 20 60 1 0 0 0 1 0 0 0 -1 s\u9365s02.dat
1 16 20 20 100 -1 0 0 0 -1 0 0 0 -1 connhol3.dat
1 16 40 20 100 0 0 1 1 0 0 0 -1 0 s\u9365s02.dat
1 16 60 30 100 9 0 0 0 -18 0 0 0 9 1-4cylo.dat
1 16 60 -30 100 9 0 0 0 40 0 0 0 9 1-4cylo.dat
1 16 60 12 100 3 0 0 0 1 0 0 0 3 1-4ring2.dat
1 16 60 12 100 6 0 0 0 1 0 0 0 -6 1-4ndis.dat
1 16 60 12 100 -6 0 0 0 1 0 0 0 6 1-4ndis.dat
1 16 60 12 100 -1 0 0 0 1 0 0 0 -1 1-4ring6.dat
0 BFC INVERTNEXT
1 16 60 12 100 -7 0 0 0 -2 0 0 0 -7 1-4cylo.dat
2 24 69 12 93 69 12 100
4 16 66 12 100 66 12 94 69 12 93 69 12 100
4 16 60 12 93 69 12 93 66 12 94 60 12 94
1 16 64.5 11 93 0 0 4.5 -1 0 0 0 -1 0 rect3.dat
2 24 53 12 109 60 12 109
4 16 53 12 109 54 12 106 60 12 106 60 12 109
4 16 54 12 106 53 12 109 53 12 100 54 12 100
1 16 53 11 104.5 0 -1 0 1 0 0 0 0 4.5 rect3.dat
1 16 60 10 100 9 0 0 0 -1 0 0 0 9 1-4chrd.dat
1 16 60 10 100 -7 0 0 0 -1 0 0 0 -7 1-4chrd.dat
4 16 53 10 100 60 10 109 69 10 100 60 10 93
3 16 60 10 109 53 10 100 53 10 109
3 16 60 10 93 69 10 100 69 10 93
1 16 60 -30 100 9 0 0 0 1 0 0 0 9 1-4chrd.dat
1 16 60 -30 100 -7 0 0 0 1 0 0 0 -7 1-4chrd.dat
4 16 69 -30 100 60 -30 109 53 -30 100 60 -30 93
3 16 53 -30 100 60 -30 109 53 -30 109
3 16 60 -30 93 69 -30 93 69 -30 100
1 16 69 -10 96.5 0 -1 0 0 0 20 -3.5 0 0 rect2p.dat
1 16 56.5 -10 109 0 0 -3.5 20 0 0 0 -1 0 rect1.dat
1 16 60 30 100 9 0 0 0 -1 0 0 0 -9 1-8ndis.dat
4 16 69 12 100 69 12 93 69 30 91 69 30 100
1 16 60 30 100 0 0 -9 0 -1 0 9 0 0 1-8ndis.dat
4 16 51 30 109 53 12 109 60 12 109 60 30 109
2 24 69 -34 55.5 69 -34 60
2 24 69 -34 60 69 -30 64
2 24 69 -30 64 69 -30 93
1 16 70 0 80 0 -1 0 0 0 9 -9 0 0 1-8ndis.dat
1 16 70 0 80 0 -1 0 0 0 9 9 0 0 1-8ndis.dat
1 16 70 20 80 0 -1 0 0 0 -9 9 0 0 1-8ndis.dat
4 16 70 11 89 70 9 89 70 6.36 86.36 70 13.6361 86.3639
1 16 70 -20 80 0 -1 0 0 0 -9 9 0 0 2-4cylo.dat
1 16 70 20 80 0 -1 0 0 0 9 9 0 0 1-4cylo.dat
1 16 69.5 0 89 0 0 0.5 -20 0 0 0 -1 0 rect2p.dat
3 16 69 -29 80 69 -26.3639 86.3639 69 -30 93
3 16 69 -30 93 69 -26.3639 86.3639 69 -20 89
4 16 69 -20 89 69 20 89 69 10 93 69 -30 93
4 16 69 12 93 69 10 93 69 20 89 69 30 91
3 16 69 20 89 69 26.3639 86.3639 69 30 91
3 16 69 30 91 69 26.3639 86.3639 69 29 80
1 16 40 -20 110 9 0 0 0 0 -9 0 -1 0 2-4cylo.dat
1 16 40 20 110 9 0 0 0 0 9 0 -1 0 2-4cylo.dat
1 16 49 0 109.5 0 -1 0 20 0 0 0 0 0.5 rect2p.dat
3 16 46.3639 -26.3639 109 40 -29 109 53 -30 109
3 16 46.3639 -26.3639 109 53 -30 109 49 -20 109
4 16 53 10 109 49 20 109 49 -20 109 53 -30 109
4 16 49 20 109 53 10 109 53 12 109 51 30 109
3 16 46.3639 26.3639 109 49 20 109 51 30 109
3 16 46.3639 26.3639 109 51 30 109 40 29 109
1 16 70 20 40 0 -1 0 -9 0 0 0 0 -9 2-4cylo.dat
1 16 70 20 80 0 -1 0 9 0 0 0 0 -9 1-8ndis.dat
1 16 70 20 40 0 -1 0 9 0 0 0 0 9 1-8ndis.dat
1 16 70 20 40 0 -1 0 -9 0 0 0 0 9 1-8ndis.dat
4 16 70 11 71 70 11 49 70 13.636 46.364 70 13.636 73.63
4 16 70 11 71 70 13.636 73.63 70 6.36 73.64 70 9 71
4 16 70 26.3639 73.6361 70 26.3639 46.3639 70 29 49 70 29 71
1 16 69.5 -4.5 71 -0.5 0 0 0 0 15.5 0 1 0 rect3.dat
1 16 69.5 11 55.5 0 0 0.5 0 1 0 -15.5 0 0 rect2p.dat
1 16 69 -32 13.5 0 -1 0 2 0 0 0 0 2 1-4edge.dat
1 16 69 -32 9 0 -1 0 0 0 2 -2 0 0 1-4edge.dat
1 16 69 -32 53.5 0 -1 0 2 0 0 0 0 2 1-4edge.dat
1 16 69 -32 26.5 0 -1 0 2 0 0 0 0 -2 1-4edge.dat
1 16 69 -32 49 0 -1 0 0 0 2 -2 0 0 1-4edge.dat
1 16 69 -32 31 0 -1 0 2 0 0 0 0 2 1-4edge.dat
1 16 69 -32 13.5 0 -1 0 2 0 0 0 0 2 1-4ndis.dat
1 16 69 -32 9 0 -1 0 0 0 2 -2 0 0 1-4ndis.dat
1 16 69 -32 53.5 0 -1 0 2 0 0 0 0 2 1-4ndis.dat
1 16 69 -32 26.5 0 -1 0 2 0 0 0 0 -2 1-4ndis.dat
1 16 69 -32 49 0 -1 0 0 0 2 -2 0 0 1-4ndis.dat
1 16 69 -32 31 0 -1 0 2 0 0 0 0 2 1-4ndis.dat
2 24 69 -34 55.5 69 -32 55.5
2 24 69 -30 49 69 -30 53.5
2 24 69 -30 26.5 69 -30 31
2 24 69 -34 24.5 69 -32 24.5
2 24 69 -34 15.5 69 -32 15.5
2 24 69 -30 9 69 -30 13.5
0 BFC INVERTNEXT
1 16 69 20 10 0 -2.636 0 -9 0 0 0 0 9 1-4cylo.dat
1 16 69 20 10 0 -1 0 -9 0 0 0 0 9 1-4ndis.dat
1 16 69.5 29 60 0 0 0.5 0 -1 0 20 0 0 rect2p.dat
4 16 69 30 91 69 29 80 69 29 40 69 30 20
2 24 69 30 20 69 30 100
3 16 69 26.3639 33.6361 69 30 20 69 29 40
4 16 69 30 20 69 26.3639 33.6361 69 20 31 69 20 19
4 16 69 11 19 69 20 19 69 20 31 69 13.6361 33.6361
4 16 69 -34 60 69 -34 55.5 69 -30 55.5 69 -30 64
1 16 69 -31.25 40 0 -1 0 -1.25 0 0 0 0 -7 rect1.dat
3 16 69 -30 93 69 -30 64 69 -29 80
3 16 69 -29 80 69 -30 64 69 -26.3639 73.6361
3 16 69 -26.3639 73.6361 69 -30 64 69 -20 71
4 16 69 -20 71 69 -30 64 69 -30 55.5 69 11 71
3 16 69 -30 55.5 69 -30 47 69 11 71
3 16 69 13.6361 33.6361 69 11 40 69 11 19
1 16 69 -32 20 0 -1 0 -2 0 0 0 0 -4.5 rect1.dat
4 16 69 -30 24.5 69 -30 15.5 69 11 10 69 11 19
4 16 69 11 40 69 -30 33 69 -30 24.5 69 11 19
3 16 69 -30 15.5 69 -30 7 69 11 10
1 16 66.364 20 40 0 -12.7279 0 0 0 9 -9 0 0 1-4cylo.dat
1 16 60.0001 17 31 6.36395 0 0 0 0 -3 0 1 0 rect3.dat
2 24 53.636 14 27 53.6351 30 27
3 16 53.636 29 40 53.6361 23.4443 31.6849 53.6351 30 27
4 16 53.636 14 27 53.6351 30 27 53.6361 23.4443 31.6849 53.6361 14 31
3 16 66.3639 23.4443 31.6849 66.364 29 40 66.364 30 20
4 16 66.3639 23.4443 31.6849 66.364 30 20 66.364 14 27 66.364 14 31
1 16 60 14 29 6.36395 0 -0.00005 0 -1 0 0 0 -2 rect3.dat
2 24 66.364 30 93.636 66.364 30 66.364
1 16 60 30 100 -6.36396 0 6.36396 0 -16 0 -6.36396 0 -6.36396 1-4cylo.dat
1 16 60.0001 17 89 -6.36395 0 0 0 0 -3 0 -1 0 rect3.dat
2 24 53.636 14 93.636 53.6361 14 89
3 16 53.6361 23.4443 88.3151 53.636 29 80 53.636 30 93.6331
4 16 53.6361 23.4443 88.3151 53.636 30 93.6331 53.636 14 93.7 53.6361 14 89
3 16 66.364 29 80 66.3639 23.4443 88.3151 66.364 30 93.6331
4 16 66.364 14 93.7 66.364 30 93.6331 66.3639 23.4443 88.3151 66.364 14 89
4 16 66.364 14 89 53.6361 14 89 53.636 14 93.7 66.364 14 93.7
2 24 53.6361 30 93.6361 53.6361 30 66.3639
2 24 53.636 14 93.636 53.6361 30 93.6361
1 16 66.364 20 80 0 -12.7279 0 0 0 9 9 0 0 1-4cylo.dat
2 24 66.364 14 93.636 66.3639 14 89
2 24 66.364 14 93.636 66.364 30 93.63
1 16 60 30 60 -6.36396 0 6.36396 0 -1 0 6.36396 0 6.36396 1-4cylo.dat
1 16 60 30 60 -6.36396 0 6.36396 0 -1 0 -6.36396 0 -6.36396 1-4cylo.dat
2 24 53.636 29 66.364 53.636 30 66.364
2 24 53.636 29 66.364 53.636 29 80
2 24 66.3639 30 66.3639 66.364 29 66.364
2 24 66.364 29 66.364 66.364 29 80
4 16 66.3639 30 66.3639 66.364 29 66.364 66.364 29 80 66.3639 30 93.6361
4 16 66.364 29 80 66.364 29 69 53.6361 29 69 53.636 29 80
4 16 53.636 29 80 53.636 29 66.364 53.636 30 66.364 53.6331 30 93.636
3 16 53.636 29 66.364 53.6361 29 69 60 29 68.9999
3 16 66.364 29 69 66.364 29 66.364 60 29 68.9999
2 24 53.636 29 53.636 53.636 30 53.636
2 24 53.636 29 53.636 53.636 29 40
2 24 66.3639 30 53.6361 66.364 29 53.636
2 24 66.364 29 53.636 66.364 29 40
4 16 66.364 29 40 66.364 29 53.636 66.3639 30 53.6361 66.364 30 20
4 16 53.6361 29 51 66.364 29 51 66.364 29 40 53.636 29 40
4 16 53.636 30 53.636 53.636 29 53.636 53.636 29 40 53.6351 30 27
3 16 53.6361 29 51 53.636 29 53.636 60 29 51.0001
3 16 66.364 29 53.636 66.364 29 51 60 29 51.0001
2 24 53.636 30 53.636 53.6351 30 27
2 24 66.3639 30 53.6361 66.364 30 20
1 16 60 30 60 9 0 0 0 -1 0 0 0 -9 1-8ndis.dat
1 16 60 30 60 -9 0 0 0 -1 0 0 0 -9 1-8ndis.dat
1 16 60 30 60 9 0 0 0 -1 0 0 0 9 1-8ndis.dat
1 16 60 30 60 -9 0 0 0 -1 0 0 0 9 1-8ndis.dat
4 16 66.3639 30 93.6361 69 30 91 69 30 69 66.3639 30 66.3639
4 16 51 30 69 51 30 91 53.6331 30 93.636 53.636 30 66.364
1 16 20 30 100 0 0 9 0 -1 0 9 0 0 1-8ndis.dat
1 16 20 30 100 0 0 9 0 -1 0 -9 0 0 1-8ndis.dat
4 16 51 30 91 29 30 91 26.3639 30 93.6361 53.6331 30 93.636
4 16 26.3639 30 106.3639 29 30 109 51 30 109 53.63 30 106.364
1 16 66.364 20 10 0 1 0 -9 0 0 0 0 9 1-4ndis.dat
1 16 67.682 25 19.5 -1.318 0 0 0 0 5 0 1 0.5 rect3.dat
4 16 69 30 51 69 30 20 66.364 30 20 66.3639 30 53.6361
4 16 51 30 27 51 30 51 53.636 30 53.636 53.6351 30 27
4 16 66.364 14 27 66.364 30 20 66.364 20 19 66.364 11 19
2 24 51 30 27 53.6351 30 27
2 24 51 30 27 51 30 91
2 24 69 -32.5 33 69 -32 33
2 24 69 -32.5 47 69 -32 47
2 24 69 -32.5 7 69 -32 7
