0 Hi-Res Cone 19 x 0.0625
0 Name: 48\1-16con19.dat
0 Author: Willy Tschager [Holly-Wood]
0 !LICENSE Licensed under CC BY 4.0 : see CAreadme.txt
0 BFC CERTIFY CCW
4 16 19 1 0 18.8366 1 2.4795 19.828 0 2.61 20 0 0
4 16 18.8366 1 2.4795 18.3521 1 4.9172 19.318 0 5.176 19.828 0 2.61
4 16 18.3521 1 4.9172 17.5541 1 7.2713 18.478 0 7.654 19.318 0 5.176
5 24 19 1 0 20 0 0 19 1 -2.5023 18.8366 1 2.4795
5 24 18.8366 1 2.4795 19.828 0 2.61 19 1 0 18.3521 1 4.9172
5 24 18.3521 1 4.9172 19.318 0 5.176 18.8366 1 2.4795 17.5541 1 7.2713
5 24 17.5541 1 7.2713 18.478 0 7.654 18.3521 1 4.9172 16.5965 1 9.5817
