0 Hi-Res Chord 0.1667
0 Name: 48\1-6chrd.dat
0 Author: Philippe Hurbain [Philo]
0 !LICENSE Licensed under CC BY 4.0 : see CAreadme.txt
0 BFC CERTIFY CCW
4 16 1 0 0 0.9914 0 0.1305 0.9659 0 0.2588 0.9239 0 0.3827
0 3 16 1 0 0 0.9659 0 0.2588 0.9239 0 0.3827
4 16 1 0 0 0.9239 0 0.3827 0.866 0 0.5 0.7934 0 0.6088
0 3 16 1 0 0 0.866 0 0.5 0.7934 0 0.6088
4 16 1 0 0 0.7934 0 0.6088 0.7071 0 0.7071 0.6088 0 0.7934
0 3 16 1 0 0 0.7071 0 0.7071 0.6088 0 0.7934
3 16 0.5 0 0.866 1 0 0 0.6088 0 0.7934
0 end of file
